Features,mzmed,mzmin,mzmax,rtmed,rtmin,rtmax,npeaks,Litter,peat,peat_litter,ms_level,BNC,Bog_T0,III_Bog_N1,III_Bog_N2,II_Bog_N1,II_Bog_N2,I_Bog_N1,I_Bog_N2
FT0001,221.045600138699,221.045598176212,221.045601748536,1090.63173009443,1089.0225532742,1091.77970194718,8,1,1,6,1,4433135.81393832,1796390.8795013,2287391.2621875,1650813.40711862,1392352.97898986,1485242.27584915,1524916.41794434,1453183.25922149
FT0002,221.549829987948,221.549815687376,221.549838296282,1090.90180816807,1088.58816328454,1091.77970194718,7,1,1,5,1,1321113.35100663,506652.539716447,681597.405198646,0,298200.146796123,383164.141470336,326482.097895159,351700.809208232
FT0003,222.049351872904,222.048960386536,222.049743359272,1089.7449857263,1088.58816328454,1090.90180816807,2,1,0,1,1,685585.558411333,252519.861928932,258163.857206218,199310.617323537,168532.65357978,175712.671014547,195887.536623094,183957.043787535
FT0004,223.061244377478,223.061244377478,223.061244377478,712.079589023027,712.079589023027,712.079589023027,1,1,0,0,1,944365.169208866,62148.8920017059,52580.3534822717,57493.6374024873,19596.4135993808,40850.1221451328,240987.121668278,163566.094049282
FT0005,224.092888575486,224.092888575486,224.092888575486,1556.70774553662,1556.70774553662,1556.70774553662,1,1,0,0,1,437749.992641316,15137.4295979317,56926.4023216529,11753.1881977433,0,0,5033.62004370977,19341.1177711707
FT0006,225.040511254294,225.040511254294,225.040511254294,849.26541003471,849.26541003471,849.26541003471,1,0,1,0,1,91390.4722851696,128009.672543538,85953.151011841,67902.0500434419,89281.1006294932,108427.437656802,66242.7646854099,72644.8952674781
FT0007,225.113284832232,225.113282576818,225.113286369449,1746.91363234514,1744.29518868979,1751.60317918918,4,1,1,2,1,377529.892511721,163917.745756225,222160.2609375,128474.625523153,194165.878030579,181988.167829483,116455.761167969,213907.641146604
FT0008,227.128931372416,227.128930111233,227.128934736592,2126.84543207648,2126.40420661436,2163.22260154163,5,1,0,3,1,919960.144816196,58868.436718996,122053.004152076,128529.914538353,189446.991420084,279379.080763224,248597.661533212,269333.957096033
FT0009,227.201702816643,227.201702816643,227.201702816643,2963.6162575704,2963.6162575704,2963.6162575704,1,1,0,0,1,136740.045006943,58230.6423017018,81415.5513306396,103836.706220971,84904.2064093886,107529.675880084,97876.9704449342,100118.575331113
FT0010,229.144586678639,229.144583987573,229.144596800312,2229.99421766336,2228.14035130292,2232.45205634357,7,0,1,6,1,534701.685397027,237565.242331765,355857.226958984,251135.650676491,317449.087781573,400341.860048078,328280.818039769,346370.431446778
FT0011,229.146745514683,229.146745514683,229.146745514683,1821.44732856267,1821.44732856267,1821.44732856267,1,1,0,0,1,231742.813701923,0,0,735.377929686849,0,0,0,0
FT0012,231.066341067632,231.066333275663,231.066348386215,1177.49156416495,1175.11345404053,1179.70005813477,5,0,0,5,1,224914.050231436,96775.2251742131,205915.877057292,217939.749794902,243906.286363526,166172.910598145,295324.7348676,195859.348883789
FT0013,231.072457599926,231.072456882268,231.072488200049,164.957309604232,162.630687220723,165.456870420975,3,0,0,3,1,2149.06266186373,5520.39827778871,102205.692549242,141132.33744075,132946.751629991,106347.28527904,120036.519978934,202338.328901856
FT0014,233.045606420694,233.045600297414,233.045607238944,1077.04845950148,1076.41477257732,1078.64919261476,7,0,1,6,1,142388.283747195,375804.148874324,328123.292393972,256810.417639648,372825.493510046,264656.786539841,241755.725869953,248374.379033204
FT0015,233.054963049449,233.054963049449,233.054963049449,1239.96314390668,1239.96314390668,1239.96314390668,1,0,1,0,1,0,366619.733906248,92435.5826608962,70875.3436823496,117884.062649871,85984.4481314232,24258.8170345055,38145.4727650491
FT0016,233.733153610618,233.733153610618,233.733153610618,119.497184338397,119.497184338397,119.497184338397,1,1,0,0,1,397834.879512846,6151.62280323717,76514.878480428,63866.4696189731,32967.8148521995,59630.4696515922,66441.5600529818,79348.946179272
FT0017,235.170411892601,235.170411892601,235.170411892601,2658.75331494237,2658.75331494237,2658.75331494237,1,1,0,0,1,146027.031240235,0,2491.41014715091,1505.81418809832,0,0,0,0
FT0018,235.73041738119,235.730410470758,235.730424291623,890.650419764655,887.901993601224,893.398845928087,2,1,1,0,1,695128.746963942,326785.967587365,0,0,0,0,0,0
FT0019,236.06484037139,236.06484037139,236.06484037139,893.398845928087,893.398845928087,893.398845928087,1,1,0,0,1,210474.551679036,95251.9191579977,0,0,0,0,2491.83309652033,0
FT0020,237.110881300261,237.110873135747,237.110885824272,2059.31283924254,2057.5250701119,2060.84534276985,7,0,1,6,1,283321.839689009,460332.479325255,286332.374484489,260808.798807291,298434.840489679,249004.105860943,220079.077908654,241979.336433291
FT0021,237.07625067423,237.076152024136,237.076329834809,121.307791503398,120.134985065989,124.538453940987,4,1,0,3,1,402564.679166173,140665.227370922,160497.577376442,160127.394560976,161074.836031786,196660.181610577,262012.435094448,195224.298962358
FT0022,237.149664842565,237.149664842565,237.149664842565,2286.77863337484,2286.77863337484,2286.77863337484,1,1,0,0,1,544546.069363801,34389.3404120797,96362.3454197954,36504.0172453562,29524.1959672676,48015.1138663724,47590.5758201173,61169.711782861
FT0023,239.056169483199,239.056164887973,239.056174078425,981.430903972363,980.471223182628,982.390584762098,2,1,1,0,1,4835868.65960742,149520.666364307,5621.7380059373,29118.997277764,20215.9303313098,123387.395401778,42332.856413675,52795.8416940678
FT0024,239.128940677657,239.128939801617,239.128941553697,2238.58095945874,2237.7106171956,2239.45130172188,2,1,0,1,1,1860259.15696345,59260.9133711279,196316.797838095,77412.8972042445,59638.0116337185,119885.992912469,241668.364357304,219065.998012698
FT0025,240.059514553872,240.059514553872,240.059514553872,981.197427866653,981.197427866653,981.197427866653,1,1,0,0,1,528592.138899382,0,3888.6732392083,0,0,0,0,0
FT0026,240.132304668333,240.132304668333,240.132304668333,2241.37941930903,2241.37941930903,2241.37941930903,1,1,0,0,1,180671.003989957,1432.62770362897,13294.5208811965,1811.6392033149,0,3970.45913072469,17752.4009734587,30503.7287994806
FT0027,241.108203797131,241.108201213296,241.1082075885,1798.59343201968,1796.85192125189,1800.52495317602,8,1,1,6,1,410872.577151444,363451.890020846,290794.413266603,174918.373048502,217507.394722713,278751.560516826,353029.670592992,426490.774431561
FT0028,241.119442806704,241.119440741692,241.11944750419,1008.8292908048,944.697616563094,1012.66404840499,9,1,1,5,1,1895393.95620955,777742.976062501,632000.212091536,464168.391065831,380891.943663226,380339.920289885,420851.935564576,247796.190293163
FT0029,241.108198643885,241.108198643885,241.108198643885,1396.8771121877,1396.8771121877,1396.8771121877,1,1,0,0,1,282506.75283654,21985.8566499455,6349.63706025118,6008.07980176027,34093.3001576084,54865.4609197838,62793.1306281333,64126.2080306954
FT0030,241.217363646725,241.217352061619,241.217368491483,3011.87949691904,3009.79395668031,3030.3035194861,5,1,0,3,1,750484.031561376,101603.200235233,310842.406471349,240932.863258835,141118.315234948,144779.228381068,135326.202575832,159177.589084203
FT0031,242.176231110089,242.176229056756,242.176232079726,2149.25088111433,2148.7491370668,2151.36859253689,3,0,1,2,1,0,386681.121462887,142383.501550324,162362.896947084,543622.676186897,338455.437451167,111602.231596213,171416.101573447
FT0032,243.033320101371,243.033318099776,243.033320493419,813.928129025444,809.770162392742,816.221360725958,4,0,0,4,1,0,166299.342759109,141229.190037656,148729.001944824,341386.647522416,332889.965800292,108260.303367405,156932.813133796
FT0033,243.123851908271,243.123848799114,243.123857501095,1673.20024496345,1668.99468390105,1674.98320318882,7,1,1,4,1,1886156.51408654,1310906.16801611,1622178.91596985,900132.0318704,740798.319060407,881854.476666572,3052527.5689077,2833278.2511328
FT0034,243.160243409939,243.160235412599,243.160244048622,2370.91493636913,2369.82260580604,2372.22896861268,5,1,1,3,1,290576.07379883,233461.737104007,209215.080509037,178011.694978719,288552.083500284,196849.295846209,119758.431483662,191508.594002444
FT0035,243.062306879861,243.062306879861,243.062306879861,154.923384779972,154.923384779972,154.923384779972,1,1,0,0,1,416185.301876395,120879.626522568,142633.346125134,131920.561698521,69692.2318976403,72478.6646717254,121683.354588235,91305.0267857448
FT0036,243.730637234932,243.730637234932,243.730637234932,989.614132001256,989.614132001256,989.614132001256,1,0,1,0,1,0,203179.093568871,151952.821803838,106843.428925321,109295.712098854,108426.928499123,113251.51134948,141246.401982758
FT0037,244.127209972624,244.127208579569,244.127211365679,1670.223532136,1668.99468390105,1671.45238037095,2,1,0,1,1,167774.937532553,142813.892635073,162817.102368686,86910.7778915314,74311.6755825925,92910.7517734291,380826.735935647,348786.548830348
FT0038,245.045610310499,245.045606059602,245.045612550175,908.643236763867,907.773227980149,910.924524672996,6,0,0,6,1,82104.1008030422,63261.3612334602,438253.710514648,688480.724522904,799998.092744153,491927.41975122,1025584.68357758,718004.17552717
FT0039,245.139506207883,245.139504344327,245.139508914635,1707.06822055057,1704.61244759971,1710.01540731923,5,0,1,4,1,0,919191.663917416,1475550.30784705,1531781.52356409,1104196.1785669,1038873.42701714,855000.693471568,1538224.73622136
FT0040,245.139510458657,245.139510458657,245.139510458657,1941.05990856102,1941.05990856102,1941.05990856102,1,1,0,0,1,157672.58339977,77837.5821334268,88328.6467088002,69630.7785956348,79213.321204537,94325.0975601626,114198.940535691,127019.183058117
FT0041,249.186050702876,249.186050702876,249.186050702876,2840.87931076748,2840.87931076748,2840.87931076748,1,1,0,0,1,2102239.4574707,3315.6160391165,28336.8209550235,4736.54305084681,489.531406879998,12962.1633972768,3214.55296589974,12849.0625904562
FT0042,250.18940985864,250.18940985864,250.18940985864,2840.87931076748,2840.87931076748,2840.87931076748,1,1,0,0,1,359464.412623478,0,3458.55947705358,0,0,0,0,0
FT0043,251.165320777529,251.165320777529,251.165320777529,2423.06416918183,2423.06416918183,2423.06416918183,1,1,0,0,1,682725.367926977,21865.5917516952,93807.3124377361,41140.2871113475,29589.1578108671,50605.4490228433,124071.530015844,185948.259658571
FT0044,251.201706255865,251.201706255865,251.201706255865,2922.08976932355,2922.08976932355,2922.08976932355,1,1,0,0,1,408147.842738341,1616.93664918587,15388.0916288719,1339.52593438247,0,2446.99144677721,1431.59659986591,4371.2410539479
FT0045,251.560602269871,251.560602269871,251.560602269871,1534.39823530094,1534.39823530094,1534.39823530094,1,1,0,0,1,789898.154115722,0,0,0,0,0,0,0
FT0046,252.397650953863,252.397650953863,252.397650953863,1027.50776382089,1027.50776382089,1027.50776382089,1,0,1,0,1,107905.532886959,1037522.97464728,0,0,0,0,0,0
FT0047,252.550267272684,252.550267272684,252.550267272684,1588.89548396791,1588.89548396791,1588.89548396791,1,1,0,0,1,748391.922714839,0,0,0,0,0,0,0
FT0048,252.732212416983,252.732212416983,252.732212416983,1027.50776382089,1027.50776382089,1027.50776382089,1,0,1,0,1,0,328430.719160156,0,0,0,0,0,0
FT0049,253.144585995885,253.144585995885,253.144585995885,2333.96251346547,2333.96251346547,2333.96251346547,1,1,0,0,1,180424.686360081,11275.2222876797,11479.6296318814,11167.6651917427,14537.4080365446,14308.8571255495,11207.8254929477,21577.4414265216
FT0050,253.217362424813,253.217352139642,253.217368983553,2998.22478320774,2996.09917363984,3000.5576561714,5,1,0,4,1,1819943.35004207,131438.606069689,353565.408955073,237517.248335335,134796.123986887,138395.607366071,160464.84817586,206727.530705915
FT0051,253.180977007741,253.180977007741,253.180977007741,2460.83115239684,2460.83115239684,2460.83115239684,1,1,0,0,1,439151.537858585,32243.4971956988,64350.9508791371,41886.8250600797,35186.4733440865,32249.8153957416,52692.9465362553,53598.0173322919
FT0052,254.220705164829,254.220705164829,254.220705164829,3000.5576561714,3000.5576561714,3000.5576561714,1,1,0,0,1,264089.920436196,21069.7170452947,67003.297656762,40974.1256368372,15795.2329339106,30739.5600962948,23034.2311338555,45501.0964188565
FT0053,254.398828629724,254.398828629724,254.398828629724,119.497184338397,119.497184338397,119.497184338397,1,1,0,0,1,808794.348247908,0,0,0,0,0,0,0
FT0054,255.066345160799,255.066342472293,255.066345430468,1680.61327510984,1675.73569644571,1683.09342586729,3,1,0,2,1,172859.081894532,147073.866589913,295402.576377971,132753.721450953,164537.358999536,129167.382969395,98728.9213828124,136907.743812815
FT0055,255.233000358424,255.232993626632,255.233013857955,3088.83029814572,3085.2633861569,3090.20475102095,8,1,1,6,1,5630777.05757457,495782.857313633,1461440.49351887,1066706.2173678,1160586.40050455,1299849.76912109,1249591.04122219,1304709.43697916
FT0056,255.737442034358,255.737442034358,255.737442034358,3085.2633861569,3085.2633861569,3085.2633861569,1,1,0,0,1,268051.185696204,0,0,0,0,0,0,2081.46723583832
FT0057,255.731045777181,255.731045777181,255.731045777181,1201.26427381531,1201.26427381531,1201.26427381531,1,1,0,0,1,179889.83990625,0,0,0,0,0,0,0
FT0058,256.236365975437,256.236360656873,256.236380700341,3088.73657183898,3085.2633861569,3089.93624191384,7,1,0,6,1,1048005.53311612,100761.919179216,256504.787890904,167691.998106447,192295.96603338,234796.730915714,222902.93806108,255571.026572638
FT0059,257.048976476528,257.048972125125,257.048977893387,1113.0924757914,1110.43099250666,1117.800507554,4,0,0,4,1,0,218472.426843621,1262438.81524841,837702.570256345,1021601.62641211,609177.650368248,332453.295282118,265004.003225506
FT0060,257.081995247929,257.081994266491,257.081996229367,1464.57331791611,1463.0072559355,1466.13937989672,2,0,1,1,1,51304.6007185315,482023.963778923,201022.714497973,171027.848963027,274762.056521484,231908.522679077,101164.542911769,100866.51564275
FT0061,257.077968543687,257.077968543687,257.077968543687,162.440766242814,162.440766242814,162.440766242814,1,0,1,0,1,99043.9967761586,396089.017723042,185604.42371477,126389.556593268,92324.5638787106,95490.9713217979,122834.415583102,106066.505037228
FT0062,257.212267879839,257.212267879839,257.212267879839,2872.84306545271,2872.84306545271,2872.84306545271,1,1,0,0,1,219698.810295412,21827.6572768307,31185.4564801893,17556.0878551293,11698.7861534444,20241.3945563788,15485.7135948296,24513.755854857
FT0063,257.571173491094,257.571173491094,257.571173491094,736.370820477878,736.370820477878,736.370820477878,1,0,1,0,1,67171.384469492,454598.375458151,0,0,0,6245.03909657734,0,0
FT0064,258.077232725235,258.077232725235,258.077232725235,1511.77847004172,1511.77847004172,1511.77847004172,1,1,0,0,1,275467.030183363,0,2916.02310752715,0,0,0,5178.24395764527,0
FT0065,259.55819974231,259.558195956787,259.558523223515,1206.48807746595,1203.4423637471,1208.56478080046,5,1,1,3,1,12325573.0464079,725717.107341794,764915.280617681,1000978.08271248,5459.71825477534,943340.511024249,2730.24776131647,0
FT0066,259.813564754654,259.813564754654,259.813564754654,1204.24005922949,1204.24005922949,1204.24005922949,1,1,0,0,1,362090.247187499,0,0,0,3264.07221775503,0,0,0
FT0067,260.062179894445,260.062179894445,260.062179894445,1204.24005922949,1204.24005922949,1204.24005922949,1,1,0,0,1,3193145.45664237,4330.41769246124,0,2157.96461354349,0,0,0,1907.38790192667
FT0068,260.56098486593,260.56098486593,260.56098486593,1204.24005922949,1204.24005922949,1204.24005922949,1,1,0,0,1,408907.918611782,0,0,0,0,0,0,0
FT0069,261.040519492529,261.040516778335,261.040522206722,1750.7620845171,1748.20041717767,1753.32375185652,2,1,0,1,1,2526066.77539714,2417.77023909267,1719235.64538163,524890.188584889,376810.290484564,591544.436539581,712260.023686734,711979.935749719
FT0070,261.134429369187,261.13441097958,261.134432535205,1521.13376306395,1440.69456348793,1524.58979971957,9,1,1,6,1,1307872.0337831,1134408.69092285,1042976.46148438,815933.396196287,885745.349207307,894823.621953129,489125.472746392,476690.743597661
FT0071,262.846189323414,262.846189323414,262.846189323414,2912.82238896789,2912.82238896789,2912.82238896789,1,1,0,0,1,335395.271795378,0,0,0,0,0,0,0
FT0072,263.165315979659,263.165309642435,263.16532366257,2829.37508872755,2828.49737378824,2837.28036020368,8,1,1,6,1,913295.853720962,931665.301806627,967144.883297391,982005.011947475,1029208.21786836,968610.893599071,965987.334003162,964928.897126459
FT0073,263.165322458853,263.165322458853,263.165322458853,2313.97819107873,2313.97819107873,2313.97819107873,1,1,0,0,1,700230.176765835,3008.13617298336,8833.57074198223,2820.18726454227,4250.96568654875,6397.05558898637,101345.923073579,65918.9231766737
FT0074,263.180863487978,263.180863487978,263.180863487978,2912.82238896789,2912.82238896789,2912.82238896789,1,1,0,0,1,135798.151766355,0,0,0,0,0,0,0
FT0075,263.835421002732,263.835421002732,263.835421002732,3315.47586562403,3315.47586562403,3315.47586562403,1,1,0,0,1,5811934.73594475,370.943586208525,47687.1449661879,4991.11857981633,0,2326.88478302062,3145.79947634382,19145.4501988044
FT0076,264.168681115301,264.168675614745,264.168684335272,2829.30120293411,2828.70548932793,2831.05408332765,5,0,0,5,1,105312.592422583,151705.659801987,160188.769484571,123463.447254774,117045.503501791,145285.56025015,141346.309395264,120797.486610107
FT0077,264.16951048145,264.16951048145,264.16951048145,3315.47586562403,3315.47586562403,3315.47586562403,1,1,0,0,1,2421394.09944318,0,22385.3041956984,0,991.072897621978,0,0,4557.74116853844
FT0078,264.504201528674,264.504201528674,264.504201528674,3315.47586562403,3315.47586562403,3315.47586562403,1,1,0,0,1,605086.094553804,0,0,0,683.389678551117,0,0,0
FT0079,264.863106077028,264.863106077028,264.863106077028,3205.8615559955,3205.8615559955,3205.8615559955,1,1,0,0,1,314361.002619484,0,8665.7672366451,0,0,0,0,0
FT0080,265.147957683641,265.147955617092,265.1479671333,2699.89969568852,2696.26073462493,2700.50204053851,6,0,0,6,1,242519.967261533,79942.7963734802,482950.330750909,372064.86165907,450032.459509281,367007.242044941,478124.643445312,1136196.28723289
FT0081,265.144587893158,265.144587893158,265.144587893158,2298.81386837069,2298.81386837069,2298.81386837069,1,1,0,0,1,337496.570567103,33089.6567233542,70079.0149470556,42759.1002706844,35090.4855281245,50984.9166377763,56778.3215188152,66904.9610577229
FT0082,265.123461238276,265.123461238276,265.123461238276,1443.14225168946,1443.14225168946,1443.14225168946,1,1,0,0,1,257467.843640138,0,0,0,0,0,0,0
FT0083,265.21737171308,265.21737171308,265.21737171308,2987.04085898408,2987.04085898408,2987.04085898408,1,1,0,0,1,140986.622548827,1431.3503093444,6597.50561234244,3894.26526253482,0,4330.70069854004,0,1214.64796034896
FT0084,265.180962670513,265.180962670513,265.180962670513,2474.123643952,2474.123643952,2474.123643952,1,1,0,0,1,2433141.09575196,7244.15370428608,162108.040473477,44978.1127279465,27207.7311174025,58426.0143281304,61302.6059955751,85730.5435624413
FT0085,265.53511935959,265.53511935959,265.53511935959,3247.90649568669,3247.90649568669,3247.90649568669,1,1,0,0,1,382065.81730756,433.898809761171,22850.5732338346,1831.50287554105,0,3279.08890761605,338.117526514522,0
FT0086,266.184327109819,266.184327109819,266.184327109819,2474.123643952,2474.123643952,2474.123643952,1,1,0,0,1,351642.997602542,0,15665.3720873538,4084.80165836656,0,0,3310.16833024408,0
FT0087,266.415593519574,266.415593519574,266.415593519574,119.497184338397,119.497184338397,119.497184338397,1,1,0,0,1,229168.350843359,0,0,0,0,0,0,0
FT0088,267.0722106388,267.072204707851,267.072216569748,91.8037240591905,76.4577090411275,107.149739077254,2,1,0,0,1,3808200.44899325,122850.118579577,69098.7453256966,113113.273176526,111194.245330982,173945.188846708,328878.302498045,181997.945208183
FT0089,267.160244769314,267.160244769314,267.160244769314,2052.28628255178,2052.28628255178,2052.28628255178,1,0,1,0,1,253864.497939075,186376.401817124,134257.690546289,105771.291297294,183111.455812171,202112.48825254,261578.500944184,288133.772233474
FT0090,267.160234235096,267.160234235096,267.160234235096,2432.07392322522,2432.07392322522,2432.07392322522,1,1,0,0,1,758176.417133787,6830.14092928536,49411.8165379918,39465.3677974747,52592.9614750263,88526.125097365,59807.0129043534,79463.3871461075
FT0091,267.087474293438,267.087474293438,267.087474293438,1254.66826184603,1254.66826184603,1254.66826184603,1,0,1,0,1,21093.6017874276,358579.110711264,46623.2737131207,108748.949132862,116588.875343375,215362.877894284,17472.6821150938,47931.4238458204
FT0092,267.196627272996,267.196622990749,267.196635904287,2330.87706256235,2329.69590010382,2331.98070725415,8,1,1,6,1,1008130.91133517,318993.53330841,632577.751469718,304372.858220882,455280.535327154,442451.996909661,537207.089862309,562734.473826091
FT0093,267.233011037363,267.233011037363,267.233011037363,3062.00283356915,3062.00283356915,3062.00283356915,1,1,0,0,1,610858.494945907,60124.2809847436,186114.290044327,126464.017725913,84521.7005855292,132063.329622878,88434.2313816962,140713.011945611
FT0094,267.196628674175,267.196628674175,267.196628674175,2608.80784364257,2608.80784364257,2608.80784364257,1,1,0,0,1,379443.309501952,128799.001515635,309309.313506035,183302.941040905,105300.217607313,126120.368706382,207955.729728871,299949.532197615
FT0095,267.555655180711,267.55562225501,267.555688106413,1101.7814752128,1092.84147067307,1110.72147975254,2,1,0,1,1,810203.620018307,0,4559.77222870444,2461.16183012456,0,263411.935922242,0,0
FT0096,268.199980136829,268.199980136829,268.199980136829,2330.76776976475,2330.76776976475,2330.76776976475,1,1,0,0,1,142146.766502196,46495.0812692853,115653.468380366,61494.0287775101,68740.9171050163,77382.4588945453,93873.658248862,104455.34813096
FT0097,269.248665100004,269.248665100004,269.248665100004,3133.58875890455,3133.58875890455,3133.58875890455,1,1,0,0,1,442909.251547408,29137.6423667921,116214.554020867,76649.216785454,70900.4978501536,92528.7039242026,73663.2136198256,99960.4863844505
FT0098,269.175897512736,269.175897512736,269.175897512736,1798.31910350515,1798.31910350515,1798.31910350515,1,1,0,0,1,174305.92170996,0,0,0,0,0,12134.5084921679,21242.8484233147
FT0099,271.064639242081,271.064632425382,271.064642574216,1393.72645528603,1325.18367058084,1401.44504694424,8,0,0,5,1,6738.21931503194,153384.109964351,2129500.67220981,1453180.1504451,2068255.23210571,1395415.59770355,334349.637311844,389663.598720704
FT0100,271.227923427488,271.227907874046,271.227934007075,2957.70414579455,2912.98278780787,2961.92800722784,8,1,0,5,1,3083859.94528246,217808.525870671,350649.199228141,199862.416650025,155789.954462889,228814.920307619,169164.952736946,234360.496475499
FT0101,271.227914128945,271.227911728364,271.227922711681,2714.02426095526,2710.2112442268,2714.77498041395,3,1,0,2,1,814036.644550084,147773.818345948,436304.326659612,269956.148339479,271496.266382697,330908.579262699,234492.187464759,253315.137426758
FT0102,272.231294189584,272.231294189584,272.231294189584,2961.92800722784,2961.92800722784,2961.92800722784,1,1,0,0,1,567995.090966799,30471.8003309887,58240.4501870973,39007.9082326208,30552.5797129263,43974.1144102558,29578.3146899149,45801.5660942774
FT0103,272.566096294607,272.566096294607,272.566096294607,1379.63622040963,1379.63622040963,1379.63622040963,1,1,0,0,1,695983.552365233,0,0,0,0,0,0,0
FT0104,273.179306116678,273.179294037848,273.179318195508,3474.67685788334,3465.92345725182,3483.43025851486,2,1,0,0,1,4421246.74120877,339.326693876331,31161.4621535643,399.973309663149,0,1062.29650282841,0,7258.16705391333
FT0105,273.51374318887,273.51374318887,273.51374318887,3483.43025851486,3483.43025851486,3483.43025851486,1,1,0,0,1,2302174.22010471,0,13874.906213129,0,0,0,0,0
FT0106,274.111922167164,274.111922167164,274.111922167164,2070.80354853069,2070.80354853069,2070.80354853069,1,1,0,0,1,1632868.95188965,0,0,0,0,0,53369.9069236248,37986.43349342
FT0107,274.108543033331,274.108543033331,274.108543033331,1268.89399808535,1268.89399808535,1268.89399808535,1,1,0,0,1,537396.199860615,19494.1226218143,28358.4855372535,19066.4070219672,3754.21766096376,51636.3951832602,112697.543835293,86135.9286126807
FT0108,275.103799968368,275.07730433996,275.103805219374,1164.5787902951,1161.84405930037,1217.37901311032,7,1,1,4,1,1742815.85601345,511423.666544595,393323.196765849,255032.597533482,209022.159887695,3042129.36054275,241616.679661458,225838.95869318
FT0109,275.150071512906,275.150070838857,275.150075773247,1765.63444191547,1762.15326553108,1767.1017833581,3,1,0,2,1,147881.860667836,142535.473851458,114343.220214844,107407.188207692,133907.566481952,96093.9389582177,72410.1305259783,75122.0665403404
FT0110,275.09256389286,275.092563342465,275.092564443255,965.11570823178,963.573283931848,966.658132531712,2,1,0,1,1,271490.214808281,444427.854848068,325403.2997398,243644.317675222,264601.156969917,294274.655505354,193006.797792916,181920.635534835
FT0111,275.201726021217,275.201726021217,275.201726021217,2909.00259262247,2909.00259262247,2909.00259262247,1,1,0,0,1,984293.129531245,1534.14849581656,2598.47213229321,1397.02322520568,0,2237.84706373349,0,0
FT0112,275.201699204779,275.201699204779,275.201699204779,2656.21067249407,2656.21067249407,2656.21067249407,1,1,0,0,1,2705577.09277097,9941.6683341627,67694.6042675796,9800.75516305719,0,17320.6912885078,9999.61673733319,22822.4811381529
FT0113,276.093907090939,276.080668975573,276.107145206306,1189.52194930167,1161.66488549302,1217.37901311032,2,1,0,1,1,202406.402785155,0,0,0,0,317641.354945223,0,0
FT0114,276.127575226167,276.127575226167,276.127575226167,2133.04046544165,2133.04046544165,2133.04046544165,1,1,0,0,1,243165.600998753,0,0,4094.90575192014,45776.6554088602,7944.12562017953,33354.3658454143,12940.1233774106
FT0115,276.205093196104,276.205093196104,276.205093196104,2909.00259262247,2909.00259262247,2909.00259262247,1,1,0,0,1,190497.69422258,0,0,0,0,0,0,1145.94689062507
FT0116,276.205082914347,276.205082914347,276.205082914347,2656.21067249407,2656.21067249407,2656.21067249407,1,1,0,0,1,521774.832062637,0,6639.51755660069,0,0,1701.95882977449,0,832.80879977605
FT0117,277.033065230115,277.033054174644,277.033072930867,71.6721770697596,71.4926736122435,74.4662544655287,3,1,0,2,1,5573150.27544811,686632.031355409,600193.24262259,466513.127556571,423450.094531773,607410.239845539,1702422.99676099,1203658.79456175
FT0118,277.217358955376,277.180968503797,277.217372864726,2972.89739243424,2928.94634108817,2977.55151165471,11,1,1,6,1,45398657.9653402,790727.630999997,978719.429139115,411712.986133423,148132.834888409,670065.474627134,263161.753716568,622259.224433585
FT0119,277.235025955409,277.235025955409,277.235025955409,3082.52356118968,3082.52356118968,3082.52356118968,1,1,0,0,1,609915.780082129,11948.3659647219,73275.9902419307,34890.7199154882,23679.7014228353,47907.6295123406,20940.5815960841,51435.8616279872
FT0120,277.21735224446,277.21735224446,277.21735224446,2737.96498317459,2737.96498317459,2737.96498317459,1,1,0,0,1,408882.625809982,4349.64746624462,25328.1501884426,4404.31717456789,981.989181409508,9489.80162225,7885.11129385792,9912.82314482568
FT0121,277.522060110445,277.522060110445,277.522060110445,2901.25492031583,2901.25492031583,2901.25492031583,1,1,0,0,1,461450.693068658,0,0,0,0,1182.53658122044,515.036704087716,0
FT0122,277.569417136555,277.569417136555,277.569417136555,3079.50764233854,3079.50764233854,3079.50764233854,1,1,0,0,1,170216.332067867,0,9288.50814519046,6980.854326314,0,3561.09426375623,2713.12488159464,3217.76788707494
FT0123,277.722343306406,277.722343306406,277.722343306406,2977.55151165471,2977.55151165471,2977.55151165471,1,1,0,0,1,2263774.0823156,0,0,0,0,0,0,0
FT0124,277.856431431968,277.856431431968,277.856431431968,2901.25492031583,2901.25492031583,2901.25492031583,1,1,0,0,1,193096.896783254,0,0,0,0,0,0,0
FT0125,278.221752890686,278.220725238955,278.222780542417,2976.47093685937,2975.39036206402,2977.55151165471,2,1,0,1,1,9460106.00567186,0,185599.506969274,663.856775816864,0,0,0,0
FT0126,278.511047160774,278.511047160774,278.511047160774,3144.26726463053,3144.26726463053,3144.26726463053,1,1,0,0,1,631582.138848155,0,4522.87204042445,0,0,0,0,0
FT0127,278.845651509067,278.845651509067,278.845651509067,3144.26726463053,3144.26726463053,3144.26726463053,1,1,0,0,1,329587.923286481,0,0,0,0,0,0,0
FT0128,279.038984763638,279.038984763638,279.038984763638,153.08293052138,153.08293052138,153.08293052138,1,1,0,0,1,553620.249519104,44119.2448828269,160197.828458392,167059.121620945,63916.8197942825,33842.2952175326,94163.4245821219,107727.596463747
FT0129,279.233001773091,279.223234036602,279.233019850794,3040.81422320297,2977.55151165471,3045.18729264354,9,1,1,6,1,15954687.7863346,405246.340586158,1391990.20862943,704380.560706388,306987.888081055,944421.088236484,435303.984029265,837642.22670206
FT0130,279.73763962483,279.73763962483,279.73763962483,3045.18729264354,3045.18729264354,3045.18729264354,1,1,0,0,1,484943.818816889,0,783.868471420089,0,0,0,0,0
FT0131,280.140249560256,280.140249560256,280.140249560256,104.733912023747,103.947738068775,105.520085978719,2,1,0,0,1,187374.490576037,0,6416.07174457911,0,0,0,2212.98516795397,0
FT0132,280.236375325451,280.23636932076,280.238522328912,3042.08738510772,3040.81422320297,3045.18729264354,4,1,0,3,1,3492768.33843571,89619.1755697712,286292.537464486,153962.687140349,63108.2408560105,181336.276250003,100468.610481334,149873.76928426
FT0133,281.036032468108,281.036032468108,281.036032468108,153.08293052138,153.08293052138,153.08293052138,1,1,0,0,1,150267.063157764,3616.84094829034,46693.3026307098,37667.5294960094,18428.4319250878,0,31669.2206350442,21505.0778682611
FT0134,281.139510780961,281.139505175311,281.139510903318,2012.55434649392,2011.30345768654,2013.12930554552,3,0,0,3,1,193272.089855241,362964.228077868,569549.090156902,456315.597344912,377252.478558106,422110.028851883,519955.015658777,506179.396210019
FT0135,281.070123003037,281.070123003037,281.070123003037,1276.1730013066,1276.1730013066,1276.1730013066,1,1,0,0,1,578160.432050783,0,270491.752382088,212872.06043396,175486.744211119,155246.766915924,90824.7990335103,96992.0855140718
FT0136,281.248653408455,281.239745409433,281.248665289439,3109.88332407348,3045.18729264354,3111.33926058218,9,1,1,6,1,11352382.6213542,1039172.11844971,3066344.08942707,2176039.17439452,1293473.45348558,1899834.3302832,1751934.81305138,2437719.25245793
FT0137,281.175897461435,281.175897461435,281.175897461435,2217.55228390557,2217.55228390557,2217.55228390557,1,1,0,0,1,666339.611905333,111091.94014117,265292.316193806,117679.289010022,100387.597153012,138750.608554097,171932.922463306,167202.410012626
FT0138,281.753324211044,281.753324211044,281.753324211044,3106.28233350258,3106.28233350258,3106.28233350258,1,1,0,0,1,389993.210792522,0,0,0,0,505.720493109962,0,1872.88858477259
FT0139,282.084441279408,282.084441279408,282.084441279408,237.492712417176,237.492712417176,237.492712417176,1,1,0,0,1,215099.078950195,52898.4323908548,22352.3262068794,32080.0732710021,4802.43670405683,12997.4063063519,2083.63396940274,1777.60544515924
FT0140,282.252020346627,282.252010561241,282.252027733323,3109.89595712012,3106.28233350258,3111.33926058218,8,1,1,6,1,2053757.41547852,187849.240278544,544518.256919167,399877.784055173,201352.21588379,329202.891035156,326543.930117375,411045.586862187
FT0141,283.155165082202,283.155159361142,283.155180838308,2033.54439493911,2032.18487932548,2036.68563248758,8,1,1,6,1,1134669.73630999,1229514.61584134,1488247.60663085,1056552.08885955,1168209.57654557,1190605.59219043,1894212.12757324,1644322.79708334
FT0142,283.061257901885,283.061251188797,283.064630440458,1398.9037141598,1393.69121674594,1449.96705017243,8,1,1,5,1,941522.69107594,249851.666858474,193674.184913575,218926.035504773,262955.779669743,283266.504712613,182542.377610426,206256.443654562
FT0143,283.061270568312,283.061269207106,283.061271929518,1932.74730508049,1932.56007396366,1932.93453619731,2,0,1,1,1,0,225924.458310921,182738.244237268,151170.819641543,214480.639074368,109639.732865196,115940.089231115,162108.990271662
FT0144,283.061254914558,283.061245749463,283.061264079653,1777.78376470754,1775.96436801316,1779.60316140191,2,0,1,1,1,11068.8084368915,148031.991657309,103375.332964477,105920.28567665,157989.691462359,111809.694137885,116267.602208821,80888.4283975174
FT0145,283.061261323652,283.061260107704,283.0612625396,1203.31068654487,1195.11355882887,1211.50781426086,2,1,1,0,1,556268.846449496,450361.875323661,308231.122974286,224607.382711619,221793.02174203,244267.505820046,166030.345554231,170388.174853978
FT0146,283.264303371992,283.264298415839,283.264313658811,3198.70580183905,3189.89059473617,3199.9643852575,8,1,1,6,1,1643691.22203644,673336.783413458,1849040.6434877,1926192.831875,2032818.70858261,2139243.5001486,2212689.59662174,2411831.07786768
FT0147,283.191550978253,283.191547884005,283.191563193349,2059.44844192953,2057.97532693744,2063.38755183132,6,1,1,4,1,549861.981108071,236200.891693023,292333.727869596,221732.587890452,168551.816950956,275250.0040627,202540.867595881,288768.629465893
FT0148,284.158526052976,284.158520540752,284.158527640333,2034.29344635177,2033.95979439171,2034.30230679264,3,1,0,2,1,151784.184230469,199462.633034677,138015.934886069,156882.529886462,173982.096004665,182875.833689097,303397.726994977,269718.030974143
FT0149,284.267664702374,284.26766223872,284.267673448074,3198.27297498028,3187.80431282713,3199.28088551135,7,1,0,6,1,309438.761796206,142880.549980886,295609.123868075,321871.217855796,363101.537490238,393804.433107425,389612.44631592,344237.189687093
FT0150,285.134423186402,285.076913822177,285.134433704682,1704.58347291615,1660.44851798975,1759.02492388995,10,0,1,5,1,516779.828769963,514348.382163461,267563.689712802,168907.118124436,2022477.1701158,1786495.41118026,392855.69253906,526120.719156188
FT0151,285.080288618011,285.07454330998,285.080300218849,1591.38024327119,1586.98736649554,1604.04286925893,7,1,0,5,1,296827.133203125,568889.962488758,1414623.7086562,1368156.57702436,3158042.39201171,2322780.65958289,933805.014295956,799084.549258427
FT0152,285.091677757148,285.091652787976,285.091722339025,234.637045708958,233.45174043512,236.245298915431,4,0,0,4,1,3509.74651371423,7631.79657471231,228915.867993292,271867.637004622,467056.418677118,234717.320384887,510605.513870961,577847.000650147
FT0153,285.243582554568,285.243582554568,285.243582554568,3023.9709549594,3023.9709549594,3023.9709549594,1,1,0,0,1,178913.144213345,43593.4158204504,107487.947256189,67537.4604508486,57825.7560755241,75194.0895667145,45046.9896557613,83527.7733439685
FT0154,285.645725208371,285.645725208371,285.645725208371,2947.37683296817,2947.37683296817,2947.37683296817,1,1,0,0,1,549082.173657158,0,0,0,872.491712544405,0,0,0
FT0155,287.165338428181,287.165338428181,287.165338428181,1988.67332866305,1988.67332866305,1988.67332866305,1,1,0,0,1,144462.543546143,4463.83057928623,15913.8327789722,6775.3976561895,9779.79557058346,1667.95377678119,9556.1887736094,26273.6922163647
FT0156,287.222836496408,287.186460822923,287.22284352285,2485.40520205334,2401.93834067675,2488.28289759794,8,1,1,4,1,470398.398069408,333615.740234375,770317.114820081,397952.053431284,408183.339789405,442076.382082889,515905.238262936,568196.923827292
FT0157,287.752157126443,287.752157126443,287.752157126443,136.217679056572,136.217679056572,136.217679056572,1,1,0,0,1,541092.629848307,0,51601.6118653985,39691.9414231544,0,75632.4838530143,0,7503.19607242671
FT0158,288.087812212519,288.087812212519,288.087812212519,1360.1706485201,1360.1706485201,1360.1706485201,1,1,0,0,1,499704.171166991,28412.9892338151,68537.9946965664,15801.765656563,5904.53367353512,11770.1937188505,26937.8209935112,26678.7754082828
FT0159,288.087804947122,288.087804947122,288.087804947122,622.75369652284,622.75369652284,622.75369652284,1,1,0,0,1,481246.161478724,5907.52652783099,12389.9055435291,1864.83238716102,0,0,4176.47010291487,0
FT0160,288.713063560742,288.713063560742,288.713063560742,2977.55151165471,2977.55151165471,2977.55151165471,1,1,0,0,1,610227.996947496,0,681.249456789665,0,0,0,0,0
FT0161,289.165731180706,289.165725219455,289.165742910066,1953.94363754826,1951.57309526048,1955.05672591385,7,1,1,5,1,893027.408748167,331967.14561419,376916.536822856,272135.18098348,331566.714234375,401316.883433951,208470.880862481,170384.356399964
FT0162,289.067782969082,289.067782969082,289.067782969082,154.923384779972,154.923384779972,154.923384779972,1,1,0,0,1,265992.020541789,75251.0308022423,85138.1620056605,64136.258137649,48009.6028237148,30873.8776735765,40005.3456592037,32640.4314192525
FT0163,289.180999211241,289.180999211241,289.180999211241,2175.52002633065,2175.52002633065,2175.52002633065,1,1,0,0,1,834437.26956979,44303.2750283433,211714.292547819,85634.6719571414,61288.3065946692,96278.5158118237,116783.234298091,147971.503050691
FT0164,289.217358328796,289.217358328796,289.217358328796,2990.48114741833,2990.48114741833,2990.48114741833,1,1,0,0,1,157092.553229004,0,1525.93404075831,0,0,0,0,0
FT0165,289.722097380346,289.722097380346,289.722097380346,2973.68631876771,2973.68631876771,2973.68631876771,1,1,0,0,1,177447.463203281,0,0,602.981250088412,0,0,0,0
FT0166,290.143212402906,290.14320622388,290.143218581933,2293.70179417951,2277.83113698437,2309.57245137466,2,1,0,0,1,514449.17192165,0,8870.3046443808,17039.9579704693,50336.2921676384,17258.2893051309,13331.1526139482,6602.5612007266
FT0167,291.09525428567,291.095122189776,291.095386381564,138.078679361287,136.217679056572,139.939679666003,2,1,0,1,1,681115.684747396,95040.0683059315,158488.571151754,135152.749213759,116637.772081011,334726.715656901,191457.082033652,120740.40389414
FT0168,291.051097419264,291.051097419264,291.051097419264,1824.41875336253,1824.41875336253,1824.41875336253,1,1,0,0,1,738179.962969323,0,130981.498460781,71951.3774017799,30420.8456405505,94055.8709676486,46317.3676888527,72920.6055715244
FT0169,291.098714605102,291.098714605102,291.098714605102,756.630250017738,756.630250017738,756.630250017738,1,1,0,0,1,577763.970004262,187744.003447582,97089.1708569886,80229.3685018298,52458.9263559429,76140.4165391966,62018.1095398211,72276.6576974545
FT0170,291.160239524134,291.160227325888,291.196636581396,2654.86996092388,2647.08605090725,2656.00535276463,6,1,0,5,1,2987741.16406247,1124043.74027204,1038104.41713695,1061625.45225757,1106637.2451465,1112290.33540475,1009700.92741292,1022353.90372022
FT0171,291.196635017782,291.196621225286,291.196646093309,2555.80891784315,2554.55838355457,2556.7971022148,3,1,0,2,1,4632018.24859376,49331.2444866593,170796.634418723,70461.0082614925,38792.0578472181,63781.557135941,511767.961806646,331594.924078131
FT0172,291.429635424796,291.429635424796,291.429635424796,139.115394241513,139.115394241513,139.115394241513,1,1,0,0,1,197374.135667847,13187.2635011225,31810.7276287226,22492.477222451,5933.23442100525,88410.1938337699,39207.9821404205,10177.8641466516
FT0173,291.737789780511,291.737789780511,291.737789780511,3041.54233233345,3041.54233233345,3041.54233233345,1,1,0,0,1,236741.886024983,0,0,0,0,0,0,0
FT0174,292.140220660759,292.140220660759,292.140220660759,171.397394666231,171.397394666231,171.397394666231,1,1,0,0,1,1023503.84626627,118350.097234956,46227.5074432515,27185.1057636453,12534.8645495751,24644.2797269973,144690.249488021,185415.6720412
FT0175,292.199986419998,292.199986419998,292.199986419998,2556.7971022148,2556.7971022148,2556.7971022148,1,1,0,0,1,962134.17268084,6665.77327565433,31385.1740226293,6155.92814827614,0,8639.36461264069,109389.061159268,71201.3625832821
FT0176,292.199999018637,292.199999018637,292.199999018637,2647.08605090725,2647.08605090725,2647.08605090725,1,1,0,0,1,643301.384040531,4531.88380973708,41037.3250582596,10713.8010518549,1368.92823423838,12265.3062855283,10433.4535814524,25385.3179792715
FT0177,292.197743636982,292.197743636982,292.197743636982,2892.77672943999,2892.77672943999,2892.77672943999,1,1,0,0,1,315807.77197266,0,0,0,0,0,0,0
FT0178,292.532237181769,292.532237181769,292.532237181769,2892.77672943999,2892.77672943999,2892.77672943999,1,1,0,0,1,136064.655681817,0,0,0,0,0,0,0
FT0179,292.563797587811,292.563764441853,292.56382379695,925.358424095432,923.852727366873,927.453624272942,7,0,1,6,1,4410.62148855268,1209533.86987624,1041725.55459558,849238.585665303,819334.530411988,759536.02131736,1074318.57987877,1120735.54031771
FT0180,293.0653564104,293.0653564104,293.0653564104,924.900209585014,924.900209585014,924.900209585014,1,0,1,0,1,1294.35357532986,247357.659527919,2112.62796963704,1536.05517130841,2325.15856277018,4037.95228796514,0,4002.81299477117
FT0181,293.175895008628,293.175883203335,293.175911595563,2287.78953942208,2284.41373996664,2332.30065224126,14,1,1,6,1,707435.690015619,802358.728048834,841823.174685062,810893.841878255,684235.138401423,785279.583197753,677447.983197916,614365.213358084
FT0182,293.179272022662,293.179263845405,293.21229516649,2935.09212180388,2930.91448920192,2978.49218324499,7,1,0,6,1,280177.57207947,113290.545369712,375603.978016699,322152.619303897,318671.77541016,392358.646274932,379117.03428467,395894.625026366
FT0183,293.194086350577,293.175886269964,293.212286431189,2541.39181951491,2536.66466342342,2546.11897560641,2,1,0,1,1,1192324.11467496,0,0,0,0,0,95049.3853548168,0
FT0184,293.211627331643,293.211589656349,293.211665006938,2746.12073569571,2735.6152516795,2756.62621971191,2,1,0,0,1,2691019.73482363,74336.3522612764,254074.002246948,86893.7784018119,47721.4771765538,98955.8792148723,79819.9727155954,146087.382759371
FT0185,293.211539257329,293.211539257329,293.211539257329,2658.75331494237,2658.75331494237,2658.75331494237,1,1,0,0,1,27281340.4225117,195360.118581613,1171645.48220005,347239.83642911,151288.811127772,420087.331098981,366650.35037997,545527.008285807
FT0186,294.08309935462,294.08309935462,294.08309935462,71.4926736122435,71.4926736122435,71.4926736122435,1,1,0,0,1,1415615.24357674,25732.1944149098,4759.48775134543,5179.24519190834,8669.231282983,23535.8404656983,338817.556359493,397465.12067889
FT0187,294.215655577805,294.215655577805,294.215655577805,2660.40083430846,2660.40083430846,2660.40083430846,1,1,0,0,1,4967954.05608106,32173.2956448911,213975.972816063,56538.1142126601,17271.0902766598,71886.6932373052,60729.3914499546,92665.2416243892
FT0188,294.179244721281,294.179244721281,294.179244721281,2546.11897560641,2546.11897560641,2546.11897560641,1,1,0,0,1,184143.360923073,1512.21930919431,6285.56021919255,1734.91049572742,2764.73191493139,625.844920141105,999.556839201501,5633.15714955367
FT0189,295.08239084507,295.08239084507,295.08239084507,819.870535886827,819.870535886827,819.870535886827,1,0,1,0,1,52676.4851198784,364083.558367286,258431.153689679,251465.086751603,251369.385615611,251255.713445735,167796.726683631,167213.200535178
FT0190,295.264316904123,295.264307240697,295.264327717665,3176.27249901989,3151.86131304075,3177.40325083836,8,1,0,6,1,1013163.9172233,93264.2998179451,285947.315878091,187739.341964845,252818.257493324,216165.386634321,180738.400807294,332775.122634149
FT0191,295.227932705384,295.227920371129,295.227940097308,2737.96498317459,2706.16999792679,2800.44594460683,5,1,0,1,1,8328257.79885218,133310.384018516,1221260.56086613,258709.926394505,106284.618101216,327560.110361087,213189.301016013,306501.469593082
FT0192,295.191528090279,295.191528090279,295.191528090279,2445.26967039996,2445.26967039996,2445.26967039996,1,1,0,0,1,480342.595348004,58287.7558300854,144185.685133028,85982.4138358333,72596.3928040795,98542.4164884322,79765.5090786721,92402.9936954808
FT0193,296.231267062081,296.231267062081,296.231267062081,2737.96498317459,2737.96498317459,2737.96498317459,1,1,0,0,1,1648563.12932478,23791.7303051355,133219.987002441,49951.4371396211,19881.6576030123,59206.6759523798,38609.4393895781,58972.4176031637
FT0194,297.153047432865,297.153042557616,297.153061323929,2768.62636398335,2753.5006538286,2786.44237960667,16,1,1,6,1,4600464.50156252,6368111.70871096,6650455.37905381,6687016.02908088,6920241.5186167,7065793.02515622,7249211.3337178,7666745.41863286
FT0195,297.080281788305,297.080275500006,297.080289148383,1687.41817855472,1683.90925381125,1687.80818002556,3,0,0,3,1,0,18061.4827873596,204429.060662604,213060.369745118,713822.983957326,378481.858269391,39128.7256410563,56162.260288084
FT0196,297.243584175081,297.153066609845,297.243601907742,2993.17416543748,2943.166851287,2994.33179358507,3,1,0,2,1,649463.61068134,110159.168979861,288467.352260744,245695.370230724,204464.735670893,249514.424792048,370281.471923829,299072.905639309
FT0197,297.243583999305,297.243580875939,297.243590608591,2825.54096599727,2783.27255210566,2852.54611180888,6,1,1,3,1,3657820.01369979,353286.930003141,2135270.85443847,1152848.21941524,469963.641987362,597984.035975054,451800.930240901,551631.590111469
FT0198,298.156394797009,298.156387471254,298.246929530299,2773.56625508264,2757.41736514767,2806.1384363903,12,1,0,5,1,572461.628393848,682059.48579722,978686.967331689,1038811.00415626,1040099.99844784,1016714.88684352,1093341.7181945,2250085.23478283
FT0199,299.095937452398,299.056167493834,299.095970255161,1819.52650608745,1816.95695384042,1883.31893300224,10,0,1,6,1,218610.804526193,526714.78666251,113282.466536865,278769.779158202,2931461.31482143,2831683.94353237,761260.873256186,780955.94364223
FT0200,299.09256625059,299.09256625059,299.09256625059,1973.47200797872,1973.47200797872,1973.47200797872,1,0,1,0,1,0,167937.62132394,36180.5062665184,41970.9143992652,83829.7131905442,75353.5711372572,31837.1183737543,41523.4591411764
FT0201,299.259229795474,299.20172806821,299.259242987226,2874.72863038635,2871.65069900562,2904.20570143342,5,1,0,4,1,160660.678140023,147325.678464224,870516.337689301,439510.9767294,279901.528330008,539663.733356216,256183.713894776,353516.664230736
FT0202,299.121331176374,299.056176841773,299.186477036591,2193.39545006351,2164.64939764758,2259.00377727639,4,1,0,2,1,411311.679945588,0,252306.700426141,0,0,0,0,163562.601936382
FT0203,299.186467716843,299.186467716843,299.186467716843,2346.57910399342,2346.57910399342,2346.57910399342,1,1,0,0,1,619687.801050182,47785.2203325022,93612.9316115086,62374.3006486463,62151.692850769,88924.1482613869,81397.8046536183,95409.3813106994
FT0204,299.238984344548,299.238984344548,299.238984344548,3043.61261960379,3043.61261960379,3043.61261960379,1,1,0,0,1,154292.025328776,0,0,0,0,0,0,0
FT0205,301.071829675621,301.071829675621,301.071829675621,1440.69456348793,1440.69456348793,1440.69456348793,1,0,1,0,1,11300.8455514758,112191.704515624,144946.089565298,93829.3682605181,106355.423005224,74345.1285547036,111813.714337124,109317.388255796
FT0206,301.071830624734,301.071830624734,301.071830624734,1070.06043922044,1070.06043922044,1070.06043922044,1,1,0,0,1,234494.29981608,110103.919310822,153850.245857395,123933.697054443,122170.064807035,124637.530876735,112751.924180609,129957.899351664
FT0207,301.217370179918,301.217370179918,301.217370179918,2812.39225567047,2812.39225567047,2812.39225567047,1,1,0,0,1,170562.857057165,0,0,0,0,0,0,0
FT0208,301.238485569069,301.238485569069,301.238485569069,3085.2633861569,3085.2633861569,3085.2633861569,1,1,0,0,1,170354.236139199,12737.8853349576,28140.9201254703,25308.6348721045,22686.0434284856,28124.7361545427,27816.3179083007,31817.468897631
FT0209,301.217368171886,301.217368171886,301.217368171886,2971.72352501174,2971.72352501174,2971.72352501174,1,1,0,0,1,6988424.64498953,47905.6549997812,91285.2865334186,55672.9670824434,23626.4093615543,41477.8110393267,61042.2508384809,29853.4827450116
FT0210,301.569039052088,301.569039052088,301.569039052088,1227.97772269685,1227.97772269685,1227.97772269685,1,1,0,0,1,915125.420650634,0,0,0,2883.61255861689,0,0,0
FT0211,302.220735463309,302.220735463309,302.220735463309,2971.72352501174,2971.72352501174,2971.72352501174,1,1,0,0,1,1551257.59786284,8287.27397466952,15014.4239374842,7490.98397943905,1541.76576906493,5441.8472862173,3914.85210491744,1773.12177192937
FT0212,303.217765716976,303.217756099748,303.217775019121,2211.97053603407,2210.93349488007,2213.30985139748,7,0,1,6,1,19552.1927353778,314986.481972656,367445.562256296,482207.442244789,209609.017624609,161600.478043767,534985.911173651,230797.575500488
FT0213,303.233014306868,303.224106465309,303.233047576139,3032.29199737777,2971.72352501174,3037.74755507375,6,1,0,4,1,22219772.8006883,152655.036104485,347675.46312032,118777.560887572,60939.1620198972,141197.297355145,85632.8994557653,120148.750195005
FT0214,303.737870568901,303.737870568901,303.737870568901,3037.74755507375,3037.74755507375,3037.74755507375,1,1,0,0,1,970359.647005477,1054.52532487138,0,0,0,0,0,0
FT0215,304.103856261928,304.103856261928,304.103856261928,944.697616563094,944.697616563094,944.697616563094,1,0,1,0,1,23695.3290488871,233528.726570069,89900.8468011687,49099.5371776734,13898.7925803663,15716.8963904142,41582.549899065,139375.10860807
FT0216,304.238331659093,304.238331659093,304.238331659093,3037.74755507375,3037.74755507375,3037.74755507375,1,1,0,0,1,5552356.9911421,623.511979313475,20589.9171775688,1666.83840656832,628.147633815549,1745.45806747089,846.198359567201,2819.29456527332
FT0217,304.991728247394,304.991728247394,304.991728247394,80.1593664863217,80.1593664863217,80.1593664863217,1,1,0,0,1,127282.170033032,3078.74630824371,1210.19716699126,0,0,0,0,0
FT0218,305.066744627395,305.066744627395,305.066744627395,1163.4264066104,1163.4264066104,1163.4264066104,1,1,0,0,1,527421.212067526,72645.6274840461,23184.3181700427,32463.5368693805,39981.1218465835,73463.8108624017,80251.7264559241,99033.4455917941
FT0219,305.244190471952,305.239727355148,305.248653588757,3060.13555813171,3037.74755507375,3082.52356118968,2,1,0,0,1,2261373.00368719,0,0,0,0,0,0,0
FT0220,305.175901705985,305.175901705985,305.175901705985,2277.83113698437,2277.83113698437,2277.83113698437,1,1,0,0,1,1927652.95747425,61143.5874331894,259453.557339084,83881.4122506976,57125.3544640282,99244.449883791,172798.766956624,246065.813448826
FT0221,306.252017801155,306.252017801155,306.252017801155,3082.52356118968,3082.52356118968,3082.52356118968,1,1,0,0,1,466738.217368538,1196.74687045166,8500.15055435736,2673.78914934837,1271.4958009537,0,1276.88589870089,0
FT0222,307.166396796292,307.166396796292,307.166396796292,2085.5531976751,2085.5531976751,2085.5531976751,1,1,0,0,1,427635.551382604,143724.831510639,61435.7185062306,39817.6243946463,57658.3843694855,88994.778583736,75540.3092882008,100583.834047586
FT0223,307.191553376192,307.191550014998,307.191570903884,2286.77863337484,2243.31374969751,2318.45527552755,3,1,0,0,1,5082332.56362731,81069.2673291412,492842.305632588,167252.342681999,114636.984159422,185265.031774784,261792.77345809,350290.082121088
FT0224,307.191573820333,307.191573820333,307.191573820333,2175.52002633065,2175.52002633065,2175.52002633065,1,1,0,0,1,2138606.19719402,201212.208049541,498750.710131883,264377.447442644,220004.92495974,326367.403941049,437948.527819283,449187.658286772
FT0225,307.239207488551,307.239207488551,307.239207488551,3039.42307083599,3039.42307083599,3039.42307083599,1,1,0,0,1,200890.284410159,0,0,0,0,0,0,0
FT0226,307.26431265613,307.26431265613,307.26431265613,3135.24610778132,3135.24610778132,3135.24610778132,1,1,0,0,1,576641.402174725,4268.46562566412,28069.0965507016,12168.5182082462,3336.64126425004,12825.5884990018,5097.73508369485,14151.9630645428
FT0227,307.573665581507,307.573665581507,307.573665581507,3039.42307083599,3039.42307083599,3039.42307083599,1,1,0,0,1,105330.383904893,0,658.341000271064,0,0,0,0,1578.124351139
FT0228,308.098776460812,308.098776460812,308.098776460812,93.9015190394107,93.9015190394107,93.9015190394107,1,1,0,0,1,286637.144950466,2934.827634178,0,0,0,1721.210214547,6363.36575653768,1552.88192037268
FT0229,308.194901690146,308.194901690146,308.194901690146,2286.77863337484,2286.77863337484,2286.77863337484,1,1,0,0,1,969183.213498899,6061.9082307501,83211.2771236656,34418.4432367208,0,35804.0247147715,47545.2498384745,60098.4782161768
FT0230,308.419483623883,308.419483623883,308.419483623883,136.217679056572,136.217679056572,136.217679056572,1,1,0,0,1,488793.789933203,3471.12460580676,28926.467440113,46610.4534548281,0,66977.2220578713,25027.9181683862,7173.35141297602
FT0231,309.025282583443,309.025282583443,309.025282583443,1030.89634044516,1030.89634044516,1030.89634044516,1,0,1,0,1,19669.0130481194,214508.768458808,70007.554795185,103105.847550839,94518.0930814903,64492.7236007961,109943.791195985,142322.847835488
FT0232,309.098046701127,309.098046701127,309.098046701127,1480.70671699901,1480.70671699901,1480.70671699901,1,1,0,0,1,119728.116674501,11099.1972387863,11897.4901499715,1948.33597149529,0,881.73331012518,0,0
FT0233,309.207189889987,309.170816764543,309.207233523688,2400.41194138454,2197.19725566152,2553.46653274826,22,1,0,3,1,8164087.13895649,268698.474901981,1293515.824982,476263.380418442,309287.677727821,479240.838649622,906180.118203123,880342.570145731
FT0234,309.279960465482,309.279956391048,309.279964539916,3211.57999037103,3205.8615559955,3217.29842474655,2,1,0,1,1,2682685.3822754,72558.1702880341,396420.785885794,183624.851442525,104371.103132752,208850.55058593,141031.961586761,248802.41846956
FT0235,310.210546502518,310.210546502518,310.210546502518,2403.5933663732,2403.5933663732,2403.5933663732,1,1,0,0,1,1344151.29282227,50953.7354829373,261515.705676536,82112.6799608495,56636.8463001999,102715.720358472,129732.290594579,154912.155929298
FT0236,310.210552962348,310.210552962348,310.210552962348,2488.61781209177,2488.61781209177,2488.61781209177,1,1,0,0,1,1205712.5524972,20055.2615099792,117745.833256805,43271.7659134351,19398.9099137065,49464.112474651,61840.7864658483,72966.8966511174
FT0237,310.28332312543,310.28332312543,310.28332312543,3207.47898892013,3207.47898892013,3207.47898892013,1,1,0,0,1,539994.934689454,8150.98679040006,70439.2952864711,27949.7331895183,19756.6692886463,36158.3947105231,17162.8021492994,36571.7942385714
FT0238,310.730455658898,310.730326061546,310.730585256249,3083.25566976629,3081.19298507675,3085.31835445584,2,1,0,1,1,1209171.12906697,0,187427.906223142,578.436978280758,14843.3364451018,674.287478386434,12246.7715196225,22196.6991781299
FT0239,311.077306624904,311.077306624904,311.077306624904,643.12606225257,643.12606225257,643.12606225257,1,1,0,0,1,2210375.88047903,68146.198016721,63592.0586417647,76340.873886074,62024.5703217764,106682.430020398,24509.3678215685,32466.559574954
FT0240,311.168696505569,311.16868095726,311.168744411699,2892.67618268466,2864.68334516187,2977.53150642318,19,1,1,6,1,17673330.461268,18208634.1183268,21470683.1000719,31705880.7567114,14221405.5427381,19437071.5553125,18647917.4798439,29005030.2628163
FT0241,311.222841563783,311.222830355206,311.222861631166,2498.33316373192,2434.38480194999,2565.785508698,24,1,0,5,1,8537116.12845434,677520.283871039,1735496.13281247,1307031.83385102,833988.810726902,833075.068557128,1867247.01444173,4384339.91987258
FT0242,311.186463395659,311.186452400057,311.222849121956,2332.13195777877,2329.13757819723,2382.60406937866,12,1,1,6,1,5352534.56823615,2409210.2455416,4446788.17294164,2492258.46383561,2893847.39945071,2875688.47897393,3041634.25880197,3844299.68085935
FT0243,311.168713280377,311.168707774901,311.259241385095,3064.28685876502,3011.54000452822,3198.56682673854,9,1,0,1,1,302022.173521899,304661.606633048,594453.501916733,615014.608402664,6402172.78077433,688115.910832799,688605.614014793,669302.319331645
FT0244,311.204659353101,311.186467656534,311.222851049668,2175.06223425474,2172.0869827242,2178.03748578529,2,1,0,1,1,641193.049855958,0,174845.160085228,0,0,0,0,506.241562445082
FT0245,311.295615706023,311.295606627371,311.295622264048,3348.50415903599,3341.62972919226,3349.36536393278,7,1,0,6,1,537947.677792968,165443.050496215,401148.181189126,283860.996684897,214163.693913576,343170.330672785,226388.260836914,305328.229401293
FT0246,312.080668319009,312.080668319009,312.080668319009,645.155591858038,645.155591858038,645.155591858038,1,1,0,0,1,283293.252944531,0,0,1713.45641100463,0,0,0,0
FT0247,312.093680479809,312.093680479809,312.093680479809,68.3380439864543,68.3380439864543,68.3380439864543,1,1,0,0,1,294214.014833132,0,0,0,0,0,0,0
FT0248,312.17208145197,312.172062810914,312.172092006378,2876.29767343925,2864.68334516187,2903.6657164258,9,1,1,6,1,3336426.53836669,3310561.92015584,3959880.72533359,3505773.15627468,2910906.22042042,3472876.47622638,3517986.29134563,3353044.23363575
FT0249,312.189841574526,312.1898302311,312.226208070544,2331.62440536735,2329.13757819723,2370.91493636913,9,1,1,6,1,1022898.9102194,436152.979661018,824572.315683582,478486.608704359,568135.048231206,546055.843238282,582714.631054678,706112.445064137
FT0250,312.22619260845,312.22619260845,312.22619260845,2495.97132181642,2495.97132181642,2495.97132181642,1,1,0,0,1,1007707.69799692,67314.740681728,359794.914401735,141954.085093497,110827.085421804,172878.777292542,211670.793254385,252516.099616126
FT0251,313.111609873364,313.111593466343,313.111621690381,1997.27300767384,1995.8374555136,1998.50921599662,5,0,1,4,1,256983.19025192,636295.579217206,289178.808158035,274479.167369618,754442.336554445,646774.329150389,583229.567481167,479993.706667482
FT0252,313.164500983818,313.164498273237,313.16450650792,2876.30720962854,2873.81385011951,2877.60714734336,3,0,0,3,1,553991.277800723,771057.210267538,820477.980628327,1360634.36083113,820743.396855651,879221.713020831,853162.528021441,821482.955746931
FT0253,313.056575475049,313.056575475049,313.056575475049,1204.24005922949,1204.24005922949,1204.24005922949,1,1,0,0,1,1102030.94175965,89546.9953181496,77842.4158900178,71711.1382487077,15790.0563260945,70083.7543509966,0,0
FT0254,313.077694403273,313.077694403273,313.077694403273,78.2301594241065,78.2301594241065,78.2301594241065,1,1,0,0,1,382785.80403894,14016.1731834007,1707.78342628766,2049.27231922433,0,0,0,2307.79888081345
FT0255,313.126942783269,313.126942783269,313.126942783269,1705.768310991,1705.768310991,1705.768310991,1,0,1,0,1,0,133284.355589194,166756.713968028,136497.264398214,124092.581276856,92957.3152612529,56101.4405948911,77939.1340113889
FT0256,313.05657279703,313.05657279703,313.05657279703,951.684382430533,951.684382430533,951.684382430533,1,1,0,0,1,309307.601938934,6268.12212837313,3669.88217968162,14411.6878603738,707.656771914422,1833.7370727662,5140.97336007707,0
FT0257,313.238497716012,313.2384883447,313.238515980479,2502.25709288554,2414.1591600566,2540.51431347618,9,1,0,2,1,1138490.79416673,139600.385531344,1646070.94374024,239258.334133417,183269.924568631,302080.170860575,704815.196892739,316831.596598619
FT0258,313.238495573758,313.238484844559,313.238515128289,2629.76561402735,2579.21677784423,2631.01044423125,6,1,0,4,1,1078810.92226564,510323.687053353,747095.293661118,536940.398386936,439754.947631834,437350.127182089,659216.005989092,560064.211003067
FT0259,314.114713783237,314.114713783237,314.114713783237,1209.65432949276,1209.65432949276,1209.65432949276,1,1,0,0,1,202578.778752253,25424.8246020572,0,0,21168.5970370111,0,0,6641.07539273187
FT0260,314.584909770666,314.584909770666,314.584909770666,2184.92620300537,2184.92620300537,2184.92620300537,1,1,0,0,1,547492.74317596,0,1897.36657894699,3438.45885858535,25134.5792451231,42782.0549994175,46264.4349905749,47392.4532029144
FT0261,314.728987165873,314.728987165873,314.728987165873,3037.74755507375,3037.74755507375,3037.74755507375,1,1,0,0,1,336834.557577509,0,0,0,0,0,0,0
FT0262,315.087497951112,315.087497951112,315.087497951112,1880.18086779087,1880.18086779087,1880.18086779087,1,1,0,0,1,758909.694900511,0,0,9558.87112742895,17318.566480102,15320.2585500202,74613.0001537916,68773.1813571248
FT0263,315.093342337862,315.093342337862,315.093342337862,68.3380439864543,68.3380439864543,68.3380439864543,1,1,0,0,1,165272.737746939,19405.862864379,3051.81508246442,0,10602.7374874115,3933.21234423413,2542.66178599723,12502.8210508941
FT0264,315.072238205494,315.072238205494,315.072238205494,631.805217727129,631.805217727129,631.805217727129,1,1,0,0,1,1010442.27041105,10425.6199541053,35932.1509634524,32258.378571135,27190.25237387,62485.1381059933,8488.54494738781,1501.0865635473
FT0265,315.254149861269,315.254131037473,315.254169021035,2680.49678431531,2625.03820467624,2686.50333505957,11,1,1,5,1,1020292.74498047,464582.989194744,647472.277926637,736897.292389462,362879.551276627,628938.046346751,384406.366028767,564333.268678975
FT0266,316.257526229305,316.257526229305,316.257526229305,2686.50333505957,2686.50333505957,2686.50333505957,1,1,0,0,1,190851.619406738,92852.838985353,128831.396516792,105055.430604818,70339.6504010908,82427.483950415,98845.016120138,111277.858474714
FT0267,317.054855312183,317.054822733605,317.054883070821,104.931360864718,71.4926736122435,145.329807629223,11,1,0,4,1,24599229.9136153,303973.923854137,1780257.11983721,144540.212105529,62594.9283760228,4354902.35527484,3883712.58538588,2156241.63722083
FT0268,317.103148364754,317.103148364754,317.103148364754,1880.18086779087,1880.18086779087,1880.18086779087,1,1,0,0,1,94854.6361014225,2729.93752825345,0,0,0,12132.3587508311,4095.69177462966,8158.40317217178
FT0269,317.192896434179,317.17350041862,317.212292449738,2834.83236524095,2828.78541971442,2840.87931076748,2,1,0,0,1,749623.581452635,0,0,0,0,0,0,0
FT0270,317.248681552206,317.248681552206,317.248681552206,3077.9828189758,3077.9828189758,3077.9828189758,1,1,0,0,1,118857.392661132,1097.35310045432,726.616398346282,0,908.673064866914,0,0,0
FT0271,317.854695620978,317.854695620978,317.854695620978,3228.21555919744,3228.21555919744,3228.21555919744,1,1,0,0,1,586542.447052801,0,0,0,0,0,0,0
FT0272,318.058224115896,318.058209415782,318.05823881601,90.6005773338273,71.4926736122435,109.708481055411,2,1,0,0,1,2300843.26796606,38144.605305828,155608.210263319,11192.0684156342,0,243188.196247887,318940.782123972,159918.467923059
FT0273,318.189189556688,318.189189556688,318.189189556688,3228.21555919744,3228.21555919744,3228.21555919744,1,1,0,0,1,305491.424345645,0,0,0,0,0,542.748362634225,0
FT0274,318.174545827773,318.174545827773,318.174545827773,2492.12566282764,2492.12566282764,2492.12566282764,1,1,0,0,1,180024.774459469,0,0,0,0,849.854651534346,0,0
FT0275,319.050649466598,319.050649300905,319.050649632292,74.861416518175,71.4926736122435,78.2301594241065,2,1,0,0,1,1095203.1706022,11139.5759693945,65863.2091866058,0,0,118044.368790828,147566.911678528,58575.7395625427
FT0276,319.136146344995,319.136146344995,319.136146344995,2184.92620300537,2184.92620300537,2184.92620300537,1,1,0,0,1,165141.294636838,0,0,0,0,0,0,0
FT0277,319.227929445195,319.227928124858,319.227938747574,2781.36437675518,2756.62621971191,2812.39225567047,3,1,0,0,1,3739351.47454929,17798.7602702216,66793.5817026042,26823.7954187425,13225.085999292,26659.9657834218,17624.9177969734,24439.7274219208
FT0278,320.231311839327,320.23130845038,320.231317932478,2781.36437675518,2756.62621971191,2812.39225567047,3,1,0,0,1,738866.365667326,0,6938.72294152483,3460.62345595595,0,0,0,0
FT0279,320.970860125151,320.970859289116,320.970860852239,1090.71765936623,1088.92355978455,1090.90180816807,3,0,0,3,1,241207.074389115,229181.763070518,210442.220809659,267813.314877319,152941.865587861,183709.10383219,120384.950164795,153571.08416235
FT0280,321.204786809634,321.204784302196,321.204789317072,3000.76430780984,2998.53218516281,3002.99643045688,2,1,0,1,1,473055.452138666,109936.506593562,192950.519364125,145570.155787547,81200.8152497844,130853.488429046,107174.275589525,167761.187038909
FT0281,321.243617025903,321.243617025903,321.243617025903,2812.39225567047,2812.39225567047,2812.39225567047,1,1,0,0,1,742720.24979655,11893.575668137,72799.4344936445,30977.4604816498,26939.0588285605,47018.5228145103,24754.2342995736,34812.7541579444
FT0282,321.1820469213,321.1820469213,321.1820469213,2211.5807312903,2211.5807312903,2211.5807312903,1,1,0,0,1,497019.011018414,140838.540041056,55001.7679063871,57953.2679183666,40795.4473459068,82716.2390356524,103794.852992591,113553.501570833
FT0283,322.061428956553,322.019975961261,322.070779260589,68.6364803336645,66.9299352218612,69.766336613007,4,1,0,3,1,281598.040027442,193683.46827248,5878.93273398912,0,313777.149100814,447704.658813538,0,446114.414317154
FT0284,322.078676015915,322.078676015915,322.078676015915,1341.69110389128,1341.69110389128,1341.69110389128,1,1,0,0,1,377867.74381069,13749.2710680626,0,0,8300.65603660743,0,0,0
FT0285,322.060050776039,322.060050776039,322.060050776039,1802.6796118539,1802.6796118539,1802.6796118539,1,1,0,0,1,325617.51293533,0,0,0,0,0,0,36442.5266882314
FT0286,322.087140550858,322.087140550858,322.087140550858,1141.87128463741,1141.87128463741,1141.87128463741,1,1,0,0,1,440848.312161366,150853.126862655,3334.59384980865,0,0,2618.16626458263,2308.50492179595,0
FT0287,323.028664825453,323.028648690125,323.098442759743,112.334969866326,108.62680311266,116.454037008462,4,1,1,2,1,475285.033937347,188515.988645241,248397.875507946,396669.749214018,317586.596324507,302352.153198496,151624.151529863,134761.331169643
FT0288,323.220451343428,323.22043745263,323.220467490444,3088.92402445246,3082.52356118968,3090.39963945874,9,1,1,6,1,939163.924963768,372781.416610306,680729.360057885,591494.116528844,611330.227190285,674207.121915624,682780.425648189,634578.518631302
FT0289,323.241050012153,323.222864205692,323.259235818614,2954.57020567345,2931.58889969218,2977.55151165471,2,1,0,0,1,614435.953801277,0,0,0,0,0,0,0
FT0290,323.222844024134,323.222844024134,323.222844024134,2766.26944029169,2766.26944029169,2766.26944029169,1,1,0,0,1,397435.641790297,43105.7251195694,68775.943365425,51093.7778677305,25040.4544814727,41701.6262269069,45768.1545353216,57282.1422313059
FT0291,324.156563360388,324.156563360388,324.156563360388,1042.34404773468,1042.34404773468,1042.34404773468,1,1,0,0,1,597677.749401428,170272.848718163,156403.469494991,99352.2513804251,66620.7530308773,79760.8225753869,90485.0141729617,95999.3698615882
FT0292,325.16573137924,325.147979700047,325.165762006924,2219.1778660443,2218.20607586159,2238.21934661321,9,1,1,6,1,1426451.43166573,845849.250558468,433374.439104892,232657.303982599,238638.312590051,280087.313659667,329984.792674008,299957.596589547
FT0293,325.092965749666,325.092959959688,325.092980811417,1164.86086750825,1163.86658610268,1165.8571377034,6,0,1,5,1,71444.455036593,1380538.38887304,343469.762052929,640497.613290755,590280.661669923,643602.237572541,813500.312182059,602349.143315967
FT0294,325.092973385326,325.092973385326,325.092973385326,896.931418278917,896.931418278917,896.931418278917,1,1,0,0,1,532846.317840745,110123.364264925,179407.266553329,219440.050061627,75366.89907297,220829.977682861,48273.1654358848,20631.3008535701
FT0295,325.184346925171,325.184333821783,325.274894779686,2992.39409317869,2898.37255381932,3047.24518919193,26,1,1,6,1,1895951.69746096,2467423.46698676,5782950.08455613,6407518.16595427,5374540.05670955,5777445.52011891,6545537.09758999,6137102.05372618
FT0296,325.238537419473,325.238537419473,325.238537419473,2820.61605683951,2820.61605683951,2820.61605683951,1,1,0,0,1,363514.848413083,18676.9074270487,63544.8961506464,35141.3244788825,25531.1508515646,25975.5189241014,30050.925853104,40148.7242211626
FT0297,325.202119930181,325.202119930181,325.202119930181,3170.54516993433,3170.54516993433,3170.54516993433,1,1,0,0,1,254971.88884533,479.947964972535,9710.95619984621,0,0,1231.31237066231,0,0
FT0298,325.202121512934,325.202107161846,325.202150640772,2175.52002633065,2094.59508566285,2309.57245137466,17,1,0,3,1,6206978.9005218,573053.316260582,1696534.88396052,963729.620770684,591015.028772303,1075996.6427886,2110648.38613768,2340504.93696288
FT0299,326.09631266606,326.09631266606,326.09631266606,1163.86658610268,1163.86658610268,1163.86658610268,1,0,1,0,1,0,145372.493289019,34142.2518633694,77686.8526256433,75606.2594720961,109709.836806825,90628.9475750862,96412.4372289569
FT0300,326.169104797422,326.169104797422,326.169104797422,2218.36242029948,2218.36242029948,2218.36242029948,1,1,0,0,1,244712.156412357,56555.4819570257,88024.4588342656,41203.1899852784,33891.7091987835,53541.2184136631,64712.3346686425,53141.8984220094
FT0301,326.187733321231,326.187723242265,326.187755984578,2992.44390694544,2975.40167374927,3021.70032632307,13,1,0,5,1,403010.814682621,362987.122679874,1230075.08819958,1038902.45876264,731455.640930949,1168522.66045589,1140254.58889161,1204801.15407737
FT0302,326.205492317584,326.205492317584,326.205492317584,2175.52002633065,2175.52002633065,2175.52002633065,1,1,0,0,1,1120981.02856761,105682.240555674,357384.946448784,174485.000574773,114279.477316383,192877.965640868,400246.056774777,452956.535690008
FT0303,326.205478231303,326.205478231303,326.205478231303,2243.31374969751,2243.31374969751,2243.31374969751,1,1,0,0,1,1259108.77245955,84205.1814398979,194300.146096019,90873.0793872939,68596.864955898,131422.781471248,287164.072723179,243944.765708689
FT0304,327.12725932751,327.127247685653,327.127265902736,2162.69445986437,2161.16565728226,2164.90749639946,3,0,1,2,1,194766.977170874,713841.544332275,164259.841138838,190111.250984437,364054.297681912,344014.491949838,370228.18989397,315867.895042064
FT0305,327.08749654205,327.08749654205,327.08749654205,1779.28900962774,1779.28900962774,1779.28900962774,1,1,0,0,1,275671.468470051,85060.6927757807,59830.0502357606,58435.564950748,68012.1332083233,66238.1395514603,56741.1207543919,59085.904264665
FT0306,327.087492600078,327.087492600078,327.087492600078,1870.4104986193,1870.4104986193,1870.4104986193,1,0,1,0,1,0,274184.035023437,97943.9047832013,60853.4705190533,114645.351244791,88864.5353461233,32949.157717492,42955.3372366868
FT0307,327.051093879543,327.051093879543,327.051093879543,1211.50781426086,1211.50781426086,1211.50781426086,1,0,1,0,1,11629.3546716641,294816.995768855,136964.79694272,87680.159507791,80204.6818310332,97274.3126882023,64750.4673495622,71395.8681370357
FT0308,327.181393821519,327.181375321653,327.217204678965,2059.94445962459,2058.35269493613,2070.80354853069,9,1,1,6,1,5596553.09475951,1157094.02989453,1412309.58838793,933865.794551364,1271323.21260462,1320039.17847844,1328147.68447916,1430333.03825878
FT0309,327.290535059348,327.290528950385,327.290549156758,3177.89148546875,3170.54516993433,3178.73730691742,6,1,0,5,1,518007.142402346,107587.75385075,187898.430642934,132692.405124955,242024.717834476,342492.872293529,174611.514177023,279572.964931644
FT0310,327.290527777294,327.25414964496,327.290534820754,2998.53218516281,2956.05648359137,3000.5576561714,3,1,0,2,1,818174.053777901,121584.039821925,209760.144141114,147859.552499343,126828.956570638,145017.316272825,83464.2959256718,161413.296955229
FT0311,327.19865811897,327.19865811897,327.19865811897,3347.65989620872,3347.65989620872,3347.65989620872,1,1,0,0,1,4893462.91717448,1246.23144179768,124276.724893643,20645.310647847,1044.83368427628,27610.3266601385,6328.30703288239,23076.095866063
FT0312,327.217790347038,327.18137676802,327.217843972601,2236.56895263963,2144.37417994069,2396.67342399894,33,1,1,6,1,127789783.102787,3057104.54223633,8970748.21019903,4126581.96770184,2198227.40323662,3974039.68044708,7289972.92296883,7043275.65896135
FT0313,327.533135542575,327.533135542575,327.533135542575,3347.65989620872,3347.65989620872,3347.65989620872,1,1,0,0,1,2884821.04486328,0,67458.6624561302,7334.93854237856,0,8977.90218038918,524.205578956651,3820.0867521429
FT0314,327.748738120788,327.748738120788,327.748738120788,2969.89570508271,2969.89570508271,2969.89570508271,1,1,0,0,1,183502.842419359,0,0,0,0,0,0,0
FT0315,327.867460573622,327.867460573622,327.867460573622,3347.65989620872,3347.65989620872,3347.65989620872,1,1,0,0,1,799233.987121587,0,9602.6087475386,0,0,0,0,0
FT0316,328.045327004337,328.045327004337,328.045327004337,173.614918320523,173.614918320523,173.614918320523,1,1,0,0,1,141928.588963013,32509.3590231366,56078.6402841765,27146.6704574401,25294.1457096174,22955.8013504052,25673.4070340387,37513.3954920205
FT0317,328.221138049436,328.221108716062,328.223247892217,2236.48857793437,2144.37417994069,2264.84292763365,14,1,1,4,1,25073006.0658798,519549.756317139,1328541.09419783,696905.785979824,327530.293016513,699846.153485486,2729848.90441883,1302498.20716337
FT0318,328.184772091402,328.184762206946,328.184778909445,2059.31283924254,2058.35269493613,2061.33337241721,7,1,1,5,1,394789.381116698,144432.778480226,224401.806115257,178477.389872017,217342.759058728,202452.00717041,188286.375039062,246606.351678934
FT0319,328.293907081556,328.293907081556,328.293907081556,3000.5576561714,3000.5576561714,3000.5576561714,1,1,0,0,1,149739.881749673,26752.4750534442,59552.742418158,41981.4001781472,24606.5272316514,35451.646617253,19877.5861630855,39757.7095647278
FT0320,329.066749517386,329.066732491588,329.066769858335,1997.56326642033,1973.9640316981,1999.80526693441,9,1,1,6,1,2703745.88558215,3436132.86758606,1124498.68025879,1446506.85397977,778960.174895833,575621.848327413,10323179.5871423,3182111.49727734
FT0321,329.060811723581,329.051500734136,329.070122713027,1088.14786921375,1065.57425867497,1110.72147975254,2,1,0,1,1,432852.531591796,0,0,3092.02920605144,130126.46046936,0,0,0
FT0322,329.066734020839,329.066734020839,329.066734020839,1586.98736649554,1586.98736649554,1586.98736649554,1,1,0,0,1,141725.241104736,10364.9245160353,6217.20397318133,3978.68001167078,0,3586.69755040017,14123.0599353994,14707.219381225
FT0323,329.066748098177,329.066748098177,329.066748098177,2146.3290992197,2146.3290992197,2146.3290992197,1,1,0,0,1,220684.309590594,38123.3879369137,17207.2132480336,23443.183149197,21898.5722200269,18976.3859177427,96438.2553986927,46265.8762814272
FT0324,329.087869559861,329.087869559861,329.087869559861,689.016595699247,689.016595699247,689.016595699247,1,1,0,0,1,587199.412226138,18284.5350046233,39112.0715412543,43772.4129278404,23916.6022583492,95069.5873625045,19788.1171147431,35565.0638678978
FT0325,329.233432499163,329.175907873213,329.233480850626,2315.86256269258,2224.8672830277,2436.12728540829,54,1,1,6,1,33499193.7350954,3555365.4906625,10735228.1230871,4779750.1175,3257292.00890512,5230325.5372812,9130157.87716949,7017494.8978582
FT0326,329.233426672448,329.223265831145,329.233434453015,2110.33485096966,2108.9022877393,2144.37417994069,3,1,0,2,1,3488262.1880962,295029.436010726,684062.550107334,696946.435561821,257621.532928511,243403.458843839,1417185.98701906,874599.823969898
FT0327,329.738813017214,329.738813017214,329.738813017214,2230.34954493266,2230.34954493266,2230.34954493266,1,1,0,0,1,494601.395802746,0,0,0,536.922374249609,0,0,0
FT0328,330.236804610972,330.23679386292,330.236827073333,2230.58117108157,2225.33770536895,2255.81681918132,12,1,1,5,1,6444478.10467469,771830.450914885,2080662.8568173,970128.03413086,558638.392541579,977139.20967146,1267608.76112381,1384976.23321311
FT0329,330.236805167635,330.236795858282,330.236852190594,2377.2599068261,2376.28453409377,2377.86248063131,7,0,1,6,1,198087.826571905,687866.27170673,925502.311748392,800874.574375383,636640.351125674,480111.222728364,1836204.10009616,791250.582657545
FT0330,330.070119800053,330.070101004186,330.171145818299,1997.3806821128,1952.6693264774,1999.80526693441,4,1,1,2,1,289119.313200335,619339.210365886,207173.798577883,232157.398932757,163411.088696818,107827.857032158,2024624.40498829,437706.337167076
FT0331,330.879347475072,330.879347475072,330.879347475072,66.1488548941845,66.1488548941845,66.1488548941845,1,1,0,0,1,854351.877577598,0,186748.829435708,144291.055528372,49292.1990571804,92230.1036394079,97467.2385810242,92405.4547928094
FT0332,331.046019669544,331.046019669544,331.046019669544,1920.03135862986,1920.03135862986,1920.03135862986,1,1,0,0,1,2602966.96743814,2079.17358134467,135930.348545581,69946.6087616846,30994.5238986343,77663.310041284,75773.1701034558,153601.539045855
FT0333,331.24905190001,331.240134818854,331.249081308094,2467.75909197154,2379.49609665216,2469.87734051571,10,1,1,6,1,140409.869467161,1099528.7635716,1792110.39638294,2180584.19530049,1214761.94103842,928132.454244855,2860119.04355796,1249025.79903808
FT0334,331.249068174994,331.24906260608,331.249079739646,2250.48138030081,2214.54948003852,2272.07060770861,9,1,1,6,1,578655.089656255,795521.953664173,1029591.85460611,755396.948140025,675091.346262724,931729.954321292,1028035.63052816,983659.302871089
FT0335,331.227950906637,331.227950906637,331.227950906637,2900.497894763,2900.497894763,2900.497894763,1,1,0,0,1,292228.995221056,21041.0230251824,28891.1718483455,17070.256759536,13998.7582202034,15668.9834075666,14825.2263579664,29919.8596246236
FT0336,331.264340359655,331.264340359655,331.264340359655,3113.5347523489,3113.5347523489,3113.5347523489,1,1,0,0,1,241750.396837252,1902.54850931363,5666.90147317735,650.128456420295,0,0,786.247991913453,1321.09546878283
FT0337,331.858736998178,331.858736998178,331.858736998178,3120.07010221638,3120.07010221638,3120.07010221638,1,1,0,0,1,123953.251787109,0,1971.96182844785,0,0,0,0,0
FT0338,332.049385712099,332.049385712099,332.049385712099,1920.03135862986,1920.03135862986,1920.03135862986,1,1,0,0,1,391762.483347866,0,11048.551877262,4479.07926241796,0,0,4319.63819531149,0
FT0339,332.111667819434,332.111667819434,332.111667819434,103.947738068775,103.947738068775,103.947738068775,1,1,0,0,1,734001.3869375,0,23836.8992244984,6131.67992330917,14970.4129342375,4690.546168056,8648.58421912819,21936.9877777233
FT0340,332.252409219957,332.252403061278,332.252420675977,2468.03964863387,2465.63732030796,2469.87734051571,6,0,1,5,1,25247.2258174798,199289.826257322,340338.367481993,433263.397982085,224690.651442058,201950.385777246,565851.363090819,208805.376083373
FT0341,332.190195973776,332.190195973776,332.190195973776,2620.07692539397,2620.07692539397,2620.07692539397,1,1,0,0,1,650024.448896489,0,6596.91686528686,18547.9900164165,19918.7243256039,11127.0379581364,8144.41354573054,11068.6924075132
FT0342,332.530427671982,332.530427671982,332.530427671982,3109.80469628721,3109.80469628721,3109.80469628721,1,1,0,0,1,304724.417928473,0,24377.6395577169,0,0,0,0,0
FT0343,332.864923271202,332.864923271202,332.864923271202,3109.80469628721,3109.80469628721,3109.80469628721,1,1,0,0,1,161129.277471244,0,7937.95300353832,0,0,0,682.576049731521,0
FT0344,333.168444871292,333.168430746275,333.168455077886,2331.00278277097,2329.69590010382,2332.57470304789,8,1,1,6,1,710507.761981201,546762.118776592,768608.362210775,459393.809309265,502471.945032918,495708.934308727,573575.391026175,644442.680486506
FT0345,333.059307647204,333.059283307337,333.059331987071,86.0111050310848,64.872470984916,107.149739077254,2,1,0,0,1,2159646.46494589,486910.802349414,452296.063902802,451613.946011244,356856.790057136,461025.965653055,455179.993143864,355158.578140186
FT0346,333.061677803844,333.061677803844,333.061677803844,713.94255546965,713.94255546965,713.94255546965,1,1,0,0,1,436349.770972733,103970.21722589,83934.1166159846,81517.6268019703,107097.980236686,131816.841880885,102346.007196675,109507.021319369
FT0347,333.14743781645,333.14743781645,333.14743781645,2840.87931076748,2840.87931076748,2840.87931076748,1,1,0,0,1,181374.41495524,0,0,0,0,0,0,0
FT0348,333.168438212168,333.168438212168,333.168438212168,2474.123643952,2474.123643952,2474.123643952,1,1,0,0,1,449409.21616504,1817.53066552226,37740.2393007757,7927.11161923718,3073.39916191349,11675.8118581123,12647.511684414,11821.4904258906
FT0349,333.243577583172,333.243577583172,333.243577583172,2942.16322525444,2942.16322525444,2942.16322525444,1,1,0,0,1,302754.45205567,13829.8152463017,18855.259852848,9371.09469313246,10762.9019554712,15935.265130523,12922.0442598956,19722.6042282959
FT0350,334.171799948926,334.171799948926,334.171799948926,2332.57470304789,2332.57470304789,2332.57470304789,1,1,0,0,1,87724.6847287323,92443.1988106602,138590.310109798,86204.9910965375,86923.4152697525,84478.5138086886,102660.888608123,117129.347950136
FT0351,334.205843558007,334.205843558007,334.205843558007,2630.23499705888,2630.23499705888,2630.23499705888,1,1,0,0,1,1639971.18046022,0,14673.8766476888,0,4112.85613946732,10589.2362806357,41458.5036835559,105150.092363221
FT0352,335.077326240363,335.077323498707,335.077332093784,1007.65497790533,1005.52079760878,1009.16766405673,4,0,1,3,1,265029.98985908,1292114.04535755,802625.382636459,778755.120067361,1022107.03501642,908265.038784878,826480.557329387,755301.486514216
FT0353,335.077329303457,335.077329303457,335.077329303457,1129.12441907594,1129.12441907594,1129.12441907594,1,0,1,0,1,193414.533737141,622420.275033568,126879.702439433,120538.49805695,144865.132896113,135055.877087666,155689.133337513,155074.756819317
FT0354,335.222872385161,335.209216554195,335.222893940869,2632.76223447047,2622.5911440027,2635.0309431502,8,1,1,5,1,1098672.62929686,168335.082910155,261955.968257814,163014.007042482,249685.673300432,239646.27252764,228775.964979152,201615.440885014
FT0355,336.080677144171,336.080677144171,336.080677144171,1005.64752761047,1005.64752761047,1005.64752761047,1,0,1,0,1,25038.5965439912,118061.874770182,118833.150039196,91293.3183787376,134713.553268673,113157.613865101,88699.8810682912,70065.6085247458
FT0356,337.092965918342,337.09295892134,337.092971317575,909.258289924512,881.472603130453,911.168076484515,9,0,1,6,1,471346.998318069,5982128.69854107,2491043.03024349,2353315.92300898,3761551.7172349,3176852.28205148,2559257.84723572,1841443.61699955
FT0357,337.056602383455,337.056602383455,337.056602383455,1204.24005922949,1204.24005922949,1204.24005922949,1,1,0,0,1,121327.35553418,119960.369792909,0,0,3911.60166656085,4786.14027511297,8267.72022261764,0
FT0358,337.074687803183,337.074687803183,337.074687803183,1588.89548396791,1588.89548396791,1588.89548396791,1,1,0,0,1,261600.831580629,0,0,0,0,0,4924.41065406786,0
FT0359,337.092969528094,337.092969528094,337.092969528094,1061.05840243725,1061.05840243725,1061.05840243725,1,1,0,0,1,1852475.73923913,237857.892448723,111192.528321058,132205.646426569,205523.542077891,219532.453250577,157624.81340073,195865.313052404
FT0360,337.228899752737,337.219274800931,337.238524704543,2685.67874908995,2658.75331494237,2712.60418323754,2,1,0,0,1,815288.689842731,545.281832579886,782.128115495254,0,0,0,0,888.249260423867
FT0361,337.238527358591,337.238527358591,337.238527358591,2840.87931076748,2840.87931076748,2840.87931076748,1,1,0,0,1,410485.880038655,15762.2264508651,50471.0259959855,29041.5403817434,15791.3612702455,30521.4736436078,18106.9302789289,38170.5180887645
FT0362,338.096317969181,338.096313576758,338.096322361603,908.866031808823,908.478509860616,909.253553757031,2,0,1,1,1,35751.2187366062,878842.155505993,336760.416876933,311096.774739646,465664.63307433,378813.652890843,314891.599850507,137416.023654158
FT0363,338.096329298398,338.096329298398,338.096329298398,1067.31653036054,1067.31653036054,1067.31653036054,1,1,0,0,1,144983.324816081,0,0,0,0,0,0,0
FT0364,338.24499022344,338.24499022344,338.24499022344,1069.28218926679,1069.28218926679,1069.28218926679,1,1,0,0,1,515431.950999024,0,145788.152565192,88843.7350747083,102409.463475265,76367.8208343916,84865.6239356749,71035.6830797329
FT0365,339.093382082639,339.093368193695,339.093396615695,90.8083782430066,73.0517644347356,118.970930694436,11,0,1,4,1,42665.8894192228,1012082.08113171,383748.148431804,857360.84200261,1077962.02911999,671772.067447309,1155530.30488616,1099291.36515445
FT0366,339.108615076681,339.108613047546,339.108626267326,761.791391589654,760.021814975653,763.213176543668,3,0,0,3,1,206547.972067346,250544.199396307,249587.250843599,219198.417479875,143958.210634143,311638.143623047,52786.4029302881,42072.5269249704
FT0367,339.072242462674,339.072242462674,339.072242462674,883.57113098796,883.57113098796,883.57113098796,1,1,0,0,1,173398.548105469,19590.4318969825,24968.5032328359,19960.7078592411,18379.676881533,16003.1200941875,21926.8231131852,21452.1895149403
FT0368,339.051089423671,339.051089423671,339.051089423671,2528.79175208914,2528.79175208914,2528.79175208914,1,1,0,0,1,141883.277431641,44775.6265400175,50701.5690863499,37874.589011629,51066.2049751085,42839.5878241302,127745.702706172,258479.155805609
FT0369,339.119858611885,339.119858611885,339.119858611885,1195.11355882887,1195.11355882887,1195.11355882887,1,1,0,0,1,275561.579333332,41769.6513850015,94142.0982069649,31599.1420695566,7455.21587018107,31125.5863332322,54542.2134918353,67586.7132470335
FT0370,339.16361322905,339.16361322905,339.16361322905,2377.86248063131,2377.86248063131,2377.86248063131,1,0,1,0,1,46241.3735794255,534837.310784434,116526.589754748,54842.8859083478,139190.024067924,130016.561176484,209776.445616283,205492.324674593
FT0371,339.200032624003,339.200011034199,339.254164880274,3106.00995871663,3037.74755507375,3143.5261231181,14,1,0,4,1,147121.295939331,233090.71879887,1560725.89144227,742091.157620011,1077451.4848334,887186.043132272,1914745.84521387,984969.483630378
FT0372,339.234942473609,339.234942473609,339.234942473609,2737.96498317459,2737.96498317459,2737.96498317459,1,1,0,0,1,189905.794669096,0,19986.2386322676,0,0,3510.06575441374,788.211179876058,1197.19787882869
FT0373,339.326910586566,339.326901253297,339.326919919836,3578.25183666544,3577.5070810677,3578.99659226317,2,1,0,1,1,2443057.72261522,454244.892752655,958465.817567661,614026.088907004,545938.343517033,774304.967366855,508477.820659969,842769.818157161
FT0374,339.770597683985,339.770597683985,339.770597683985,139.115394241513,139.115394241513,139.115394241513,1,1,0,0,1,219246.335233968,0,0,0,0,58423.7185013874,0,0
FT0375,341.1428924909,341.142884297771,341.142908893024,2300.90681084349,2295.23973727446,2304.23019320321,8,1,1,6,1,153664.362271395,1048341.32602941,334728.429628055,135812.028458656,425630.166213867,466493.364859442,455815.188925505,422631.86489551
FT0376,341.160652046707,341.160642106386,341.160657012689,2224.83542681763,2223.96390381511,2225.7842949406,7,0,1,6,1,138926.051423242,308346.339526365,554438.750523792,342687.608756512,485563.617416994,741524.762231459,518160.102815917,471795.321911614
FT0377,341.074120538701,341.039196132244,341.109044945158,129.319882550172,105.556834578964,153.08293052138,2,1,0,1,1,555334.807794271,0,0,1373.97417482236,0,3194780.58922989,0,1987.58702617666
FT0378,341.197048936672,341.197032663848,341.197075834686,1973.36837033608,1824.41875336253,2131.29415912585,21,1,0,3,1,3760794.31639208,587500.720601537,1682268.39251953,852230.441741943,479587.661508017,829694.085129499,1544903.88029056,3416102.53930194
FT0379,341.233471707252,341.233471707252,341.233471707252,2523.54869388531,2523.54869388531,2523.54869388531,1,1,0,0,1,681701.69995779,75156.5655914493,202871.491819072,92442.7796138317,99851.0732349461,135944.361900972,353708.984694242,317739.403532714
FT0380,341.771600925194,341.771436552821,341.771765297567,156.586064365526,154.923384779972,158.248743951079,2,1,0,1,1,522416.241736247,27772.9292161115,89888.7890392312,37729.3352487897,0,198451.59860648,25026.3804595866,2599.81156331423
FT0381,342.105939683029,342.105939683029,342.105939683029,154.923384779972,154.923384779972,154.923384779972,1,1,0,0,1,206895.421749451,0,10743.436227196,0,0,59370.8226175927,0,2823.34425545245
FT0382,343.168247146178,343.168247146178,343.168247146178,2452.18989336254,2452.18989336254,2452.18989336254,1,1,0,0,1,203135.572786254,0,40813.9126903662,9856.6544797877,1229.11356312722,2257.5253663409,17549.1303626701,34307.5156033941
FT0383,343.21267770549,343.211758246987,343.212691600722,1930.08567984451,1874.68844053172,2081.27860650551,22,1,0,4,1,9054999.42061723,1243958.89887429,5185264.41901507,1586056.03564212,1290947.18766425,2261145.32500488,7489466.25077206,5920770.27297286
FT0384,343.212680256506,343.211816796849,343.212705673244,1818.15810533302,1729.63819831172,1822.82052668447,10,1,0,4,1,15156618.2677847,1490469.1854369,7230246.85516356,2004249.03353726,1466357.09118119,2846744.67653546,4057774.05323191,7908083.85816533
FT0385,343.18917402832,343.18917402832,343.18917402832,2909.00259262247,2909.00259262247,2909.00259262247,1,1,0,0,1,142664.615893433,736.802374884593,0,0,0,0,0,0
FT0386,343.717695425978,343.717695425978,343.717695425978,1821.44732856267,1821.44732856267,1821.44732856267,1,1,0,0,1,257656.419546274,0,2682.08252324842,0,0,0,0,0
FT0387,344.040220657748,344.040214084829,344.040227230667,203.279376039085,202.171454686837,204.387297391334,2,1,0,1,1,1164896.34327522,173455.564745178,116120.431445801,194488.420034305,85130.1623558094,157239.320314739,127668.433877811,161037.623201538
FT0388,344.216072977785,344.216072977785,344.216072977785,1821.44732856267,1821.44732856267,1821.44732856267,1,1,0,0,1,3252890.74419644,291245.004672068,896881.363451968,356896.88280814,270206.016196984,398004.530728428,717988.836631012,1016640.28127125
FT0389,345.061702918602,345.061695163147,345.061707211567,2096.52091617557,2094.59508566285,2098.08334311221,4,1,0,3,1,2076111.45149049,1302.91366461128,243108.380212811,202213.002102119,120504.067900803,115653.095455076,229283.014656415,299275.423882483
FT0390,345.114809121851,345.114494779017,345.1148174283,154.956551026831,154.923384779972,156.352480691913,3,1,1,1,1,697735.868912435,244276.867916316,211962.600746005,110625.50560889,12405.3740173411,793125.568751736,82675.7623025412,5615.02432427163
FT0391,345.108629949374,345.06169059895,345.155569299798,1433.58190886108,1421.18750846073,1445.97630926144,2,1,0,0,1,302049.182378359,0,0,0,0,0,0,0
FT0392,345.155564483409,345.155564483409,345.155564483409,1341.69110389128,1341.69110389128,1341.69110389128,1,1,0,0,1,201775.290831163,36234.4816965387,42698.7501018442,14221.5673139318,16767.1031845997,45802.6574231138,35847.4823348522,24750.9932003127
FT0393,345.204855262316,345.204841616346,345.243608098564,2973.28677117451,2963.6162575704,2975.40167374927,5,1,0,3,1,1985539.41005128,125233.626940059,235966.583884839,133422.178312761,44131.8955912804,137541.908110353,79115.710925901,137133.895151
FT0394,345.183914579391,345.183905664545,345.183923494237,2547.35896867261,2537.92083513042,2556.7971022148,2,1,0,0,1,970188.470209524,1425.88903572209,58498.502135858,19423.9699483295,7019.76101110044,21208.3532023695,42224.794734736,55638.885794517
FT0395,345.449126604695,345.44897448707,345.44927872232,155.637932735943,154.923384779972,156.352480691913,2,1,0,1,1,263302.744269456,71370.9630969061,54163.9546187048,17062.1681037482,0,263619.029858329,0,0
FT0396,346.065050264767,346.065050264767,346.065050264767,2096.50988520743,2096.50988520743,2096.50988520743,1,1,0,0,1,370195.755963134,0,47094.4581118689,32991.8545281689,17330.6747248485,29418.6360654051,42753.5459823588,44434.2426933267
FT0397,346.129682175242,346.129682175242,346.129682175242,1153.04048415594,1153.04048415594,1153.04048415594,1,1,0,0,1,365689.041931816,3832.88771701273,8372.07334586136,6759.30231692737,5225.06264776471,17485.5555983412,28639.1464871213,15607.7838510733
FT0398,346.417136629495,346.417136629495,346.417136629495,1204.24005922949,1204.24005922949,1204.24005922949,1,1,0,0,1,4261592.73520361,0,0,0,0,0,0,0
FT0399,346.752859341973,346.752859341973,346.752859341973,1204.24005922949,1204.24005922949,1204.24005922949,1,1,0,0,1,2206789.5844922,0,0,0,0,0,0,0
FT0400,346.953754832368,346.953754832368,346.953754832368,563.555316795331,563.555316795331,563.555316795331,1,1,0,0,1,672063.160113596,850.802051978071,9021.12589860245,5320.80586311008,0,0,0,18670.0788711665
FT0401,347.087091337442,347.087091337442,347.087091337442,1204.24005922949,1204.24005922949,1204.24005922949,1,1,0,0,1,477877.230468755,0,0,0,0,0,0,0
FT0402,347.220463679079,347.2204435591,347.220474386755,3040.88274121517,3040.60465543973,3047.24518919193,6,1,1,4,1,1006553.29244641,129188.35649719,390862.510491385,169620.577501956,101654.697349883,247139.167254468,142298.977739807,203849.367822671
FT0403,347.199567006143,347.199567006143,347.199567006143,2627.88392849433,2627.88392849433,2627.88392849433,1,1,0,0,1,304064.010502484,1840.58975477235,41202.8526431942,11950.1900786386,5086.05005018491,12472.6579189082,24501.8747737761,29291.6655016887
FT0404,347.222868168094,347.222868168094,347.222868168094,2523.54869388531,2523.54869388531,2523.54869388531,1,1,0,0,1,400676.554871124,10340.3241537139,19453.1493372926,2545.64647486531,29644.9839524697,21070.2627882887,19930.0088121226,22668.291106938
FT0405,349.150481876429,349.150481876429,349.150481876429,854.131545342246,854.131545342246,854.131545342246,1,1,0,0,1,315776.568434314,0,19609.7853787516,0,1551.43441989444,9100.44788369533,14621.3873919699,30544.8175553674
FT0406,349.092975369487,349.092975369487,349.092975369487,1360.49937127924,1360.49937127924,1360.49937127924,1,0,1,0,1,57899.1503450835,181931.672270509,22324.1340354774,6827.57058018401,7058.87927821957,18546.3768179262,6070.5801883401,23192.8265266975
FT0407,349.23610838593,349.23609400433,349.23612451559,3109.89595712012,3106.28233350258,3111.33926058218,8,1,1,6,1,1378552.10288832,454749.51649404,913505.141017493,738602.780930357,435081.40928185,597004.895566406,567805.042516275,704830.775458233
FT0408,349.580283331036,349.580283331036,349.580283331036,1239.96314390668,1239.96314390668,1239.96314390668,1,0,1,0,1,4947.28997352457,484820.066066893,2370.27257007505,0,5742.57119651354,6925.60919177015,0,5584.98283776901
FT0409,350.597547423673,350.597547423673,350.597547423673,119.497184338397,119.497184338397,119.497184338397,1,1,0,0,1,513944.345577388,0,3359.37937081305,4153.37243337605,0,0,0,0
FT0410,351.129748835183,351.129739861109,351.129749157637,1034.70742361362,1033.80216931565,1035.87951035166,3,1,0,2,1,7960297.115625,38794.0881184486,0,0,504736.375528563,8505077.78666664,9883.82889255412,31075.6734480581
FT0411,351.129745654642,351.129741548676,351.129749760608,909.452754090261,908.973944353876,909.931563826646,2,1,0,1,1,825139.780660806,1956.97789392795,0,0,36215.5417298877,1077785.89264387,0,0
FT0412,351.072263776571,351.072263776571,351.072263776571,313.253411600119,313.253411600119,313.253411600119,1,1,0,0,1,428830.857153504,121594.445727141,147353.801717167,128501.702931903,176994.395740813,153227.710022098,159681.318510585,193758.802269432
FT0413,351.251779686099,351.251755438201,351.25179685693,3198.70580183905,3187.80431282713,3199.9643852575,8,1,1,6,1,600820.405272584,276108.912437009,744403.174798751,834403.677612121,797114.393591307,857478.310369301,822985.786960935,861570.916454101
FT0414,351.217825562225,351.202541935459,351.217846984048,2264.86899251179,2209.50284866768,2327.3335964479,8,1,0,1,1,6404112.91861685,193494.87176407,960066.044571719,503119.295853008,381765.873317849,743195.581960945,668782.764436867,560931.816779642
FT0415,352.133134328692,352.133126511055,352.133142146328,1035.29346698264,1034.70742361362,1035.87951035166,2,1,0,1,1,1334976.08211914,0,0,0,60020.7093171331,1335753.325,0,0
FT0416,352.285833450115,352.285822276157,352.285858295133,3009.93239843977,3007.63601867252,3011.87949691904,6,0,0,6,1,123622.955127955,166532.229701186,186969.651683351,200037.259279343,197051.049205936,174963.64153917,185468.601192383,169439.837534175
FT0417,353.087881249907,353.087871105001,353.087890607453,889.494945870287,887.663145756501,944.697616563094,8,1,1,5,1,16657369.8338408,13610584.5058916,502709.59050841,1218240.46181967,640446.104139564,1806228.14192441,1249642.20056373,1334498.06837534
FT0418,353.145425260988,353.087877814047,353.145439620053,1035.87951035166,994.443534346953,1038.24010524186,5,1,0,3,1,3102628.03045312,18207.8897717415,37588.9059233001,31202.0050332898,16306.3395467745,136256.303537946,125449.485971375,114991.48282013
FT0419,353.087868681846,353.087862285155,353.087875078537,639.371989350159,636.431988797237,642.311989903081,2,1,1,0,1,857151.67020535,676537.873575917,147748.950844623,152300.349382981,150093.707033315,157115.205785292,140808.053178957,124877.017188247
FT0420,353.200428839383,353.200413638818,353.20045018256,2805.5702220207,2800.44594460683,2807.15741658018,5,1,0,4,1,234923.643548582,60342.0587681918,304393.15640663,189393.232768249,180914.947728425,157613.499843749,226442.369499702,880486.092926903
FT0421,353.233412780978,353.233408231784,353.233420792311,2376.4740763977,2332.57470304789,2449.61911610026,8,1,0,2,1,9529217.62971349,140812.834470255,997940.045236139,469283.375939945,349207.076824599,788322.652800442,706600.618000451,766637.761434204
FT0422,353.306251147791,353.306231257012,353.30626918068,3094.16685394071,3092.11201910467,3094.87423634857,7,1,1,5,1,598961.358992431,161223.557031251,298393.605519041,187540.396419436,223593.310237428,280107.309911359,146688.203732579,186106.597482422
FT0423,353.171921056835,353.171921056835,353.171921056835,1073.72504677444,1073.72504677444,1073.72504677444,1,1,0,0,1,246360.394287109,7378.57019255663,3069.85821351091,0,0,0,6522.04280375381,0
FT0424,353.593436178822,353.593419517004,353.59345284064,890.650419764655,887.901993601224,893.398845928087,2,1,1,0,1,913570.887034405,426816.797569067,0,0,0,0,0,0
FT0425,354.091260283984,354.091252516651,354.093788383401,919.04823124559,889.726399442457,994.443534346953,4,1,1,0,1,3480830.50751035,2452544.080819,0,13309.3398301803,13520.7106979053,9584.7831126848,3002.83624703176,16286.0098274433
FT0426,354.13074186583,354.13074186583,354.13074186583,685.321468470955,685.321468470955,685.321468470955,1,1,0,0,1,308294.020843437,62839.1561904162,50351.9248082381,38610.2016375543,20834.1264932194,30511.9240169897,37288.8937921398,34034.2576143775
FT0427,354.236822597575,354.236819076631,354.236827841016,2347.46859317861,2332.57470304789,2382.18101522812,3,1,0,0,1,2162863.61292317,25529.9078796272,184132.717864097,82909.862926769,44802.3344640126,76239.821545277,97995.2606273919,114949.88444906
FT0428,355.082404458187,355.082400603344,355.08240831303,1756.17433787323,1753.32375185652,1759.02492388995,2,0,1,1,1,17911.727868935,328013.534257813,125214.606158448,118902.15149707,208360.886852555,205354.811656187,111485.804909876,101839.258190188
FT0429,355.138603380913,355.114809774277,355.162396987549,1022.32708963844,996.221502980365,1048.43267629651,2,1,0,0,1,350080.24424886,0,0,0,0,4954.86918326242,0,0
FT0430,355.082398439881,355.082398439881,355.082398439881,1568.84040542701,1568.84040542701,1568.84040542701,1,1,0,0,1,714953.07090088,700722.650019217,264546.972962112,227284.924031278,299084.201620922,348298.651783015,124429.877025838,141011.615105909
FT0431,355.082408426301,355.082408426301,355.082408426301,1633.66903413964,1633.66903413964,1633.66903413964,1,0,1,0,1,7561.28987688483,1121200.86203125,229480.618680393,202685.433772773,350490.645876761,247180.301806455,115708.2745935,118289.3538289
FT0432,355.093394365075,355.093394365075,355.093394365075,893.398845928087,893.398845928087,893.398845928087,1,1,0,0,1,522991.918411074,2077.94655020387,2140.51822173534,0,0,1802.84283627039,0,0
FT0433,355.118854328995,355.118854328995,355.118854328995,2131.29415912585,2131.29415912585,2131.29415912585,1,1,0,0,1,141878.871621093,3284.94001559338,614.666777992747,3851.41139733649,3839.82770776785,2774.9094662939,12157.5038928992,80991.8639136075
FT0434,355.088278612189,355.088278612189,355.088278612189,80.0177527314607,80.0177527314607,80.0177527314607,1,0,1,0,1,637833.756527648,1969697.12183779,802404.494543914,952770.418650487,1510884.45439963,1131433.25893302,1277101.02535791,1243952.18526223
FT0435,355.158575232987,355.158565589984,355.249129388989,2422.89095303728,2370.91493636913,2428.31923971945,7,1,1,3,1,1473595.43594351,550910.133325195,195955.678636651,119499.169055826,227485.502292912,185137.316962003,176143.303285156,166359.04834828
FT0436,355.321857239974,355.321836643196,355.321882060695,3098.94731718504,3094.98784727913,3113.81523318047,13,1,1,6,1,1749867.43951548,547960.409133526,1139625.12457763,524360.05812159,428028.916531258,577440.756816166,310338.770078129,551321.348437497
FT0437,355.321848854624,355.321829519665,355.321857031599,3314.31275428902,3298.24568599189,3315.50881634024,8,1,1,6,1,1572458.31068045,645129.301431357,964520.663180238,1104659.44734318,1016906.17706802,1802263.8356543,1023478.36897949,2004228.72544743
FT0438,355.611832616687,355.611635835977,355.612029397398,120.393601739439,119.497184338397,121.290019140481,2,1,0,1,1,516471.668936524,2530.1701040197,6973.37768048553,0,0,931.820899885275,254466.88780973,2085.70365922033
FT0439,356.146405981482,356.146405981482,356.146405981482,1024.73341500765,1024.73341500765,1024.73341500765,1,1,0,0,1,241307.373399659,7264.138563247,50502.2894989381,17628.4585931421,9976.87757502123,7915.09932293304,31475.4988067405,23404.1564870761
FT0440,356.182839203471,356.182839203471,356.182839203471,919.009401778262,919.009401778262,919.009401778262,1,1,0,0,1,1021905.03261996,10519.4832314829,18339.87064186,24200.070261165,8681.9839443005,4714.71686590351,28139.6641907398,8727.29225360092
FT0441,356.325257292135,356.325239401456,356.325260885689,3314.26307156426,3313.83393586431,3314.36243701377,3,0,0,3,1,189544.72169191,159179.0991176,227163.928197027,232250.891623372,230056.345508254,374068.788978792,217485.996291236,381479.32240631
FT0442,356.325227587016,356.3252221608,356.325233013232,3098.18647816955,3096.08643560062,3100.28652073848,2,1,0,1,1,301669.934806312,160867.184915323,238862.191104126,174871.834328967,142346.021007131,195895.572216077,115458.623064101,185875.820015244
FT0443,357.103962794394,357.103948706474,357.103992959989,95.2308041428861,76.6030543356225,114.706886679883,6,0,1,2,1,144535.159863217,1753614.48389899,814453.150829995,1024130.48855059,1045621.40103027,771416.527261474,1745684.52358842,842426.958607106
FT0444,357.145703930391,357.145703930391,357.145703930391,1752.89463785709,1752.89463785709,1752.89463785709,1,1,0,0,1,266265.422951174,6048.02651110289,25919.0760131648,0,0,0,3251.804717294,9489.05253090918
FT0445,359.077325718374,359.077313196476,359.147772704822,2657.69213936168,2656.44579559083,2660.16725021109,5,0,0,5,1,0,151578.593028235,244549.876324463,115920.4692517,148742.697919923,273827.295361977,626590.341889845,921749.139798896
FT0446,359.075130332583,359.075118989342,359.075150729244,107.726687561401,107.273940904673,108.62680311266,4,0,0,4,1,111019.939838764,42189.6290094436,255886.640829141,287154.595388603,395988.824569527,136059.485011604,441695.707240667,561305.168833034
FT0447,359.207608319352,359.07731755689,359.207610817749,1765.39929020705,1731.56499817093,1786.58962079567,6,1,0,1,1,880176.37502441,432637.538432663,1767260.73337343,376505.051563193,342303.909970945,462636.638999758,779903.172591408,942492.685436747
FT0448,359.184106592734,359.184106592734,359.184106592734,2556.7971022148,2556.7971022148,2556.7971022148,1,1,0,0,1,571362.528841454,6433.48025671514,23014.2033880695,6111.51833328243,3446.99241037726,5763.04308081364,92027.6009963766,59294.2294305775
FT0449,360.080715952521,360.080715952521,360.080715952521,1776.06854032722,1776.06854032722,1776.06854032722,1,1,0,0,1,95691.4570546876,0,0,0,23373.9012163783,17783.146833495,29412.7708147448,22841.7325563943
FT0450,360.239281573123,360.239281573123,360.239281573123,1781.04083957892,1781.04083957892,1781.04083957892,1,1,0,0,1,357633.910077234,2765.46024022421,2575.81773942812,0,0,0,0,11672.9126011522
FT0451,361.129355950993,361.129354444853,361.129359023614,1423.75543592246,1422.59906677175,1424.39670804033,3,0,1,2,1,37840.6816608491,322744.905045303,124256.961235947,220451.829797756,153027.250540597,96714.6751041652,124368.996462871,299509.854561156
FT0452,361.163329799711,361.163329799711,361.163329799711,2285.47256053008,2285.47256053008,2285.47256053008,1,0,1,0,1,43991.321579041,165685.906157225,133913.724996069,133502.751581169,106218.556440413,140270.774528565,94829.0865714412,89581.7395150419
FT0453,361.088943429974,361.088943429974,361.088943429974,154.923384779972,154.923384779972,154.923384779972,1,1,0,0,1,477948.73971712,126464.078672209,107507.94657463,96866.3771116712,57525.557999589,70664.8994629546,95348.3768509009,78598.388701647
FT0454,361.056630816665,361.056630816665,361.056630816665,989.614132001256,989.614132001256,989.614132001256,1,0,1,0,1,136729.319725427,636363.22437474,604919.490861653,467519.128874795,369462.342498946,410485.215644098,354360.781187106,387040.188031912
FT0455,361.199778913839,361.199774040054,361.199783787624,2651.64836170066,2647.08605090725,2656.21067249407,2,1,0,0,1,3382262.92296787,55242.1441409813,291146.543431333,78071.4479944742,33229.7420746414,99823.2337483674,81112.4129806585,119773.026594018
FT0456,361.16870321474,361.114110261139,361.223296168341,1579.54504474458,1553.52823583285,1605.56185365632,2,1,0,1,1,1293485.60302201,0,2548.62148947766,0,0,319266.716841263,0,0
FT0457,361.178787900432,361.178787900432,361.178787900432,2977.55151165471,2977.55151165471,2977.55151165471,1,1,0,0,1,539157.261670536,10287.0419668762,5017.62322198279,10526.5443866897,0,10886.3230083668,2096.98891640375,19250.6892745063
FT0458,361.223318095515,361.223318095515,361.223318095515,1918.01328863545,1918.01328863545,1918.01328863545,1,0,1,0,1,37507.5233823023,271367.099248811,230658.4488535,175861.672335328,125537.117182604,170698.295199025,199663.995198968,181867.306139567
FT0459,362.050822632462,362.050815820452,362.050829444471,168.427132543603,165.456870420975,171.397394666231,2,1,0,1,1,586960.958975014,124841.279100624,261035.288538729,246748.888938396,166400.661686617,171606.843343604,195822.714230144,131850.338941846
FT0460,362.050837260736,362.050837260736,362.050837260736,284.717734620819,284.717734620819,284.717734620819,1,1,0,0,1,380508.149479371,36902.0234286862,77958.7788880747,82198.0550988588,35182.9607932661,40805.9558722994,42564.5917391944,54812.2444851381
FT0461,362.291294862376,362.291285859566,362.291303865186,2630.22872286129,2618.84523287412,2641.61221284847,2,1,0,0,1,1208799.88168148,166301.776320058,170835.028231682,120907.075805186,93131.7759171213,141290.381055277,86034.6466962354,107580.670277363
FT0462,362.439031132321,362.438859756999,362.439202507643,155.637932735943,154.923384779972,156.352480691913,2,1,0,1,1,476076.293711792,24589.9201681101,50826.6204734756,13698.3414686359,0,206482.944145682,7507.65388036766,0
FT0463,362.997238173888,362.997238173888,362.997238173888,83.4535289851832,83.4535289851832,83.4535289851832,1,1,0,0,1,126506.727174018,0,0,0,0,0,0,0
FT0464,363.093362536894,363.093351480131,363.093374675173,319.160586439159,315.963641336588,321.027332476293,6,0,0,6,1,143152.64053305,83663.0360539271,916425.631161342,1513951.7623941,2023773.13955266,1087000.12087424,1998330.65862847,2429575.26598935
FT0465,363.093354604513,363.093348502197,363.093371953288,688.911482647175,686.454469313268,689.28797497638,6,0,0,6,1,36747.4408254855,16075.7947126564,443030.427373796,672425.465182208,842741.273576554,563557.787456155,959803.045147706,1075954.48013287
FT0466,363.119849832914,363.119849832914,363.119849832914,1178.39555835101,1178.39555835101,1178.39555835101,1,1,0,0,1,313680.530314179,96581.921432439,125707.96828388,114901.846580679,83076.9840187188,85347.9533429329,109737.593457842,95880.8374923414
FT0467,363.218276645103,363.215394985345,363.221158304861,2729.124116092,2720.2832490094,2737.96498317459,2,1,0,1,1,1273659.27783203,2077.17662851471,5205.42705578853,2651.34676201354,6664.55937630372,183028.290234707,753.084928622111,3918.19152104102
FT0468,363.19445825237,363.19445825237,363.19445825237,3045.18729264354,3045.18729264354,3045.18729264354,1,1,0,0,1,194075.598120119,17767.7270983913,12642.430778887,14955.1187161292,6469.76930478025,26182.0831259978,3662.97185238219,25580.5047619868
FT0469,363.254193056465,363.254193056465,363.254193056465,2949.85012500397,2949.85012500397,2949.85012500397,1,1,0,0,1,817337.056689452,2762.07632383199,9035.04208695081,7174.59653976011,4606.1012893062,4118.73645704425,3305.94373745437,7160.85482273231
FT0470,364.216400103621,364.21639127444,364.216423447,2405.10235058686,2397.55284496551,2411.40628325866,5,1,0,3,1,1099571.0587071,109571.592952864,410277.678679913,443738.352393704,753417.731219748,281609.638364482,168750.494900702,187634.388015248
FT0471,364.218734397863,364.218734397863,364.218734397863,2737.96498317459,2737.96498317459,2737.96498317459,1,1,0,0,1,219279.308973501,4222.2476646149,30024.4291290537,6188.03417605321,2187.56832784895,8031.34066025408,5110.03559617802,9004.2393154895
FT0472,364.908457024227,364.908457024227,364.908457024227,84.7646757681522,84.7646757681522,84.7646757681522,1,1,0,0,1,100483.990809625,0,0,0,0,0,0,0
FT0473,365.164080215848,365.162675534403,365.164143081397,2458.25832906109,2445.26967039996,2466.3699724046,12,1,0,6,1,49559454.3177821,6887.65440516967,1884237.03078428,2347011.60572924,5772668.94246257,5091515.84344104,7016316.12643028,6791050.05389922
FT0474,365.23103333736,365.231031822651,365.231034852069,2794.70549424798,2783.27255210566,2806.1384363903,2,1,0,1,1,673572.646768912,85559.3736637136,494431.957435302,149094.757861344,81848.7144921861,162622.399237786,103181.337300592,147766.849138923
FT0475,365.049106867927,365.049106867927,365.049106867927,72.7664092884219,72.7664092884219,72.7664092884219,1,1,0,0,1,1744595.27510809,0,0,3402.28545300839,5462.87322608105,4323.37555991753,73605.299840165,13814.7928848143
FT0476,365.210050189488,365.210050189488,365.210050189488,3106.28233350258,3106.28233350258,3106.28233350258,1,1,0,0,1,336503.881598512,56322.2705937753,43049.6217006927,41918.451706078,26140.2479055872,57595.7576593917,47226.5159884016,65021.577468634
FT0477,365.593442636407,365.593442636407,365.593442636407,989.614132001256,989.614132001256,989.614132001256,1,0,1,0,1,4404.46905821691,291738.678232796,106684.833041722,87222.5487935922,92681.3194466936,85534.5701716419,96470.5380577678,114520.304824032
FT0478,366.16744334973,366.165196201879,366.167468814097,2463.23302139545,2445.26967039996,2466.3699724046,10,1,0,6,1,5062492.85837773,0,350713.059109158,316983.124782151,933823.283405236,947058.445797528,1603532.77120607,1166352.32538442
FT0479,366.195681831566,366.195681831566,366.195681831566,2173.07225271634,2173.07225271634,2173.07225271634,1,1,0,0,1,299760.220739739,567.879663668141,0,0,1697.73680225088,16366.0536128413,28009.0038028883,32077.2746331871
FT0480,367.163092286483,367.159899536573,367.166376616909,2451.86727723036,2445.26967039996,2466.3699724046,4,1,0,1,1,3436350.65138221,0,0,1199.87891170389,1016.64659441438,1471.12270595365,1317.12411638025,259333.347129992
FT0481,367.103547961176,367.10354689253,367.103549029822,1139.2635522918,1134.8203772017,1143.70672738191,2,1,1,0,1,1864789.95968183,411043.164543728,88400.0462932285,94974.4167710553,123639.614586902,108162.21746848,111018.303136119,107864.961778931
FT0482,367.103559134867,367.103559134867,367.103559134867,899.954685405798,899.954685405798,899.954685405798,1,1,0,0,1,1061366.70987556,109985.734177698,51920.1799215486,59403.1855766137,64036.5909609089,67233.7461659651,73967.8516330987,57976.7185558827
FT0483,367.264348387181,367.264343135149,367.264366853708,3021.76108942026,3020.95798607502,3025.23400878151,6,0,0,6,1,101948.196887686,157844.497985177,165958.112921405,167775.558607787,128371.25024192,169680.827714288,191604.06874951,115927.159707338
FT0484,368.830480844248,368.825718192467,368.835243496029,64.2000198280757,63.5275686712354,64.872470984916,2,1,0,0,1,631138.883760547,0,0,5585.59756404216,0,0,0,0
FT0485,369.067565990231,369.06753488196,369.10395397996,92.7362173422933,75.4969517435487,109.937371484072,10,0,1,4,1,71028.7120783335,963211.754023566,960675.467352837,990665.345703885,1760629.60662996,940682.339817772,1938623.78974459,2314602.40405207
FT0486,369.132068894632,369.132066935888,369.132070853377,1802.46860123844,1800.3122946995,1804.62490777738,2,1,0,1,1,278861.842995118,60978.4870057283,61405.5220648918,51479.9848706063,96371.0539707022,121525.52632866,77642.3383126435,97715.0144645248
FT0487,369.082798573611,369.082797681655,369.082799465568,806.770073277677,803.597304457075,809.942842098279,2,1,1,0,1,806911.921623534,1138235.23096022,89906.9197354156,158745.841559696,140206.910528591,154862.904948817,135518.120826992,157252.125665122
FT0488,369.082791067962,369.082791067962,369.082791067962,1253.08714798907,1253.08714798907,1253.08714798907,1,0,1,0,1,0,663066.050179036,247825.060309561,286003.212275086,166822.42810149,356854.752183626,165670.864061796,196965.828099929
FT0489,369.228411908369,369.228401884021,369.228426352285,2191.06944028284,2152.11429923892,2261.72428255119,12,1,0,5,1,4389293.49838021,728268.185537497,1703656.30935249,1131356.47738006,927630.445970397,1251778.30075781,1579415.04414714,1597371.96638246
FT0490,369.192041104472,369.192029107798,369.192072891688,2357.84941033455,2356.50797710781,2359.62663168753,5,0,0,5,1,139938.67113109,152836.391192175,294488.302986494,315955.269493403,424900.28582227,403159.723617725,183178.729027101,224721.033820347
FT0491,369.178091178327,369.178091178327,369.178091178327,1048.43267629651,1048.43267629651,1048.43267629651,1,1,0,0,1,226344.888215999,0,19476.9795207275,23684.9580470195,9040.87262973578,7374.18725334753,29682.1295677711,10109.0873965927
FT0492,369.204897953194,369.204897953194,369.204897953194,2969.89570508271,2969.89570508271,2969.89570508271,1,1,0,0,1,463867.305397138,23241.112169298,28390.3271877456,13970.8806344036,3986.58089045685,10071.3995204312,33295.0724302572,7324.7415959985
FT0493,369.337531864611,369.337502298298,369.337541176875,3406.23234194752,3405.4639361332,3407.35095952003,7,0,1,6,1,684806.663091516,438118.924421038,842944.285039522,739451.600138934,660485.492208194,956742.170012212,637244.314623509,977520.477518391
FT0494,369.301122798433,369.301111498185,369.30116521992,3084.5198929818,3081.97640498554,3085.31835445584,6,0,1,5,1,142031.015482383,97424.2932395029,168950.467041016,170559.850078123,117949.684159342,227930.088767652,138596.267618783,193115.354931357
FT0495,370.162049203113,370.162049203113,370.162049203113,857.400590069219,857.400590069219,857.400590069219,1,1,0,0,1,333265.293769532,65608.3942252628,129814.300283929,106621.083267846,71729.5181445157,97266.1151810768,111651.115435144,96926.0829061058
FT0496,371.040944078506,371.040944078506,371.040944078506,882.582577042278,882.582577042278,882.582577042278,1,0,1,0,1,3194.90802161555,282275.251172791,126983.806776534,108489.506003901,177467.332664335,150644.749159346,89688.1954221937,84821.103083132
FT0497,371.098507950939,371.098499276939,371.098518806678,1105.58971155277,1104.78651491644,1105.87440651318,4,1,1,2,1,679912.972286305,265865.526824218,40375.9353984347,8367.86416592902,550782.644731096,14262985.8002695,96215.2621646303,12519.0501647057
FT0498,371.199581603541,371.199581603541,371.199581603541,2665.59702888994,2665.59702888994,2665.59702888994,1,1,0,0,1,128150.284219021,0,0,0,0,0,0,0
FT0499,371.220473844287,371.220473844287,371.220473844287,3037.74755507375,3037.74755507375,3037.74755507375,1,1,0,0,1,1446866.3569922,78117.2278677667,114443.478274445,61531.1058763984,21498.234534725,64484.3185700598,28379.6937943105,58804.086025226
FT0500,372.104910717353,372.104910717353,372.104910717353,150.988934695555,150.988934695555,150.988934695555,1,1,0,0,1,168171.246040649,71912.018439312,29995.357988616,51604.2838397374,18717.3719364311,24224.4497231076,37379.7777164261,9132.37264750562
FT0501,373.168000286737,373.166855187596,373.169145385878,2268.30845160191,2264.65036478091,2271.96653842291,2,1,0,1,1,5338624.80678201,14659.1136926731,283969.165546334,123778.128178928,61655.4191029975,179619.315638765,380172.65044915,546230.926448566
FT0502,373.17868276465,373.17868276465,373.17868276465,2498.14945652408,2498.14945652408,2498.14945652408,1,1,0,0,1,834543.196289069,38971.9979919858,124859.95546739,59633.1356321527,49084.1721368147,115429.594653285,81845.2882920801,102826.694653269
FT0503,373.236128799536,373.236128799536,373.236128799536,3082.52356118968,3082.52356118968,3082.52356118968,1,1,0,0,1,177792.943487829,1191.02425723841,9434.80242469194,2313.97503534271,0,2399.8946184087,1647.51638575012,2127.53076104213
FT0504,374.291397223478,374.291397223478,374.291397223478,2790.68301384346,2790.68301384346,2790.68301384346,1,1,0,0,1,752592.535905763,21010.5347102104,92387.3727166367,64773.001268235,60455.7587325195,89383.4166436869,76674.0145014377,151862.512792906
FT0505,374.221688417335,374.221688417335,374.221688417335,1067.31653036054,1067.31653036054,1067.31653036054,1,1,0,0,1,389535.429631348,0,43801.0196410272,14898.0780488672,9602.86457020016,0,13923.3232649155,12624.6453079561
FT0506,374.172526770196,374.172526770196,374.172526770196,2264.65036478091,2264.65036478091,2264.65036478091,1,1,0,0,1,972663.697118595,0,44785.6865209203,0,7154.00442347373,9485.4577351669,55170.2974182733,100906.475602242
FT0507,375.13108710436,375.13108710436,375.13108710436,1165.39781248248,1165.39781248248,1165.39781248248,1,1,0,0,1,454795.963462959,14240.345571859,78412.9318093547,14192.7755615211,11274.3183296342,7295.29478888816,7564.00647767191,8696.16384431135
FT0508,375.20258878209,375.202569511754,375.202602202425,1604.95633513034,1602.88053741523,1608.600960604,7,1,1,5,1,890137.492139486,700390.863326501,700428.180773436,444405.441054507,385925.265108308,359091.975159504,799595.611552736,925552.954602642
FT0509,375.184879244016,375.179062762054,375.275320844175,2357.83351928805,2259.68482920865,2359.62663168753,9,1,0,5,1,2677979.2513203,94071.9070092522,459212.181595065,255830.54159579,212259.634008791,348419.268469244,460323.607534351,654614.497430665
FT0510,375.275306301953,375.275306301953,375.275306301953,3016.71300317518,3016.71300317518,3016.71300317518,1,1,0,0,1,678074.049928821,10726.8684430035,44236.624948678,32897.8673192741,26695.152263867,40487.7864976018,32761.734344772,61560.0904587571
FT0511,375.194359985408,375.194359985408,375.194359985408,2565.785508698,2565.785508698,2565.785508698,1,1,0,0,1,468541.600304463,149820.579601813,225849.613163584,103223.186799423,137614.967603943,234565.883103899,135365.921781422,141592.690461508
FT0512,375.311667577301,375.311667577301,375.311667577301,3008.99323158729,3008.99323158729,3008.99323158729,1,1,0,0,1,314002.4462192,69028.5648070813,127964.726077944,67831.7095922212,41994.7926239176,72191.7198388657,30040.3475476049,58430.1860900507
FT0513,376.101572799046,376.101572799046,376.101572799046,109.708481055411,109.708481055411,109.708481055411,1,1,0,0,1,338256.079672415,2673.10311235658,0,0,0,2836.79865306619,3467.94710692249,14553.8062361186
FT0514,376.202292265448,376.188155253091,376.216429277806,2378.28310352126,2351.1370799265,2405.42912711602,2,1,0,0,1,512615.408951249,900.06510845871,0,0,0,0,0,0
FT0515,376.205865172292,376.205865172292,376.205865172292,1605.56185365632,1605.56185365632,1605.56185365632,1,1,0,0,1,112738.510568847,83994.1231041533,82647.9510049861,38239.4814376718,66053.8383664651,63518.8073745775,98934.8873575887,105379.061719288
FT0516,377.08569068577,377.08383505836,377.085718297393,87.5536832812439,68.6119296101901,153.08293052138,12,1,1,6,1,547524.908522786,1428085.98470225,1144462.80850405,1726584.0509931,1255275.23257275,6749727.11615028,659721.755480739,681604.819600067
FT0517,377.10072758982,377.100721349397,377.100733825111,1090.28239013377,1088.92355978455,1091.77970194718,4,0,1,3,1,330667.37298839,584539.183089846,409028.778334613,255990.002676532,129878.627179167,210684.524052023,139541.695871582,104749.151675218
FT0518,377.145417011516,377.145417011516,377.145417011516,1561.44043809137,1561.44043809137,1561.44043809137,1,1,0,0,1,522822.346680906,0,0,0,0,0,3928.9888879712,0
FT0519,377.21000217791,377.20998112067,377.210023235149,2687.59649901219,2684.67466054051,2690.51833748388,2,1,0,1,1,255906.410756837,126651.940706022,111861.062078246,133854.81867215,214878.073017637,243208.495541966,161759.685925543,162117.235756971
FT0520,377.233455076541,377.233455076541,377.233455076541,2891.71445249184,2891.71445249184,2891.71445249184,1,1,0,0,1,253184.653197756,10819.3654070553,26325.2070231846,7286.35080359213,3971.4440812952,13031.0451479931,862.555212168225,5192.76264011998
FT0521,377.233506679881,377.233506679881,377.233506679881,2155.7315350844,2155.7315350844,2155.7315350844,1,1,0,0,1,2242308.78505859,80221.7928330255,18460.610532065,39116.803054621,299523.627699501,134377.876325473,42446.2973315036,45606.6360619782
FT0522,377.267401042823,377.267401042823,377.267401042823,3205.8615559955,3205.8615559955,3205.8615559955,1,1,0,0,1,556393.580921577,22925.2665705466,132371.092504716,59353.0950992698,28736.3012207193,65597.7496621904,44694.3388149129,75247.8607333006
FT0523,378.167146809113,378.167146809113,378.167146809113,1145.16860864656,1145.16860864656,1145.16860864656,1,1,0,0,1,289054.296457739,42063.7854478226,145578.875463273,117225.23938433,39350.0743034883,73105.039838362,74226.9270805549,64043.5540073646
FT0524,378.593909870365,378.593909870365,378.593909870365,1025.94912598481,1025.94912598481,1025.94912598481,1,0,1,0,1,0,1338921.31712052,2030.47542582164,0,0,0,4432.38045856623,0
FT0525,379.067178251144,379.067177604776,379.067193472277,708.592779882181,707.018608652721,709.404265288462,3,0,1,2,1,116615.913998393,564498.250202402,411252.003033306,337182.873276332,372672.789365746,403168.476699467,347807.921855389,332949.593882517
FT0526,379.158321432344,379.158321432344,379.158321432344,3045.18729264354,3045.18729264354,3045.18729264354,1,1,0,0,1,340455.014512375,4803.50862334175,14524.0601134425,11880.5956134352,2547.7259989514,20263.0931059714,10263.9068522232,4857.39409156103
FT0527,379.161049727404,379.161049727404,379.161049727404,1657.26322665112,1657.26322665112,1657.26322665112,1,1,0,0,1,1338020.71541015,1846.52050106035,0,0,0,0,0,0
FT0528,379.095669000308,379.095669000308,379.095669000308,1027.50776382089,1027.50776382089,1027.50776382089,1,0,1,0,1,0,321150.529772514,3103.95698710056,0,0,0,2033.93635594229,0
FT0529,379.156159288514,379.156137747265,379.249158109448,2886.1648933698,2802.39605548176,2924.42705268984,11,1,1,3,1,363782.498227162,1417097.25476074,1437330.50161836,1265021.91879068,813364.401866333,2226692.33160538,940002.3440054,892520.173696085
FT0530,379.229896446569,379.210657051873,379.249135841264,2513.18229112889,2495.97132181642,2530.39326044135,2,1,0,0,1,1737031.94615233,0,3445.0780166013,0,0,0,0,1237.33494206486
FT0531,379.249161975442,379.249161975442,379.249161975442,2107.09400811509,2107.09400811509,2107.09400811509,1,1,0,0,1,272553.083823056,52977.9272771959,16267.6892794778,2619.54993562898,105952.35770141,50658.7504979944,11080.8861950126,29716.1197837002
FT0532,380.164464228362,380.164464228362,380.164464228362,1655.62683607908,1655.62683607908,1655.62683607908,1,1,0,0,1,238011.258680943,0,0,0,0,0,0,0
FT0533,380.211336307343,380.211336307343,380.211336307343,2301.74165924109,2301.74165924109,2301.74165924109,1,1,0,0,1,158712.431392487,0,0,0,1232.32193572373,1240.57408579442,0,0
FT0534,380.252440046753,380.252440046753,380.252440046753,2530.39326044135,2530.39326044135,2530.39326044135,1,1,0,0,1,430473.551142574,3154.91521291456,20480.0345572403,2899.07713249082,5974.06209439026,13726.4155035086,12427.2822217349,16930.8055156396
FT0535,381.104003464158,381.103999864166,381.104018745785,118.958031157696,117.2947590061,119.248059909676,3,0,0,3,1,35371.3304962818,308928.786362947,830067.227697285,1181505.79427883,1566830.29108931,691518.249325,1757056.17006412,1840067.0751264
FT0536,381.158989980596,381.158974817454,381.159047853958,1935.30775215585,1935.07147156815,2005.665684997,3,1,0,1,1,1637527.66397043,1674.17666088922,300219.592751117,284482.775130399,371605.714506665,329648.61492316,235407.810671736,253317.170744036
FT0537,381.1590106862,381.1590106862,381.1590106862,2333.96251346547,2333.96251346547,2333.96251346547,1,1,0,0,1,295582.546411132,0,5989.84331053308,1429.4599842738,33629.2359047676,29560.9671301542,43710.2805580818,42661.8543411962
FT0538,381.176696533046,381.176696533046,381.176696533046,1157.50844145832,1157.50844145832,1157.50844145832,1,1,0,0,1,273934.089882988,0,0,0,0,10471.41912802,0,3317.78864215556
FT0539,381.228364138879,381.228364138879,381.228364138879,2604.65419414133,2604.65419414133,2604.65419414133,1,1,0,0,1,454551.136469727,22198.9440910191,103286.199902717,53791.2615530861,36025.6186097011,47640.439340181,58791.855252308,62882.5580760845
FT0540,381.173959688092,381.173959688092,381.173959688092,3107.76171372841,3107.76171372841,3107.76171372841,1,1,0,0,1,256110.591613768,13440.7428458062,15572.3885938192,26305.8967100181,7799.67931465239,4673.27862794135,3985.60786311223,10166.6612361921
FT0541,381.337591342401,381.337565033363,381.337597829482,3332.13739520964,3331.14342543714,3333.35785826845,4,0,0,4,1,120533.699590749,187892.338113617,213515.422656251,277432.077742513,224175.913897619,295003.831868978,216602.044951695,367403.563831203
FT0542,381.264804117266,381.264804117266,381.264804117266,2341.00359972151,2341.00359972151,2341.00359972151,1,1,0,0,1,333183.781037947,12404.8666583045,27391.607117956,5892.26957812751,5011.7236655728,22187.1073047871,33778.3422622514,23303.4972039929
FT0543,381.597936498609,381.597936498609,381.597936498609,119.497184338397,119.497184338397,119.497184338397,1,1,0,0,1,719218.522902414,0,7748.64313878533,3055.983279678,0,3264.9575354041,2938.99113078641,0
FT0544,382.100560305874,382.100541337048,382.1005792747,711.45394066285,708.96532585605,713.94255546965,2,1,0,1,1,2387235.69062116,156904.440746321,128278.93941653,161918.101244209,59403.4646441081,248077.458030874,81810.4926778028,62708.7294940937
FT0545,383.098457934143,383.098446645081,383.103875373475,760.664902103261,713.94255546965,767.580913575131,7,1,1,4,1,2768543.49941844,2768393.60391358,3366638.03654062,3340068.71932221,1438917.37994586,4531185.47159558,186615.741679746,52180.3783375121
FT0546,383.077325152542,383.077325152542,383.077325152542,1354.83726447522,1354.83726447522,1354.83726447522,1,0,1,0,1,35798.3473184984,427160.95254785,188617.91274548,118030.388625946,194146.138505988,165420.532201801,101441.544425515,128414.104734431
FT0547,383.077345831769,383.077345831769,383.077345831769,1536.36396060039,1536.36396060039,1536.36396060039,1,0,1,0,1,18820.1395049886,426048.896000537,233786.565584631,162531.363775222,256331.66957054,231930.234582673,109816.581355442,123426.186204545
FT0548,383.241934106804,383.241934106804,383.241934106804,2987.04085898408,2987.04085898408,2987.04085898408,1,1,0,0,1,153989.564728733,4976.45508360557,23948.0534411909,3273.19644303677,1070.47900626231,8108.71632737715,3453.49516891455,9542.87873508893
FT0549,383.35317654193,383.353147193878,383.353188808705,3519.06449802932,3515.36157348419,3521.15700171167,8,1,1,6,1,4933121.70787498,2207388.36625849,2882845.53457812,2611888.47117966,2875594.70851998,3921906.94461427,2968728.55453725,3282877.82054461
FT0550,383.353175112052,383.353157696472,383.353200727067,3208.95679869626,3180.01012122281,3210.57348983165,5,1,0,4,1,1036541.31934219,177593.115912662,140908.398281249,246787.694797701,238299.416203961,216405.073349608,250216.605903191,547797.284018139
FT0551,383.593013377138,383.593013377138,383.593013377138,1201.26427381531,1201.26427381531,1201.26427381531,1,1,0,0,1,137407.032976685,0,0,0,0,0,0,0
FT0552,384.152598577465,384.152551336422,384.152618404008,140.895183493694,135.297084722731,143.719816548843,8,1,1,6,1,319697.726726624,430137.392470982,601111.741057617,384040.902129791,603578.818784529,380600.541406025,407449.71093443,335384.250274639
FT0553,384.10180028162,384.10178760079,384.101816980009,763.407763963077,760.021814975653,767.580913575131,6,1,1,4,1,456448.345026955,463841.680991364,569303.355817968,562041.824294174,120991.308265625,751499.25220052,32827.6787695513,0
FT0554,384.250482476068,384.250475169213,384.25051813204,1065.64762807855,1065.51131680681,1067.31827329319,7,1,0,6,1,6580177.59145834,0,1363520.18497127,1267182.30415609,1135959.89753357,986815.380294926,820609.661157922,1124451.7602257
FT0555,384.356583567835,384.356553480324,384.356589548849,3518.98254238419,3517.02507763899,3519.29342815004,3,0,1,2,1,1147728.74576902,429995.196511928,779679.11180065,665107.383208982,688240.020223295,1014055.25186016,623055.331910721,926796.305245437
FT0556,385.136625731653,385.136619013111,385.13665318915,197.883064220813,196.352944466116,198.713621132707,7,0,1,6,1,192189.355907165,373722.925381348,292028.378390242,265049.166186524,296587.595520834,459964.114617279,395724.091071289,326770.084723389
FT0557,385.223310494683,385.223296924624,385.223352003151,2238.92208080514,2237.56628232395,2239.7880481218,6,1,0,5,1,2170237.59510968,350039.632617724,662187.744122597,420730.039724044,434534.326956881,673577.655604771,441920.556742794,691363.594732869
FT0558,385.184010846374,385.114144321796,385.253865734689,1067.58025164023,1012.66404840499,1124.59510684594,6,1,0,3,1,1425201.57813387,0,0,0,126036.621961806,6029327.61656253,88885.9871859744,0
FT0559,385.095928390192,385.077726861857,385.114129918527,939.767778184127,939.439900695095,940.095655673158,2,1,0,1,1,510331.207322752,0,0,0,0,219227.74908864,0,0
FT0560,385.314491621492,385.314479223284,385.314531197792,3171.63591280188,3117.99347509912,3306.64580701204,26,0,0,4,1,223696.889332792,216426.319878291,386019.273586393,403287.322220121,459999.010930608,316607.142148439,756579.281635561,623962.184254295
FT0561,386.226686210311,386.226686210311,386.226686210311,2239.40595415354,2239.40595415354,2239.40595415354,1,1,0,0,1,438227.223614913,70374.7631789331,141480.599222055,74897.2773473453,86712.30158747,143627.582751269,100216.043087967,104915.015609556
FT0562,387.114558057832,387.114506292542,387.114584827605,103.744742938737,62.8983274946389,139.475620539752,10,0,1,4,1,712614.165217521,2835480.2537375,805391.203081321,2678826.17463587,1766682.3599623,8265488.04257153,772503.341505822,596276.644776063
FT0563,387.114557025205,387.114537314904,387.114579068292,206.481122890393,165.233820218262,258.779251529665,10,0,1,1,1,120347.218073978,518831.515224159,181897.682165674,386500.726614816,209888.777582256,1072569.70857817,96697.8294685702,84403.0399685027
FT0564,387.148480465153,387.148480465153,387.148480465153,1897.67984791737,1897.67984791737,1897.67984791737,1,1,0,0,1,97146.5967773439,0,12991.7314451246,0,2200.48797509458,0,5162.36487715029,21760.2647343413
FT0565,387.148506367361,387.148506367361,387.148506367361,2203.05619612769,2203.05619612769,2203.05619612769,1,1,0,0,1,559642.999985358,3183.7472401554,35618.4435453685,23698.6570131775,5862.01065110281,45768.3513460205,49714.5071287698,48977.7927156318
FT0566,387.087552181135,387.087532914709,387.215433027709,2701.35978268869,2700.30077057071,2812.39225567047,9,1,1,5,1,746510.234329178,279086.628357873,450372.683448837,316896.017533368,298406.72206063,285977.802745832,254833.466781843,353707.828967287
FT0567,388.172684452364,388.172684452364,388.172684452364,815.307121672192,815.307121672192,815.307121672192,1,1,0,0,1,577365.832580502,0,38765.995532203,20622.6953945666,2718.21687678986,17781.5673892564,36570.2879973575,15541.0518363062
FT0568,388.3070215831,388.3070215831,388.3070215831,2800.44594460683,2800.44594460683,2800.44594460683,1,1,0,0,1,289919.14969367,0,13386.9769729422,4785.92904730415,1990.60608804244,2537.42853779324,3018.30165213952,12582.9890145706
FT0569,389.072634421633,389.051726589582,389.072662169383,758.350498282311,753.627843607405,818.745936500014,3,1,0,2,1,1127186.21364833,37119.9067154495,0,9182.29250488765,144543.390172607,1980937.1486306,12170.4070772038,2300.93936147703
FT0570,389.135578422827,389.135578422827,389.135578422827,1632.061501304,1632.061501304,1632.061501304,1,1,0,0,1,258959.199673199,0,9026.30691769553,0,2880.79563259501,0,8046.47030123752,34067.0475801005
FT0571,389.291035988315,389.291012618935,389.291043700115,2346.38719174852,2345.55202496679,2347.63221469236,3,0,0,3,1,72666.7358423725,100755.623084214,95288.6009791431,114422.627772516,934092.173072025,190185.882646367,447222.37729868,190166.827827147
FT0572,390.11720285586,390.11720285586,390.11720285586,173.614918320523,173.614918320523,173.614918320523,1,1,0,0,1,1584082.54488133,45943.0402147223,29803.9001136736,21278.591741213,0,12210.9777152471,83794.6211513035,131774.285257056
FT0573,390.286256565606,390.286256565606,390.286256565606,2853.17700900674,2853.17700900674,2853.17700900674,1,1,0,0,1,311093.705433755,4561.70924035133,14011.8683633441,10151.5334722165,5335.61750899471,12701.4487296632,7017.48316873402,11423.0405197804
FT0574,391.043804190682,391.043804190682,391.043804190682,893.398845928087,893.398845928087,893.398845928087,1,1,0,0,1,246988.856333096,10454.8141944856,0,0,0,0,0,4535.11404873271
FT0575,390.987463187628,390.987463187628,390.987463187628,64.872470984916,64.872470984916,64.872470984916,1,1,0,0,1,342992.751164971,0,0,0,0,7184.47301984128,13932.3425256045,0
FT0576,391.143376591224,391.143376591224,391.143376591224,1178.39555835101,1178.39555835101,1178.39555835101,1,1,0,0,1,1681420.50545385,1860.79987884972,0,0,0,3306.49661533716,52409.1507536425,57894.9507320279
FT0577,391.179809554129,391.179809554129,391.179809554129,1920.03135862986,1920.03135862986,1920.03135862986,1,1,0,0,1,649796.317868646,0,4600.06806973346,0,0,3305.99182881328,73514.5483106332,147880.606689151
FT0578,391.189341484973,391.189341484973,391.189341484973,2193.90341912464,2193.90341912464,2193.90341912464,1,1,0,0,1,597925.203903464,215440.813421651,234843.738481746,144197.078118832,141645.750689143,223285.434459436,202395.273494905,183624.880758492
FT0579,391.208747050029,391.208747050029,391.208747050029,603.671931215604,603.671931215604,603.671931215604,1,1,0,0,1,83908.6640824223,8209.60806356983,1649.34061056646,0,0,7504.40721235918,15814.1136122607,15400.5172617151
FT0580,392.060038280245,392.060038280245,392.060038280245,70.0220095180855,70.0220095180855,70.0220095180855,1,1,0,0,1,222826.218802762,0,0,0,0,0,39960.8468321832,45455.2060340982
FT0581,392.208044128669,392.208044128669,392.208044128669,2031.01518801611,2031.01518801611,2031.01518801611,1,1,0,0,1,3745207.66455358,45279.2530468062,94858.2283892549,85525.5656040521,25982.70558912,56705.4860917825,126952.80516061,126266.16095262
FT0582,392.247813514217,392.247813514217,392.247813514217,2490.11220631699,2490.11220631699,2490.11220631699,1,1,0,0,1,135778.128105471,0,0,0,0,0,0,0
FT0583,393.101472126966,393.101472126966,393.101472126966,1277.37812100765,1277.37812100765,1277.37812100765,1,1,0,0,1,623814.988051384,0,0,3728.30592837078,0,3557.22836892777,54628.6995659085,95962.188730937
FT0584,393.130423038447,393.130423038447,393.130423038447,804.49938780119,804.49938780119,804.49938780119,1,1,0,0,1,280883.366835677,0,1424.72314962378,0,0,6448.92500051733,0,0
FT0585,393.228482081796,393.228445273445,393.228518890146,2195.38566797535,2181.26848728303,2209.50284866768,2,1,0,0,1,848990.617617176,116877.150837921,139456.262381772,122553.026137609,221096.125563094,173851.895611458,144471.659186749,124775.258463645
FT0586,393.219933956856,393.211388626047,393.228479287664,2050.9093682734,2031.01518801611,2070.80354853069,2,1,0,0,1,2838313.11508331,0,0,0,1947.63397082324,6271.8367870784,0,0
FT0587,393.228424894839,393.228424894839,393.228424894839,1952.6693264774,1952.6693264774,1952.6693264774,1,1,0,0,1,921804.487880208,66832.4264199639,41254.6588843803,55539.3116824204,122256.602900599,89731.6798867201,57873.2822852813,56454.7840347401
FT0588,394.266544460328,394.266544460328,394.266544460328,2912.82238896789,2912.82238896789,2912.82238896789,1,1,0,0,1,411444.293862312,0,0,0,0,1600.27437939526,0,0
FT0589,394.231723042796,394.231723042796,394.231723042796,1952.6693264774,1952.6693264774,1952.6693264774,1,1,0,0,1,199807.541841431,764.62750639705,0,0,9661.17000723766,11516.2840759338,0,0
FT0590,394.231750560619,394.231750560619,394.231750560619,2072.60501857983,2072.60501857983,2072.60501857983,1,1,0,0,1,670448.31654687,13445.4832024438,7249.10127587695,1262.21580573338,66599.9797818726,32835.534512576,33438.5889748197,34890.4719082049
FT0591,395.138326253105,395.138300127454,395.13834389367,1982.66829928344,1982.5342892268,2036.6880639999,5,0,0,4,1,71501.0936758148,0,1532897.66602213,2348362.63146349,941132.21585506,586554.785093711,21683.9657818545,19274.8463152873
FT0592,395.156074317854,395.156074317854,395.156074317854,845.289889722875,845.289889722875,845.289889722875,1,1,0,0,1,457187.139647949,0,34692.3205025349,5915.73007035496,11694.1939479001,39063.7584977963,8143.94150535533,3954.30320922974
FT0593,395.15610520225,395.15610520225,395.15610520225,925.687711088675,925.687711088675,925.687711088675,1,1,0,0,1,856176.172514314,4098.06056284352,15740.5229822417,3985.77547224601,35511.8158640251,40280.1605958877,10640.8218437526,14483.3795982517
FT0594,395.117158839857,395.117158839857,395.117158839857,1167.91800051991,1167.91800051991,1167.91800051991,1,1,0,0,1,376963.946516689,0,0,0,0,0,0,0
FT0595,395.205260234743,395.151255793084,395.205355607508,2262.25729224293,2236.14034447603,2266.26130717565,3,1,1,1,1,166580.189453125,518133.501306646,696613.738709176,545620.472646973,261854.698271497,315111.726610029,786689.671155109,540135.410129964
FT0596,395.244028467256,395.244028467256,395.244028467256,2711.20417135079,2711.20417135079,2711.20417135079,1,1,0,0,1,510547.254356971,31999.3284896717,98824.4653076,68416.0838889838,48518.3749178565,58305.4220514936,54071.9858344855,60794.164248101
FT0597,395.280443341496,395.280443341496,395.280443341496,2949.85012500397,2949.85012500397,2949.85012500397,1,1,0,0,1,144130.525666504,5131.59883439254,1001.14976487527,1035.34878605406,775.648175613619,1338.16496424504,3060.84180811548,948.771733054477
FT0598,395.752075910156,395.752075910156,395.752075910156,3315.47586562403,3315.47586562403,3315.47586562403,1,1,0,0,1,7281051.44284051,0,21965.2735712214,0,0,1367.72885166558,582.992262552952,2830.39673184149
FT0599,396.251428343516,396.251428343516,396.251428343516,3315.47586562403,3315.47586562403,3315.47586562403,1,1,0,0,1,3049569.01022327,0,0,0,1078.92482107182,1269.23756929249,0,0
FT0600,396.991925664252,396.991925664252,396.991925664252,70.0220095180855,70.0220095180855,70.0220095180855,1,1,0,0,1,598549.785329167,78654.8651458188,94879.8764849786,54159.3397606626,38700.6148570682,29279.0502996831,193411.0145117,127672.408779663
FT0601,397.077803916377,397.077803916377,397.077803916377,717.756098886508,717.756098886508,717.756098886508,1,1,0,0,1,1821652.99571377,96296.0329146182,82921.4720190622,84080.104889119,112491.892833732,87022.4331493803,68876.0891618579,73600.5809891628
FT0602,397.226686044744,397.226672950395,397.226723663718,2823.37931682675,2820.61605683951,2825.29528617602,7,1,0,6,1,269839.318505858,86243.9568032584,317911.018473306,189094.670993652,203825.059020328,224910.786394984,294376.531033834,1048268.69860317
FT0603,397.184476589479,397.184460549215,397.184501438641,1605.50814936666,1602.88053741523,1607.03529817144,6,1,1,4,1,563931.95099392,2035014.13922662,1248587.08985156,792315.986119763,596052.781394229,458068.191239104,773724.548121097,782235.591419285
FT0604,397.220925205629,397.220903676046,397.221028566481,2377.77581661571,2377.08399978794,2379.44709781834,6,0,1,5,1,57370.5004697657,641767.45408831,579353.128098138,578224.702634978,452164.205456545,377365.247174263,1082658.01190355,525116.313652047
FT0605,397.221998497951,397.220941951926,397.222130560005,2227.36659501486,2223.96390381511,2255.58694770527,5,0,1,3,1,749531.268268779,435382.771141178,913298.371673584,508218.352906562,243161.734613141,535696.662874525,684242.143707798,1913211.62995387
FT0606,397.259736893016,397.259723890514,397.25976677926,2613.56987967389,2613.04588000078,2616.77879754489,4,1,0,3,1,2606464.01828616,44579.3240244436,206076.958905163,133631.500747988,70691.5480365619,114809.405116761,164100.103081596,225369.619134995
FT0607,397.259739134623,397.259724202329,397.25974718065,2499.42287912096,2499.23876631563,2525.58875390969,3,1,0,1,1,3508213.71059224,58312.0353193326,281102.115893573,147417.114925692,94163.204688181,112227.684808338,200960.004820964,264947.111595105
FT0608,398.081097720725,398.081097720725,398.081097720725,717.756098886508,717.756098886508,717.756098886508,1,1,0,0,1,248985.555286459,5738.46278361967,1701.29204349619,3390.60649277324,0,7794.88982900377,0,0
FT0609,398.263038239895,398.263038239895,398.263038239895,2499.23876631563,2499.23876631563,2499.23876631563,1,1,0,0,1,853184.101543324,6675.8178109017,62211.5605477251,32785.0247294194,14720.1963920697,16786.5117229222,51608.3584384886,48960.0964256422
FT0610,398.26303652548,398.26303652548,398.26303652548,2616.77879754489,2616.77879754489,2616.77879754489,1,1,0,0,1,611763.282727057,5929.96742042536,63599.6709610946,19668.5604457745,13111.8381383038,21617.621494861,42210.7173923544,54762.639656721
FT0611,398.985171176061,398.985171176061,398.985171176061,1443.14225168946,1443.14225168946,1443.14225168946,1,1,0,0,1,468496.132352863,0,0,0,0,0,0,4868.75767551346
FT0612,399.061324874672,399.061324874672,399.061324874672,1353.57841796862,1353.57841796862,1353.57841796862,1,1,0,0,1,390418.69371875,0,0,0,0,5963.75723998368,39588.0401238699,56928.0015060099
FT0613,399.236597274256,399.184851996603,399.23663128816,2467.99943034008,2459.51880514606,2469.87734051571,7,1,1,5,1,1028669.90719137,206105.20215021,211996.421455081,321389.461829365,189687.065328196,141320.440878193,378637.89302734,133480.648542603
FT0614,399.620565406357,399.620565406357,399.620565406357,119.497184338397,119.497184338397,119.497184338397,1,1,0,0,1,291030.485225689,3476.64192446417,2279.27874905977,0,0,0,4349.02457906533,4041.13514755568
FT0615,401.29100281797,401.290963593417,401.291019955762,3041.10785962625,3023.9709549594,3047.24518919193,6,1,0,4,1,293852.822905273,35895.5224320777,190357.156736615,342662.500566177,81132.7430986901,136704.323384093,163471.630937556,167194.735588155
FT0616,402.286262120032,402.286262120032,402.286262120032,2082.93246263027,2082.93246263027,2082.93246263027,1,1,0,0,1,176802.212569247,0,0,0,0,0,0,0
FT0617,403.000170724938,403.000170724938,403.000170724938,71.4926736122435,71.4926736122435,71.4926736122435,1,1,0,0,1,703099.414392566,0,0,0,0,0,5458.96731602104,0
FT0618,403.128066838349,403.128066838349,403.128066838349,1032.81478813078,1032.81478813078,1032.81478813078,1,1,0,0,1,179330.484777589,0,0,0,0,0,5891.91649852816,6398.0363634923
FT0619,403.162417030806,403.162417030806,403.162417030806,1113.726695171,1113.726695171,1113.726695171,1,1,0,0,1,110508.358778753,14254.2412213142,18400.3638603089,0,7040.67243662071,6087.40405145625,19377.4061599188,13040.7152320408
FT0620,403.211382188073,403.158333577033,403.264430799112,3055.0697845861,3037.74755507375,3072.39201409845,2,1,0,1,1,181773.527339173,0,1074.22604603715,664.94423900714,107435.998779297,0,0,0
FT0621,403.30665539831,403.306642620275,403.306685466385,2434.56327169236,2434.00316851285,2435.96635092925,8,1,1,6,1,112036.201657409,139762.061488561,118747.237549441,245838.89721863,2461844.55059568,589024.742315668,1326548.48510742,664667.276932086
FT0622,404.156419364214,404.156419364214,404.156419364214,1556.70774553662,1556.70774553662,1556.70774553662,1,1,0,0,1,522386.952037859,4155.61515058874,0,0,3500.25800675249,0,0,3904.60626524054
FT0623,404.1464927555,404.1464927555,404.1464927555,1167.91800051991,1167.91800051991,1167.91800051991,1,1,0,0,1,209724.945048523,19638.5987227046,36502.2519339642,38239.505161368,15461.0582647597,4949.20522783088,29353.6693550836,9016.83456418275
FT0624,404.229087186146,404.229080080054,404.229112956079,1422.08183477153,1341.69110389128,1423.75543592246,4,1,0,3,1,1165368.3290918,269496.29537606,221834.99022722,135515.917084337,201234.041143065,224781.465283813,169415.453802927,154488.397075197
FT0625,404.247755432421,404.247755432421,404.247755432421,2646.08901530533,2646.08901530533,2646.08901530533,1,1,0,0,1,464915.237830529,7110.03751564587,29549.114507166,31834.9618155794,16313.8316118497,20062.3649494627,27730.0033665273,25654.0729059105
FT0626,404.956126243338,404.956126243338,404.956126243338,846.610876844712,846.610876844712,846.610876844712,1,1,0,0,1,151092.327120117,0,0,0,0,0,2155.23896775903,0
FT0627,405.141259473665,405.141259473665,405.141259473665,2380.13749472631,2380.13749472631,2380.13749472631,1,1,0,0,1,399129.577963867,0,1572.65042122352,0,3458.67424515289,0,6411.1454690204,8257.61329296644
FT0628,405.103986383627,405.103969013697,405.224421779387,1035.72861551469,965.293160423478,1069.28218926679,8,1,0,6,1,1565571.78761792,0,405689.213671878,523260.306182861,479811.129076021,443882.646511231,974571.540814823,1277377.01047917
FT0629,405.162897473612,405.162288883085,405.213158738684,2007.37757440569,1969.93429939711,2084.86879833454,5,1,0,1,1,1221097.92743029,76757.0279355227,90888.1787960167,70871.5059553903,70432.4047723844,803909.66643869,202798.396685638,235623.16851965
FT0630,405.224405158612,405.224405158612,405.224405158612,850.147058844681,850.147058844681,850.147058844681,1,1,0,0,1,784142.044032117,26523.615500785,7754.48109356327,0,0,2853.36996393292,37114.0454964409,67665.911709941
FT0631,407.179566286964,407.134964521529,407.179959688461,2064.06450245827,2007.37757440569,2105.21825924179,7,1,0,2,1,2382692.73213081,0,0,2161.48025291326,0,0,133592.166368407,322654.040214845
FT0632,408.141382896938,408.141382896938,408.141382896938,893.398845928087,893.398845928087,893.398845928087,1,1,0,0,1,450368.314652539,0,4365.78856253882,0,0,8039.86502387946,8866.88214560213,2479.52868269362
FT0633,408.202901190389,408.202901190389,408.202901190389,1578.1126733831,1578.1126733831,1578.1126733831,1,1,0,0,1,1107182.96895676,7288.0462815293,17416.9978583201,11088.7301741903,577.110908689224,0,12272.610848769,31921.4027187921
FT0634,408.202892575066,408.202892575066,408.202892575066,1826.97546771407,1826.97546771407,1826.97546771407,1,1,0,0,1,7749842.888166,14912.0919572138,7422.73807708354,26229.7849194847,0,7294.46098014734,61232.8131569656,191211.878184959
FT0635,409.070766545767,409.039186622179,409.07539218831,104.449160389657,88.6419357811115,106.848170622376,6,1,0,5,1,488874.347274781,939.251487713511,1002789.25290617,1064159.32741457,525719.615499371,4649.8204218233,995904.931764672,1094631.85131762
FT0636,409.098852400772,409.098846416083,409.098855892047,740.970719705752,740.303908953031,741.747715905671,4,0,0,4,1,0,11272.982568177,155127.23128256,205265.23844993,236990.480075684,175149.827433712,345770.778305283,257532.194512874
FT0637,409.163444532984,409.163444532984,409.163444532984,2332.57470304789,2332.57470304789,2332.57470304789,1,1,0,0,1,115224.838111682,48296.0120360802,81928.2340144105,51014.0284423341,65117.0030821183,57682.1442373164,51680.8047163396,89963.4067146857
FT0638,409.206336761488,409.206336761488,409.206336761488,1826.97546771407,1826.97546771407,1826.97546771407,1,1,0,0,1,1751860.18789453,0,2353.42006426956,820.93696293866,0,0,5637.13340593765,38040.9533177041
FT0639,409.257592194561,409.257592194561,409.257592194561,3033.60455190008,3033.60455190008,3033.60455190008,1,1,0,0,1,387000.479770508,2093.22458645882,16719.2996699769,9333.62895374458,1466.48902115853,5933.10542917676,1452.08685116354,8639.21731971228
FT0640,409.1982385132,409.1982385132,409.1982385132,1480.70671699901,1480.70671699901,1480.70671699901,1,1,0,0,1,158856.276602784,0,0,0,0,0,0,0
FT0641,409.171656873902,409.171656873902,409.171656873902,1153.85406293706,1153.85406293706,1153.85406293706,1,1,0,0,1,561218.199851077,4619.78853158195,48015.9808750539,6414.42995904383,19052.7449591104,45891.419676443,55458.4481257052,79630.671477022
FT0642,409.765916792226,409.765916792226,409.765916792226,3483.43025851486,3483.43025851486,3483.43025851486,1,1,0,0,1,5226067.99688735,669.586094303326,1172.97731265688,1179.492563899,0,0,0,474.608621489391
FT0643,410.130531423115,410.130531423115,410.130531423115,126.535297995497,126.535297995497,126.535297995497,1,0,1,0,1,4969.84185598846,245644.610182617,7949.86414013889,35169.4119179055,23598.8968485296,36498.3566209614,41557.3711339368,3636.08037768948
FT0644,410.195375759612,410.182261966379,410.208489552845,1831.95101328569,1826.97546771407,1836.92655885731,2,1,0,0,1,360447.831562502,0,0,0,0,0,0,4754.56818183875
FT0645,410.222026451858,410.222026451858,410.222026451858,1642.43130453982,1642.43130453982,1642.43130453982,1,1,0,0,1,1623162.432129,3891.72908811106,0,0,0,0,711.49828593678,15477.1709070647
FT0646,410.267852392681,410.267852392681,410.267852392681,2872.84306545271,2872.84306545271,2872.84306545271,1,1,0,0,1,402913.245781256,0,2134.62303313225,0,0,4836.20955616732,0,968.669830261011
FT0647,411.127199978084,411.127199978084,411.127199978084,994.443534346953,994.443534346953,994.443534346953,1,1,0,0,1,772973.877964543,19695.0892540811,40761.4490587354,11332.6884181887,0,10145.2549468542,2347.40496579173,4617.1062712765
FT0648,411.187402067454,411.187377616177,411.187424657793,1071.07788010138,1019.36512764129,1102.25328162046,3,1,0,1,1,422185.407078683,0,0,0,0,1180697.493351,0,0
FT0649,412.174338179,412.174335529845,412.174340828155,1776.34981120702,1776.06854032722,1776.63108208682,2,1,0,1,1,443054.087919107,150171.426758514,103866.070265925,102172.369882667,299506.849862631,204539.917411642,38490.0088631796,40458.1644675639
FT0650,412.961105209424,412.961105209424,412.961105209424,70.0220095180855,70.0220095180855,70.0220095180855,1,1,0,0,1,3230290.70520389,2651.90302556657,7103.18565378136,6707.613337416,8155.74106160602,10154.3081456447,22072.149566479,15333.3701777609
FT0651,413.000846841768,413.000846841768,413.000846841768,1667.31765880637,1667.31765880637,1667.31765880637,1,1,0,0,1,473943.759465005,0,0,2314.94593544081,0,4972.90107893518,0,0
FT0652,413.109147546255,413.109145537663,413.109149554848,1117.69931982099,1115.95145321373,1119.44718642825,2,1,1,0,1,269872.655046574,568253.066103516,26676.4874302783,48638.78160155,68696.9842809502,53445.4435701893,51988.2577122995,69735.7947796971
FT0653,413.167896029729,413.167896029729,413.167896029729,867.536114677317,867.536114677317,867.536114677317,1,1,0,0,1,175202.556725763,8243.75161421642,30038.806693045,19836.6438887286,3148.89771435914,11391.2398835829,7524.48242841085,12619.743972135
FT0654,413.154107276882,413.151563970184,413.15520410198,1605.25909439333,1602.88053741523,1609.20034667171,6,1,1,4,1,1550361.40882393,1023383.57868432,914181.644594325,452355.776764951,465669.485705871,4422.2636640095,592880.287742922,3960.81286241561
FT0655,413.218290807563,413.218290807563,413.218290807563,1719.85878901061,1719.85878901061,1719.85878901061,1,1,0,0,1,2034817.52068992,98995.9984171207,125848.483591743,98779.5398240683,65113.9731974976,130107.047127404,102589.830135675,118901.966935543
FT0656,413.24656462964,413.24656462964,413.24656462964,2964.90199977835,2964.90199977835,2964.90199977835,1,1,0,0,1,160424.970081381,0,0,0,0,0,0,0
FT0657,414.159304812716,414.159304812716,414.159304812716,997.446544990453,997.446544990453,997.446544990453,1,1,0,0,1,283162.620810396,0,0,0,2615.02314547675,0,0,0
FT0658,415.137592625895,415.137576941878,415.137608309912,1302.29586179899,1300.33220728032,1304.25951631767,2,1,0,1,1,1002541.82539376,49564.7752111269,33427.5745030367,54298.7226671121,154285.083760997,91731.231289062,63020.7160502207,65377.6136409433
FT0659,415.249277610647,415.249277610647,415.249277610647,2230.81279723048,2230.81279723048,2230.81279723048,1,0,1,0,1,2137.29203772099,167732.531712741,190889.226826325,101874.860770611,190308.052798317,160688.828306225,81825.256276477,86377.725554924
FT0660,415.849243961226,415.849243961226,415.849243961226,3082.52356118968,3082.52356118968,3082.52356118968,1,1,0,0,1,688903.501020649,531.243578799477,0,0,2729.06696253772,1730.49824987537,1007.50318755938,8153.42565307428
FT0661,416.208045263094,416.208045263094,416.208045263094,1941.05990856102,1941.05990856102,1941.05990856102,1,1,0,0,1,115007.421535158,0,0,0,0,0,8958.55131408969,0
FT0662,416.280020743049,416.280020743049,416.280020743049,2901.25492031583,2901.25492031583,2901.25492031583,1,1,0,0,1,534377.254868537,0,0,0,0,1208.13599856185,0,0
FT0663,417.082865056426,417.082865056426,417.082865056426,1402.29860860952,1402.29860860952,1402.29860860952,1,1,0,0,1,862130.633792113,125963.980775405,60106.3861316246,43259.0142257643,114824.647270611,77397.5747549993,104172.006515249,74245.4639730202
FT0664,417.223662798583,417.223657411796,417.22370813579,3109.89595712012,3109.73363897259,3111.33926058218,6,0,1,5,1,168236.032032737,160780.150057272,216895.668945316,202330.29619995,159972.3650759,166267.404829508,169201.279672851,169619.759288027
FT0665,417.213221214718,417.21319061563,417.21328594026,2122.63960347869,2110.33485096966,2135.31799891272,4,0,0,4,1,255331.013507505,252420.492898796,276970.398123221,293917.085382007,480828.916249593,482439.187918796,264160.358006639,250197.125278724
FT0666,417.264865302917,417.264865302917,417.264865302917,2004.74589888485,2004.74589888485,2004.74589888485,1,0,1,0,1,0,138194.216534599,152772.073564135,59863.8437771288,165579.760910248,156590.535154377,43069.6377203307,32109.1419315076
FT0667,417.228483384876,417.228483384876,417.228483384876,2641.61221284847,2641.61221284847,2641.61221284847,1,1,0,0,1,1354227.29955828,26316.6498460703,137799.076601815,84515.8738369634,64978.6178726782,110022.251442005,114152.100006054,125668.77555813
FT0668,417.322355994008,417.322339384867,417.322395932601,2515.3534438148,2513.09994610107,2554.55838355457,10,1,1,6,1,413051.492090399,302480.835676494,306589.794983724,774015.121933585,9840392.47428638,1975481.89669657,4718707.50759832,2326257.13656852
FT0669,417.763414565243,417.763414565243,417.763414565243,3144.26726463053,3144.26726463053,3144.26726463053,1,1,0,0,1,782006.994180969,0,0,0,0,0,0,0
FT0670,418.005639798106,418.005639798106,418.005639798106,95.9456949354635,95.9456949354635,95.9456949354635,1,1,0,0,1,961834.19736529,0,4129.63616372118,6584.82003587853,3618.45078681507,0,12485.181351963,9080.31138457299
FT0671,418.231849363415,418.231849363415,418.231849363415,2641.61221284847,2641.61221284847,2641.61221284847,1,1,0,0,1,332368.347381307,1620.26550971668,30660.1519400652,16871.6900317115,12191.05084363,24029.3949974966,21914.7749621935,24470.8365381821
FT0672,418.265432603514,418.265432603514,418.265432603514,3144.26726463053,3144.26726463053,3144.26726463053,1,1,0,0,1,396181.453180334,0,0,0,0,0,0,716.124342227497
FT0673,418.325734641937,418.325705828188,418.325769872001,2515.06141169701,2513.09994610107,2554.16398887936,6,0,0,5,1,119100.703594862,95973.559193362,78962.2967599146,183149.589881997,2518175.13127179,493531.702530608,1192737.50106026,565779.566006614
FT0674,418.934519803026,418.934519803026,418.934519803026,57.3617391114599,57.3617391114599,57.3617391114599,1,1,0,0,1,111016.285871641,0,0,0,0,0,0,0
FT0675,419.166436027683,419.166421518232,419.166443326828,1606.03256664963,1601.66890089906,1607.03529817144,3,0,1,2,1,114222.719989447,1068194.81335629,445736.042300324,285231.653381837,108213.429152343,165268.793055905,268400.329666692,208885.360211246
FT0676,419.160708325107,419.160708325107,419.160708325107,883.57113098796,883.57113098796,883.57113098796,1,1,0,0,1,261055.07410308,0,0,0,0,0,0,0
FT0677,419.120533303213,419.120533303213,419.120533303213,2328.3522530681,2328.3522530681,2328.3522530681,1,1,0,0,1,427160.858800606,0,1723.39315043721,0,0,2505.6937653513,2027.41464207392,4100.28033531416
FT0678,419.239309519918,419.239290917744,419.239339476134,3198.70580183905,3197.79863725847,3199.9643852575,6,0,0,6,1,139014.863753985,146999.107847851,246388.141179403,265255.390926109,336425.885263671,305262.310126378,313682.033744791,269182.638343747
FT0679,420.141399930213,420.141399930213,420.141399930213,855.57379990774,855.57379990774,855.57379990774,1,1,0,0,1,275859.624117646,1899.60330487227,38382.1192401246,5022.73724733392,5313.0467352035,4057.42972279985,9928.04563473739,8231.37049007053
FT0680,420.24270559944,420.24270559944,420.24270559944,2546.11897560641,2546.11897560641,2546.11897560641,1,1,0,0,1,916266.837246108,0,4970.69136459988,0,0,1534.1257234285,7191.52054301091,17149.0330722222
FT0681,421.070652688476,421.070407727593,421.071919076814,107.061055763525,82.4074284564035,111.25503139793,6,0,0,5,1,4206.14862330918,2931.40829881994,7252.76183710609,1212521.58536382,1066770.9370585,849014.056770516,1433760.15062223,1361428.70359447
FT0682,421.090698516067,421.090677535041,421.13667033986,1092.16641939906,1090.36165202078,1165.39781248248,4,1,1,1,1,1101559.17997768,446751.34768799,358188.575194232,208006.777166224,107249.618926961,155895.333671669,142326.970185959,83484.8348971467
FT0683,421.07548451007,421.075483902219,421.075485117921,889.739533350394,886.080220772702,893.398845928087,2,1,1,0,1,336517.98305713,686177.995121144,21160.3624479473,44449.7763505742,16857.4173187351,61789.0906133353,15208.6218535412,9550.72306080297
FT0684,421.136264297996,421.136228019888,421.136300576104,2136.82782161467,2112.83164192879,2160.82400130056,2,1,0,0,1,284244.147332033,0,364.7255153128,0,0,1909.01484364968,9830.93330272981,3121.70595607163
FT0685,421.161816154758,421.161816154758,421.161816154758,982.390584762098,982.390584762098,982.390584762098,1,1,0,0,1,610818.735555177,0,0,0,0,0,0,0
FT0686,421.226715369347,421.226706122829,421.259719864571,2889.72146765245,2887.22438344124,2900.497894763,5,1,0,4,1,189753.232780153,68262.5112681698,143864.883906488,175010.189047854,142961.554420495,123888.223372804,286301.864534511,320193.250908555
FT0687,421.246045052484,421.246045052484,421.246045052484,2546.11897560641,2546.11897560641,2546.11897560641,1,1,0,0,1,161439.067991211,0,0,0,0,0,1871.00323030981,0
FT0688,422.140049344004,422.140049344004,422.140049344004,1165.39781248248,1165.39781248248,1165.39781248248,1,1,0,0,1,177357.562581676,0,17870.2541045397,2528.3436330989,0,2949.84309132816,8822.74811004926,0
FT0689,423.114607848503,423.114593476636,423.114630729857,208.440102645436,155.438405602058,211.186641457023,7,0,0,6,1,241262.731073636,100214.942789972,988055.253480176,1482884.50292402,1438819.35853533,1081513.28016418,2251466.62047574,2479082.402386
FT0690,423.114592919075,423.114588694448,423.114617136563,764.258101569023,761.681759074848,766.780271315782,6,0,0,6,1,148138.241301678,0,292079.220184536,499623.427959691,335618.972735576,340998.413955468,639097.74032432,687076.929728574
FT0691,423.129890207136,423.129890207136,423.129890207136,1029.56425207809,1029.56425207809,1029.56425207809,1,0,1,0,1,56385.418762787,84926.1017812482,80651.4624673151,82609.1264109543,123129.835078258,111920.77365315,95280.2825806503,95679.4228008639
FT0692,423.187406714269,423.187387279086,423.187417686664,1400.06529112489,1396.8771121877,1406.83284943334,4,1,0,3,1,3657599.39979375,169101.10099129,368913.764826165,121060.305061849,383449.035612512,549357.65222168,306123.672409166,290347.944883702
FT0693,423.275376181537,423.275362042721,423.275390320354,2954.2834060312,2943.66481228406,2964.90199977835,2,1,0,0,1,2859203.8650358,19481.1812845069,30041.9867132813,22394.2865433449,10450.8521982775,24440.5664263725,10537.9858331199,28569.9670778487
FT0694,423.177524076408,423.177524076408,423.177524076408,1766.76924535777,1766.76924535777,1766.76924535777,1,1,0,0,1,143266.438920455,1657.10681307315,2630.36674100387,2445.93320858558,11116.2112519845,37854.8112594238,36044.2004429228,20312.30036108
FT0695,423.384579441913,423.309315030941,423.384608477639,3121.62073603428,3100.28652073848,3121.86817767324,4,0,0,3,1,1984.4938395315,5975.36449666945,161888.006148437,144271.580275127,128670.673630373,158303.896215009,141621.090619326,96413.8970390612
FT0696,424.084012257138,424.08399555576,424.084020997507,1002.12263255158,999.114045555833,1002.55100664049,3,1,0,2,1,372544.64863995,89249.6014375425,254292.134967774,180337.779203104,146399.282577982,158376.881903548,122411.735405249,120287.10771582
FT0697,424.197907089745,424.197883942515,424.197942694444,1300.74470690114,1297.26224615269,1301.30182360791,4,1,1,2,1,5029043.49196882,274707.241196855,226378.302843864,238231.046427699,85503.6395022657,222760.052310221,267807.162479863,121117.83221289
FT0698,424.281179096212,424.278761638176,424.283596554248,2944.24693483418,2923.59186989002,2964.90199977835,2,1,0,0,1,718751.472843626,8606.84539736806,0,0,0,0,0,0
FT0699,424.193907640236,424.193907640236,424.193907640236,1394.49503930501,1394.49503930501,1394.49503930501,1,1,0,0,1,900160.81377865,9242.95260964267,53937.5534774228,36234.2329390084,60014.2953710844,98354.333954767,27848.1323622208,45078.5878757852
FT0700,424.898195231956,424.898195231956,424.898195231956,66.1488548941845,66.1488548941845,66.1488548941845,1,1,0,0,1,220910.502200619,0,33368.9576610668,16500.0063209428,0,0,14892.5372301923,13559.1419739685
FT0701,425.072748357236,425.072731276185,425.07275687484,286.119424529827,279.207314709283,332.782579825171,5,0,1,2,1,124224.012716417,1948958.8797583,1268420.02786125,1134237.1686969,1628451.71844153,1103194.19290307,1152440.50533125,1236833.36866689
FT0702,425.051624839739,425.051622495311,425.051627184167,1252.52756413508,1251.32470700846,1253.7304212617,2,0,1,1,1,4041.03761878342,522872.967717983,274772.915623372,165322.55085612,199045.887583305,263829.771532438,82879.3346570576,117373.399479047
FT0703,425.142741723827,425.142741723827,425.142741723827,1153.85406293706,1153.85406293706,1153.85406293706,1,1,0,0,1,463656.392495991,3471.74216267472,7529.16838653725,3794.51740562729,3075.29621392667,21830.3143944915,2995.20053363988,0
FT0704,425.2158947477,425.215869961045,425.215930885818,1858.64722817396,1856.93023214509,1861.31641757026,4,0,1,3,1,54421.0082832199,252333.155063698,198545.62842475,66630.6874488527,63461.8544483121,80797.8770761966,123846.536275228,150513.306850588
FT0705,425.19481080214,425.194765378865,425.254719617764,2152.59909062062,2107.09400811509,2186.67490065995,4,1,0,0,1,2276828.64010716,17634.382984347,104805.957683934,35284.8210039255,19407.450624611,65575.4908305312,104479.919208504,100628.470939569
FT0706,425.291131753863,425.291131753863,425.291131753863,3020.81523637444,3020.81523637444,3020.81523637444,1,1,0,0,1,308582.309371947,1413.76963642761,12897.9221121067,5090.33075625359,4988.23393197599,9932.41816370791,4370.66888865751,13636.5299749456
FT0707,425.204366684872,425.204366684872,425.204366684872,1026.08154213542,1026.08154213542,1026.08154213542,1,1,0,0,1,637047.269282224,0,5022.65517989687,2898.94369542129,0,0,0,3249.90892809822
FT0708,426.213470986158,426.213470986158,426.213470986158,1341.69110389128,1341.69110389128,1341.69110389128,1,1,0,0,1,493159.734073081,29471.133388196,19902.9686502057,14737.2203264236,0,10312.2232674282,23982.8779925748,9404.67225993161
FT0709,426.189965405682,426.189965405682,426.189965405682,1268.89399808535,1268.89399808535,1268.89399808535,1,1,0,0,1,265729.335849608,125688.759894476,57184.1578699107,99556.4661438558,72578.4141753421,99710.2788557933,17145.2455247769,44362.2460036008
FT0710,426.560994365557,426.560994365557,426.560994365557,681.467015889674,681.467015889674,681.467015889674,1,1,0,0,1,459511.681591016,17616.8605196545,71555.5576900385,69641.0712337518,22087.530683812,31051.116218722,15530.424779548,22342.1889526317
FT0711,426.793899815038,426.793899815038,426.793899815038,64.872470984916,64.872470984916,64.872470984916,1,1,0,0,1,122596.469725,0,86090.6819588452,60321.9467612314,34277.3658252379,17245.5715315559,8763.23430121739,34683.8122261218
FT0712,427.067198758376,427.067198758376,427.067198758376,1213.42626218193,1213.42626218193,1213.42626218193,1,1,0,0,1,373642.640238134,96580.1668838354,108656.357129191,90719.7151550004,76141.6976813034,63166.4696406484,77211.0084377953,87032.8518095057
FT0713,427.056118374472,427.056118374472,427.056118374472,681.467015889674,681.467015889674,681.467015889674,1,1,0,0,1,773659.013584799,19530.6618082728,91734.1233843243,77023.477773094,18123.2906814271,34877.8044624878,28294.1384241519,18491.8067176424
FT0714,427.176455719227,427.176441892144,427.176491063219,2728.78982946713,2727.67593191141,2729.89726487289,4,0,0,4,1,0,175712.633826097,217583.295986326,82134.1256746784,204062.738749186,119594.015405328,226006.935158201,421478.478157301
FT0715,427.2315105024,427.231499133891,427.231531699052,1709.17108905224,1704.61244759971,1710.92891471278,3,0,1,2,1,0,405539.04852805,393043.136566162,168277.362878418,90826.4453183589,79635.700967025,63419.5920668501,89330.2559120109
FT0716,427.176882889968,427.143233785335,427.2105319946,2231.899457466,2230.34954493266,2233.44936999934,2,1,0,1,1,729709.934548343,1784.38844092361,0,201226.502900387,690.206556243039,10759.8122453046,4027.59543878092,5130.29829982128
FT0717,427.182981799637,427.182325051231,427.183638548044,1129.31209314183,1102.45692508021,1156.16726120345,2,1,0,0,1,915732.366109835,0,0,0,0,0,0,6303.65918343985
FT0718,427.222209064177,427.210485412085,427.233932716268,2404.1381109888,2377.68915260011,2430.58706937749,2,1,0,1,1,986104.205403058,0,0,0,0,948.620261183618,150930.51872152,0
FT0719,427.197575019449,427.197575019449,427.197575019449,1250.26716785156,1250.26716785156,1250.26716785156,1,1,0,0,1,746615.525482954,24891.3901142919,19390.3212195899,0,0,60539.535836391,3478.62822251657,12580.9046560653
FT0720,427.634295875627,427.634229563305,427.634361703371,235.33501144774,233.939079970175,236.245298915431,3,0,0,3,1,0,1217.08502080946,0,2695.38395233542,535654.374287122,5519.05777517221,560188.859271628,677945.168137166
FT0721,428.114017477638,428.114016155044,428.114018800231,1604.95791779333,1602.88053741523,1607.03529817144,2,0,1,1,1,48188.6930106866,458457.956189685,237078.905207518,180531.420262109,124703.838869566,95204.5918494739,144408.295916996,157503.389337615
FT0722,428.200948628101,428.200948628101,428.200948628101,1248.9521467826,1248.9521467826,1248.9521467826,1,1,0,0,1,161822.17367513,0,0,0,0,0,0,0
FT0723,428.856302169379,428.851614507294,428.856315267309,67.3491315307419,66.1488548941845,68.6119296101901,3,1,0,2,1,1350802.12445179,0,173544.486787899,141486.906193034,79445.4600816324,121516.528261306,112045.050462158,117855.775814973
FT0724,429.104072293664,429.104064798543,429.104080376873,984.251000521366,983.254435038056,988.186138134055,3,1,1,1,1,993622.997736538,1316681.15300762,87513.5835588534,219347.309946545,107974.057216797,292545.353898492,267929.5484375,293100.765453603
FT0725,429.121934718775,429.121894602593,429.213144487559,1605.79721015297,1602.88053741523,1662.38169671281,6,1,1,4,1,255037.642189452,1610352.33103459,809062.461621087,544722.852360102,418115.772702823,693981.66452776,502440.674001497,416979.022423826
FT0726,429.249599905095,429.249599905095,429.249599905095,2521.1823466056,2521.1823466056,2521.1823466056,1,1,0,0,1,324040.702347878,46256.5815670636,120800.518108909,103932.659291661,63792.5789765797,116153.425210936,102957.605070014,102626.954950585
FT0727,429.178088520998,429.178088520998,429.178088520998,1267.39725842817,1267.39725842817,1267.39725842817,1,1,0,0,1,204340.002008789,2819.16102404146,6733.66865059476,2247.36441895092,1066.25799168604,3467.85313792174,0,3492.01646192541
FT0728,429.322375153339,429.322375153339,429.322375153339,3130.98967533102,3130.98967533102,3130.98967533102,1,1,0,0,1,1194525.03805542,2569.88183926678,30925.2449299489,16542.6017868918,5016.15777071797,16812.6683078293,13534.501958636,20813.1720794991
FT0729,430.122820299134,430.088731077448,430.15690952082,102.519157419799,99.5182288608789,105.520085978719,2,1,0,1,1,281329.520724587,2767.71482230326,0,2380.20216347985,0,315663.242514284,0,2591.91185252769
FT0730,430.107439208418,430.107439208418,430.107439208418,983.254435038056,983.254435038056,983.254435038056,1,0,1,0,1,115191.918053669,207830.281005664,0,7296.52462708239,3853.71562182566,16247.386779072,45303.4978554082,29230.8187644906
FT0731,430.325628245405,430.325628245405,430.325628245405,3130.98967533102,3130.98967533102,3130.98967533102,1,1,0,0,1,164420.356634521,0,1366.8942300498,979.333325622221,0,0,0,0
FT0732,431.098505662545,431.098484734676,431.098509714946,1426.35755578802,1419.8955736141,1428.1532219073,3,1,0,1,1,959936.576416014,90081.836707464,92545.6395619222,55697.5901930538,85683.2867770131,96934.1373710208,218497.638806154,163269.22159256
FT0733,431.140723342018,431.104431214124,431.140791189236,113.217235545996,105.556834578964,114.706886679883,3,0,1,1,1,36199.2306263444,318589.895807564,160012.66966199,360766.583896329,221399.902633286,1169943.37337446,194770.176939439,151204.468472236
FT0734,431.156061950176,431.065545655028,431.156064717886,945.930002438402,902.306796813099,1006.88222042569,3,1,0,1,1,85220.6555876109,31817.9119989399,1922.70254278144,4230.2225399868,6644.44532883157,8893247.77783203,2915.56858381724,9539.43415973006
FT0735,431.228910362231,431.171364809404,431.2289870128,2220.1579904195,2191.47754245768,2240.33837729754,13,1,1,6,1,639385.937162714,318189.764511718,540471.92096413,582360.629372375,804876.204087345,1099814.69838116,395264.086542971,520652.958819984
FT0736,431.265295781713,431.265269551837,431.265332686957,2058.35269493613,2056.68684491228,2059.8503024679,7,1,1,5,1,510245.973215891,153616.662293529,231230.493789675,119388.90588274,298089.79035937,228715.806445311,188791.001773682,251983.349185657
FT0737,431.192473963146,431.192454652323,431.192483608058,1104.78651491644,1103.77203697556,1105.8393948804,3,1,1,1,1,2738120.57159547,409765.703560966,34623.3518125366,26790.1325245585,30631.1703983978,236443.589755485,123228.806439427,65379.0241472426
FT0738,431.19250460635,431.19250460635,431.19250460635,1824.41875336253,1824.41875336253,1824.41875336253,1,1,0,0,1,925873.685313716,109977.13958334,133889.315632596,102287.193519767,142448.122847541,134524.8170429,123654.944506197,126108.404643675
FT0739,431.338010841922,431.337987535801,431.338111180685,2590.24271642985,2589.21740588807,2617.45584029859,6,0,0,5,1,162988.835964238,51092.8280012407,64794.9324702941,146811.052838134,2463565.98128305,520352.590704253,1212046.69569989,540346.630126946
FT0740,431.624992659292,431.624992659292,431.624992659292,136.217679056572,136.217679056572,136.217679056572,1,1,0,0,1,581575.639409011,0,2352.69255636051,1542.53401736954,0,0,2743.65422756671,1851.4643365508
FT0741,432.195774678364,432.195774678364,432.195774678364,1105.8393948804,1105.8393948804,1105.8393948804,1,1,0,0,1,513057.393111982,71424.7812837761,0,0,0,26474.2312767966,2615.89453749298,2495.82802483151
FT0742,433.151594039916,433.151579709299,433.15162753823,2461.87632269358,2451.54466109817,2466.3699724046,6,1,0,3,1,1465417.19861957,0,143454.671984419,153465.921240316,360844.028020605,525800.917923077,403761.106392642,301401.44939502
FT0743,433.138703722439,433.138703722439,433.138703722439,1013.13979435476,1013.13979435476,1013.13979435476,1,1,0,0,1,140991.255371094,0,0,2128.84481809613,0,0,0,0
FT0744,433.114220953243,433.114149921086,433.208144929546,1156.16726120345,1126.11187098588,1208.38336094656,3,1,0,1,1,1393192.89023438,150372.174685255,144556.954011907,171783.628806626,187122.343061903,889338.866697916,173067.169056147,183623.816682519
FT0745,433.259839189112,433.259839189112,433.259839189112,2901.25492031583,2901.25492031583,2901.25492031583,1,1,0,0,1,244796.540424659,5381.07430254319,1470.15724914848,0,5710.13432626089,2341.34650038551,2980.01751568592,0
FT0746,435.136632837882,435.135251180726,435.140453844112,1605.56185365632,1602.88053741523,1607.03529817144,3,1,1,1,1,320149.924081053,560906.052117922,386333.346011506,195075.678030857,128116.992984927,117648.849762315,154047.08511822,197371.85543273
FT0747,435.129863188722,435.129863188722,435.129863188722,791.762177247611,791.762177247611,791.762177247611,1,1,0,0,1,236248.877400878,34886.3914529471,41371.1598791338,47478.4055342308,43124.0218412267,40365.778166767,40976.8657194153,45060.670054748
FT0748,435.223818689611,435.223818689611,435.223818689611,1352.23561033146,1352.23561033146,1352.23561033146,1,1,0,0,1,1703501.57510569,19685.8193579604,17387.1039253782,2666.07503948078,7290.14142712663,4586.00605644522,0,20958.5310140321
FT0749,435.213955168603,435.213955168603,435.213955168603,919.009401778262,919.009401778262,919.009401778262,1,1,0,0,1,92498.7838541667,30911.9759775083,29973.9389156413,2824.13539926716,7099.27949511454,19512.2585136232,13581.6217872865,10372.1229950918
FT0750,436.227080560315,436.227080560315,436.227080560315,1353.57841796862,1353.57841796862,1353.57841796862,1,1,0,0,1,155462.873279159,0,0,0,0,0,2539.82090684903,0
FT0751,436.221957327858,436.221957327858,436.221957327858,1067.31653036054,1067.31653036054,1067.31653036054,1,1,0,0,1,337481.068665865,0,21917.7009611135,4200.65954145744,0,19594.3487939969,7576.52109853653,9103.57200959529
FT0752,436.639374100103,436.639315492481,436.639432707725,138.078679361287,136.217679056572,139.939679666003,2,1,0,1,1,791213.071118555,0,2016.37139566991,6035.48409593063,3373.84170315241,377060.875020877,5086.53699059125,17274.0564507529
FT0753,437.086900463278,437.086859532998,437.086920843635,1060.0616950288,1056.73994168404,1063.63469766446,6,0,1,5,1,100548.372659553,165877.08362325,140550.950887043,358120.182103056,238645.348004149,230181.813928495,171683.787960936,129284.33549479
FT0754,437.093782496298,437.093782496298,437.093782496298,121.383046491437,121.383046491437,121.383046491437,1,0,1,0,1,8253.60596371923,425904.799751099,117289.322458558,156072.696676131,196508.939665218,94209.2812786864,136492.247027131,138859.786128834
FT0755,438.293203381466,438.293203381466,438.293203381466,2892.77672943999,2892.77672943999,2892.77672943999,1,1,0,0,1,353930.845292157,0,0,0,0,0,469.650414809624,660.097662710113
FT0756,438.253266333223,438.253266333223,438.253266333223,1939.6031743371,1939.6031743371,1939.6031743371,1,1,0,0,1,4435888.80476951,0,2799.17359715234,2894.38852241654,0,1830.0807534802,19163.9371025645,60598.0522093313
FT0757,438.299163950217,438.299163950217,438.299163950217,3005.99726021899,3005.99726021899,3005.99726021899,1,1,0,0,1,1677749.25623512,17382.334506508,44393.1313253744,34387.8080628855,12173.3785744295,27905.5945633106,14182.7395154227,22307.5245577792
FT0758,439.08128818779,439.080963828478,439.158453931019,100.533424081907,64.872470984916,171.50992331371,16,1,1,6,1,5189157.4710952,10049187.7017055,9124051.01488575,12686237.7212736,3765729.31377999,32894284.8689706,2747038.11651653,2166260.73496817
FT0759,439.245344370038,439.233979128226,439.25670961185,1946.13625040725,1939.6031743371,1952.6693264774,2,1,0,0,1,929679.669272462,0,0,0,0,0,2705.64210757183,4906.35133435083
FT0760,439.302545661383,439.302545661383,439.302545661383,3008.99323158729,3008.99323158729,3008.99323158729,1,1,0,0,1,297373.799999996,593.023711708271,4511.72941810587,1919.23206309591,2997.51277760627,1287.21680187155,6509.02896428889,4638.43726133485
FT0761,440.089430915321,440.084658601732,440.08949288106,100.898979861705,99.9020678851905,105.556834578964,5,1,1,3,1,397395.443251758,554823.487520436,637841.676372791,1350212.5875082,363149.571400082,4314794.81018033,239722.81895975,175395.473632653
FT0762,440.169344051589,440.169344051589,440.169344051589,1800.3122946995,1800.3122946995,1800.3122946995,1,1,0,0,1,226165.017375001,11977.5109275935,0,0,71968.6733999148,43914.4964863421,0,0
FT0763,440.237278546828,440.237278546828,440.237278546828,1953.77363090709,1953.77363090709,1953.77363090709,1,1,0,0,1,100808.89847168,6759.54652011252,6645.59573427295,9583.10686926022,17684.6730264473,8040.01905441735,0,0
FT0764,440.240430001091,440.240430001091,440.240430001091,802.988410861953,802.988410861953,802.988410861953,1,1,0,0,1,156646.746317383,0,0,0,0,0,0,0
FT0765,440.20571566886,440.20571566886,440.20571566886,1779.28900962774,1779.28900962774,1779.28900962774,1,1,0,0,1,147716.820922156,8776.75758995233,0,3293.06513561062,24095.3682076637,15190.6325449685,0,0
FT0766,441.082932771968,441.082932771968,441.082932771968,1555.33476685256,1555.33476685256,1555.33476685256,1,1,0,0,1,410797.111188616,41728.6571435778,93098.481125433,83088.1404505661,68138.885004506,58170.7652204698,85135.0341856395,67223.9185573196
FT0767,441.082947049288,441.082947049288,441.082947049288,1657.26322665112,1657.26322665112,1657.26322665112,1,1,0,0,1,1143008.15129813,37615.2864757918,63024.8404524579,47132.8997298478,55289.0264040614,16197.7771251411,67722.7066687099,43399.688242807
FT0768,441.082921141995,441.082921141995,441.082921141995,1443.14225168946,1443.14225168946,1443.14225168946,1,1,0,0,1,4595259.9997925,105009.451723557,189085.881854349,147680.309263587,154780.094503621,189630.878789825,271693.145749928,208675.582093503
FT0769,441.252982116856,441.252961249153,441.25302574968,2838.52071324667,2836.85109883977,2838.91259900781,7,1,0,6,1,272487.240634592,105794.602851615,329616.300709511,180459.320185549,216957.796795187,214364.884779785,323309.838903618,1080502.36072972
FT0770,441.197878849865,441.19786886816,441.197913108242,1220.61854588265,1183.37096932399,1223.755657577,4,1,0,2,1,498699.8979988,83669.6251412964,68629.2705213869,31794.6128316767,27007.1031951911,6403.89347663531,217861.309559985,185134.718364258
FT0771,441.337650918454,441.337650918454,441.337650918454,3180.01012122281,3180.01012122281,3180.01012122281,1,1,0,0,1,471122.228295897,8890.17615008607,51993.7226111851,24851.3125699317,66039.304614258,51837.6830345195,15628.2082540497,38524.7236118876
FT0772,442.086213854835,442.086213854835,442.086213854835,1657.26322665112,1657.26322665112,1657.26322665112,1,1,0,0,1,222979.279661457,0,3815.57975695159,0,0,0,0,0
FT0773,442.086203972112,442.086203972112,442.086203972112,1443.14225168946,1443.14225168946,1443.14225168946,1,1,0,0,1,1098850.26116455,2724.12237151839,5388.13955551229,7987.54276384676,0,18742.9606284099,11461.0680360708,21548.8805964824
FT0774,442.763962708379,442.763962708379,442.763962708379,64.872470984916,64.872470984916,64.872470984916,1,1,0,0,1,460172.781233113,3185.09864360746,5989.54991457,12649.6158365751,0,0,4837.00732736047,7711.017568198
FT0775,443.096816668339,443.062195404278,443.098587674191,1090.90180816807,1085.91431660722,1091.77970194718,9,1,1,6,1,63684316.6577914,26369654.699433,32389459.5400038,22207707.6162522,16951962.1228767,19149663.7968548,20518843.2721405,18319849.1100951
FT0776,443.168981894377,443.159509149392,443.16900169174,1764.39969702473,1759.655574522,1791.39721785659,3,1,0,1,1,1469068.14066145,116118.081736944,100627.696939555,89886.1278777291,291664.493543589,243251.834962564,49751.151981193,70191.5461353057
FT0777,443.228887772336,443.228861038017,443.228933652947,2203.05619612769,2159.35925735095,2241.37941930903,3,1,0,0,1,2901308.59656853,96181.7601250804,241175.800099965,175811.508597691,128632.172134347,230308.4742862,277739.485368781,239768.596738548
FT0778,443.177258104105,443.177253439102,443.192510318125,827.745617113599,770.519494754728,887.308903214637,3,1,0,1,1,600333.657213673,0,0,0,0,338614.00892735,0,0
FT0779,443.338045173682,443.338029457013,443.338101195096,3022.88993410371,3021.61988613872,3023.86936450815,4,0,0,4,1,108315.118948925,99204.2183106533,135539.416570346,176030.446582028,154768.639689125,262817.080769043,138796.925468597,247496.993118286
FT0780,443.301662349401,443.301662349401,443.301662349401,2812.39225567047,2812.39225567047,2812.39225567047,1,1,0,0,1,173219.678367202,4354.72484757065,24957.0926705287,19708.0385636901,4788.02991805754,12311.9949995555,17030.5652714587,24330.7017833812
FT0781,444.101928555132,444.101910595672,444.102595829192,1090.80973376715,1089.44191714182,1091.77970194718,8,1,1,6,1,15764717.346023,5975759.54985122,7813409.3543542,5332600.33603573,3937832.5800558,4489523.72656808,4755805.41873048,4306265.99269793
FT0782,444.130205838427,444.130205838427,444.130205838427,984.086676352125,984.086676352125,984.086676352125,1,1,0,0,1,252123.185682942,17532.9825943402,0,0,10389.1456530245,34051.3661800118,5028.45384042506,3852.82735200418
FT0783,445.104027425059,445.103976903769,445.104056479659,1090.80973376715,1088.58816328454,1091.77970194718,8,1,1,6,1,2969671.59124024,1145538.43267857,1512575.63342968,927066.525543715,633738.667999268,785869.353571774,682488.915445309,688333.694282224
FT0784,445.114174555605,445.114174555605,445.114174555605,1270.80854761924,1270.80854761924,1270.80854761924,1,1,0,0,1,484072.302817005,102360.668217771,106881.243101875,89506.9685670912,124455.411091149,130076.169570846,155291.481095167,148123.007483966
FT0785,445.353699685596,445.3536640377,445.353733645041,2678.74442332085,2678.21102183126,2681.01363989879,4,0,0,4,1,31570.8101408313,33822.753463527,26925.3861553696,88100.9866583559,2981919.83053784,208302.309040905,867006.179620822,240543.617605732
FT0786,445.332545541681,445.332537842987,445.332553240374,3054.85867491994,3053.28152017818,3056.43582966171,2,1,0,1,1,1273451.16165866,48598.074834757,159698.700624651,93568.3349810967,140298.250997918,152270.786398865,75467.325263104,125592.764685833
FT0787,445.171749628721,445.171716784756,445.20818178142,1102.25328162046,1073.72504677444,1150.22290855317,3,1,0,1,1,192261.203774415,54791.1731200253,4548.1069254791,5291.94328629073,24103.0465431908,17011656.4205078,2776.56479315913,5574.5996874104
FT0788,446.072058784528,446.072058784528,446.072058784528,672.481421266613,672.481421266613,672.481421266613,1,1,0,0,1,361929.36849758,26914.8369428317,49396.0236623002,54739.6495241544,12300.7333672436,25799.0538001667,2614.90519749467,24452.2129140436
FT0789,446.106169983839,446.106138453373,446.175168963675,1090.90180816807,1090.36165202078,1102.25328162046,3,1,0,2,1,182423.23949707,113847.129517416,103796.744685725,102483.669849179,55604.2242980914,3630058.76269531,98303.2010734652,64366.7628709147
FT0790,446.179635971346,446.179635971346,446.179635971346,861.542741446042,861.542741446042,861.542741446042,1,1,0,0,1,290608.408582032,0,0,0,0,0,1766.72714081809,0
FT0791,446.385425307541,446.385425307541,446.385425307541,2953.20267987205,2953.20267987205,2953.20267987205,1,1,0,0,1,551612.679811853,44919.990809719,135134.886756791,138439.606381876,105786.466855552,118571.741472172,97911.720171248,110455.532646371
FT0792,446.335823399822,446.335823399822,446.335823399822,3056.43582966171,3056.43582966171,3056.43582966171,1,1,0,0,1,302818.330261226,9256.68059886351,33161.784870768,16697.1099583948,31004.0115924863,30953.0930535936,10787.2399379228,24540.3925229539
FT0793,447.101187269723,447.093562088662,447.109031374823,1589.74255241373,1586.65202300087,1598.59263106499,4,0,1,3,1,0,1192693.17135184,618143.683735655,146265.516445314,7484.82121255903,0,1345493.03629297,0
FT0794,447.134679192325,447.134591588551,447.134702460665,2387.04398087891,2386.19034494477,2388.67845448001,3,0,0,3,1,198216.896769219,166726.159639628,265239.16971943,170135.005341023,156886.897782644,242993.468697557,1028515.19040528,1172215.33872803
FT0795,447.093578979165,447.093549982983,447.093630826438,1311.21939301435,1307.44582769729,1313.77977486213,3,1,1,1,1,3992210.04040541,602205.905861102,172113.461528164,204263.940228833,278096.196221748,282767.358189137,686268.168946533,295334.061279398
FT0796,447.108885804228,447.108885804228,447.108885804228,1402.72167629342,1402.72167629342,1402.72167629342,1,0,1,0,1,59682.5327834106,641099.381552084,272874.668646063,254840.442719709,417699.556669303,284334.583819381,219121.38826781,245199.554500828
FT0797,447.135774027887,447.135774027887,447.135774027887,76.4577090411275,76.4577090411275,76.4577090411275,1,1,0,0,1,967943.537468818,122979.337816751,29565.3502423996,40258.1749060919,57066.5819870559,70278.3037665179,69324.8373547264,57602.138981409
FT0798,447.187433257817,447.187411198005,447.187464704443,1909.87882418205,1907.25104757599,1910.83917633255,6,0,1,5,1,120437.638335498,486997.063511869,209456.694316405,317320.24262257,557048.687109373,407663.586627295,338464.905912642,412439.321398735
FT0799,447.260131738157,447.260121296185,447.260145242318,2152.0807404645,2148.59258081313,2181.31481686306,4,0,0,3,1,492882.280127345,530656.031479782,1453567.70054571,1288960.84685547,437808.905547726,790277.634279779,681841.467479985,689974.486766196
FT0800,447.3329437897,447.332892433732,447.333011885378,2438.40971433804,2437.51999732226,2440.6018533647,8,1,1,6,1,665120.652239118,189922.819006345,314438.19862508,474982.955465268,6799775.43909555,1009861.20455879,2100013.08577009,1144467.20878523
FT0801,447.348274177955,447.348274177955,447.348274177955,3090.39963945874,3090.39963945874,3090.39963945874,1,1,0,0,1,698790.284750002,27154.0139065483,78990.8619015706,43473.355095454,102581.404924545,103661.49058614,34392.8468074502,67785.501707647
FT0802,448.07847929531,448.078381093041,448.078555391636,76.5574277955991,55.3868094216387,104.870953699002,15,0,1,6,1,44670.7359409703,977019.777253223,1055387.04711563,929409.278301172,1143312.49747867,1776766.91225119,1172127.1367949,1151475.13323991
FT0803,448.096870259285,448.096870259285,448.096870259285,1307.44582769729,1307.44582769729,1307.44582769729,1,1,0,0,1,835161.344565173,112454.82334175,3460.00157171888,14528.7010836811,19666.8481968801,24302.6114888552,139406.909490684,32135.5231222495
FT0804,448.336380288398,448.336362411737,448.33648250847,2438.41222741947,2437.95228654004,2439.02289433045,4,0,0,4,1,173193.686957854,49788.6477866916,83871.0891344617,128022.661688754,1767031.40325721,267539.89239624,516184.74174456,228217.060363767
FT0805,448.351784988618,448.351784988618,448.351784988618,3092.11201910467,3092.11201910467,3092.11201910467,1,1,0,0,1,133742.288331299,3061.34358709148,16037.6525936394,12666.0241714398,22049.5965978891,22076.9697688758,6002.94592262985,15049.392566013
FT0806,449.093862735671,449.093862735671,449.093862735671,309.391053203695,309.391053203695,309.391053203695,1,0,1,0,1,30011.8240761196,368577.299446472,287372.342589828,274898.456597346,387144.307471963,270329.677121282,238300.263821226,255473.777197986
FT0807,449.275876197878,449.185298806593,449.275902328475,2144.42386521704,2140.1047704896,2172.7874954365,8,0,1,5,1,698577.067641912,555343.866609827,1757944.10027343,1361769.58656759,153139.351534597,880840.437336779,711778.469018553,614129.669030271
FT0808,449.193152506379,449.193152506379,449.193152506379,1010.74375679628,1010.74375679628,1010.74375679628,1,1,0,0,1,329066.875312499,8912.5309093808,9711.16146500413,9013.81268856423,5307.71746749969,11301.6618045335,11432.554097471,2995.25215921526
FT0809,449.203046481881,449.203046481881,449.203046481881,1766.76924535777,1766.76924535777,1766.76924535777,1,1,0,0,1,221596.956243489,14378.3814931125,51266.5106213443,27959.6201714947,27021.0230212464,29228.1717347078,13132.8854980922,28208.2790266239
FT0810,450.140777643484,450.140777643484,450.140777643484,710.053051445086,710.053051445086,710.053051445086,1,1,0,0,1,336211.568168334,0,1964.97205204324,1405.15504383416,0,0,0,0
FT0811,450.836016653845,450.833634330649,450.838398977041,66.7422002975531,64.872470984916,68.6119296101901,2,1,0,1,1,873998.314406007,10486.1057935712,0,97381.5700128906,5124.21642418931,14294.1547878942,0,3358.95013096702
FT0812,451.094851733124,451.060225771421,451.124825512155,886.648765215209,878.417712602504,893.398845928087,4,1,1,0,1,3366678.36987872,913579.726732033,2672.06332839836,0,0,0,0,0
FT0813,451.10952856688,451.109525743517,451.109531471132,956.371715600444,956.07383509828,957.759787008378,3,0,0,3,1,65400.8868665308,0,199147.059961537,300021.178029576,251416.967355078,251998.64027573,460779.868433881,438693.692878417
FT0814,451.085951389436,451.085944842358,451.085957936513,761.850569467708,760.09878755293,763.602351382485,2,0,1,1,1,119862.009829897,252280.742918751,203399.903389578,201519.256107192,54341.2859978151,243207.786583153,4810.53062538197,0
FT0815,451.124804240379,451.124793756481,451.124814724278,633.696940715587,629.552781602173,637.841099829,2,1,1,0,1,792498.991051379,3294219.19508663,70843.3767211502,68008.7000245115,90878.4910218909,85432.0492327516,79832.0371590812,89064.4458766374
FT0816,451.124810994825,451.0551334883,451.182387548358,1044.26956578397,1025.36017183765,1138.50819004916,7,1,0,2,1,161925.182617189,100744.031789259,147933.676602552,143457.740257263,314476.928410457,154995.099167702,187327.91244099,156819.757212231
FT0817,451.21084771486,451.205406489315,451.218779262942,1869.5045421171,1794.0791929812,1873.19366413037,6,1,1,2,1,1493122.72744878,185933.057601561,0,2889.12711474134,5259.85769847863,3897.72402706896,296187.628137557,289752.092011516
FT0818,451.109138984507,451.10386576672,451.182356629383,1603.61537727769,1593.10705830475,1607.03529817144,4,1,1,2,1,214240.988888888,695524.679896435,208675.425688478,0,0,332879.496485127,0,0
FT0819,451.218762705566,451.218742874142,451.32919619564,1386.5540027864,1341.69110389128,1387.3072915412,3,1,1,1,1,1501662.55231072,360728.257566482,119216.718923757,186005.11587136,90223.6832170322,98796.2405769077,187041.723225295,153651.422041426
FT0820,452.004955981717,452.004939156968,452.004972806466,890.624720667931,886.080220772702,895.16922056316,2,1,1,0,1,122976.6530169,717064.128486188,13120.0142532131,38636.5278416225,0,55975.5388827992,24259.1396651158,19993.8798017111
FT0821,452.15651409231,452.15651409231,452.15651409231,1088.58816328454,1088.58816328454,1088.58816328454,1,1,0,0,1,156829.17451538,44632.0371446238,4286.04289736741,2174.41759736033,6547.94940978103,4041.26041544398,6159.23145494959,12977.3518682025
FT0822,452.128219172023,452.128219172023,452.128219172023,629.552781602173,629.552781602173,629.552781602173,1,0,1,0,1,161670.817784002,742500.402566062,1479.18764837217,4805.49802684816,3805.98307167883,2385.01411755142,0,6588.46040107463
FT0823,452.278439399499,452.278398214703,452.278480584294,2930.04171762043,2927.65812064409,2932.42531459677,2,1,0,1,1,5919969.32243587,103490.995234422,170660.881520996,171803.828085179,104525.229784506,125719.890332945,74821.5482655361,110161.384088352
FT0824,452.068321093031,452.068321093031,452.068321093031,893.398845928087,893.398845928087,893.398845928087,1,1,0,0,1,530535.191854882,117875.108318515,3227.9182216896,0,0,7983.32546874811,0,0
FT0825,452.21221030663,452.21221030663,452.21221030663,1869.5045421171,1869.5045421171,1869.5045421171,1,1,0,0,1,223257.063281249,0,0,0,0,13219.4921267164,72310.7506783446,57383.7057792398
FT0826,452.332476317884,452.332476317884,452.332476317884,1341.69110389128,1341.69110389128,1341.69110389128,1,1,0,0,1,278212.559440512,0,0,0,15153.1740609607,23112.2201205309,8517.31054025355,0
FT0827,452.314761221223,452.314761221223,452.314761221223,3064.05732122072,3064.05732122072,3064.05732122072,1,1,0,0,1,172073.018115235,2594.23187666943,15639.1544094869,4599.07269396956,1311.4245176114,5390.20634296321,3462.50893822618,12026.9689878022
FT0828,453.013297996471,453.013291791879,453.013304201064,890.650419764655,887.901993601224,893.398845928087,2,1,1,0,1,704185.203904856,796706.491422747,4457.68178613186,64963.836992339,5416.89890529546,92648.3833006779,38992.2863362116,19709.5581350005
FT0829,452.982725248196,452.982725248196,452.982725248196,63.5275686712354,63.5275686712354,63.5275686712354,1,1,0,0,1,1670645.50691017,0,0,4204.61306327584,0,0,0,3318.19737921668
FT0830,453.151759223621,453.151759223621,453.151759223621,710.053051445086,710.053051445086,710.053051445086,1,1,0,0,1,499028.354314941,0,0,0,0,0,3855.87932866147,4332.35292548237
FT0831,453.247202393678,453.2471820966,453.247273398186,2059.08646401656,2057.48529131561,2059.8503024679,7,1,1,5,1,871363.457884608,1184301.10432899,904102.919764055,430096.39431466,978026.265405273,738890.660550949,729796.334506949,738269.09394708
FT0832,453.249599456472,453.249562935403,453.249638290511,2360.57054722391,2315.86256269258,2394.77845852773,4,1,0,0,1,1085914.01494726,108911.952048023,247897.872820877,187159.188761259,195969.624977382,185445.042004403,208668.737772302,210567.662173402
FT0833,453.234368443287,453.234360209779,453.234376676795,1869.8735981296,1858.94357891274,1880.80361734647,2,1,0,1,1,146886.04756614,3821.63316590819,0,1968.76764114366,422.985292889254,152983.428700087,0,0
FT0834,453.101766209489,453.101766209489,453.101766209489,109.708481055411,109.708481055411,109.708481055411,1,1,0,0,1,378750.905483406,0,19643.8916266698,4608.88873827451,3823.2281300071,8048.64649422036,32691.6470444203,60663.0944815874
FT0835,453.281779144908,453.281779144908,453.281779144908,2932.42531459677,2932.42531459677,2932.42531459677,1,1,0,0,1,1341030.23649694,21837.148679356,33415.0639746218,35779.2335723984,24155.2156070296,42237.6525113195,14857.7434426794,29996.2248330525
FT0836,453.395206762768,453.395189098371,453.395233316266,3124.78519392945,3123.49231406655,3125.4743665272,3,0,0,3,1,73776.0119888526,74596.4210615011,246584.754704072,242036.264419833,191578.244140625,210817.432099608,207887.966471353,225696.309044834
FT0837,453.17419000519,453.17419000519,453.17419000519,668.848447977078,668.848447977078,668.848447977078,1,1,0,0,1,8451340.67828123,0,7783.74052817061,2053.11340656952,0,3471.2703915561,4163.46254996476,18110.7167701528
FT0838,454.250561670852,454.25053326236,454.250583397971,2059.08646401656,2057.15233790268,2059.94445962459,5,0,1,4,1,201146.955002344,234754.273748777,191666.216252377,101400.470359212,194040.242701171,158988.115258089,111706.683374999,111548.012649737
FT0839,454.2481855811,454.2481855811,454.2481855811,1556.70774553662,1556.70774553662,1556.70774553662,1,1,0,0,1,248246.049365234,0,0,0,0,0,0,10944.7947677129
FT0840,454.285152779586,454.285152779586,454.285152779586,2932.42531459677,2932.42531459677,2932.42531459677,1,1,0,0,1,138259.062487792,571.622546296161,0,821.606615485735,0,0,0,1132.42904423549
FT0841,454.221354571075,454.221354571075,454.221354571075,1765.63444191547,1765.63444191547,1765.63444191547,1,1,0,0,1,193686.724725166,57748.4866627353,21833.0693932556,28974.6788252139,127671.219834439,64518.6933609046,0,10717.8194580367
FT0842,454.17450681907,454.17450681907,454.17450681907,670.480434557754,670.480434557754,670.480434557754,1,1,0,0,1,1810152.97989687,2561.94292122257,0,0,0,0,0,0
FT0843,455.098651901828,455.098638869839,455.098682276349,1083.06134997699,1081.33836340209,1084.22904685438,8,1,1,6,1,1540639.22382673,2385891.7729642,2186120.54221295,1994246.5179241,1895947.32182016,1684808.87696429,1624584.13611001,1540812.05767299
FT0844,455.140869995928,455.062698861566,455.140913986656,109.905776160198,101.641231686454,114.706886679883,4,0,1,3,1,14057.5779419159,576856.425499033,372082.088006276,363122.050123452,633619.416523224,449107.701405341,473303.705192564,510971.210161133
FT0845,455.124007909677,455.124007909677,455.124007909677,2208.46359307476,2208.46359307476,2208.46359307476,1,1,0,0,1,249001.984867037,0,0,0,0,0,0,0
FT0846,455.353350062947,455.353298473187,455.353405986916,3023.92015973377,2994.05579002777,3025.23400878151,6,1,0,4,1,138048.910553385,143909.537228584,145279.312943218,175466.311244012,491528.598069193,768958.518800449,175703.966707882,178455.702786763
FT0847,455.251317232802,455.251317232802,455.251317232802,1072.48855713123,1072.48855713123,1072.48855713123,1,1,0,0,1,3500779.64023244,0,7909.26999437452,4161.93714738456,0,4718.40935016991,10822.2459120491,2850.82164778347
FT0848,456.101981313411,456.101960854805,456.102000719232,1082.37254496067,1081.33836340209,1084.22904685438,7,1,1,5,1,346565.963882651,567105.725116813,493545.162297175,477518.756871244,410036.412335612,420329.557773493,386554.270330254,332027.182992788
FT0849,456.217823140289,456.18097100758,456.254675272999,1070.88537319901,1069.28218926679,1072.48855713123,2,1,0,0,1,766962.962279256,4176.88334213112,0,0,0,0,0,0
FT0850,456.296983731307,456.296983731307,456.296983731307,2949.85012500397,2949.85012500397,2949.85012500397,1,1,0,0,1,228278.312849396,0,1706.9211420047,0,395.082409165367,1298.64774193084,775.731842382784,2712.90299996389
FT0851,457.099010630172,457.099010630172,457.099010630172,951.684382430533,951.684382430533,951.684382430533,1,1,0,0,1,9863565.39722534,176624.467457744,171787.067236115,253451.249270846,132671.358697107,162741.799544214,141375.686795019,88494.3772961121
FT0852,457.153253564723,457.153253564723,457.153253564723,1859.71910816143,1859.71910816143,1859.71910816143,1,0,1,0,1,28669.8367140372,123646.613486327,122897.127905807,26701.1941994076,29142.5163982866,52735.1421642052,90967.2225566722,72286.4130780641
FT0853,457.192906508837,457.192895563037,457.192917454638,1045.22150387133,1019.36512764129,1071.07788010138,2,1,0,1,1,1718554.27165499,0,0,0,0,1689958.97740931,0,0
FT0854,457.280905326825,457.280905326825,457.280905326825,2978.49218324499,2978.49218324499,2978.49218324499,1,1,0,0,1,563462.941497805,514.350485660148,9902.44950867003,4906.31634439688,6602.59051890208,4751.83326549976,6217.48539563967,14962.2334104211
FT0855,457.390125304036,457.390089375033,457.390161233038,3158.34070911359,3153.21481157293,3163.46660665425,2,1,0,1,1,144978.437671637,53388.3863275892,161541.575376205,149769.333841714,147603.623402739,142666.892977534,111420.217778744,120960.970703125
FT0856,457.372226634457,457.372226634457,457.372226634457,3590.82812251078,3590.82812251078,3590.82812251078,1,1,0,0,1,88330.7684082013,253312.280644978,240510.496344013,259638.884094734,276555.457231213,263792.653240559,275928.641763644,284511.220043855
FT0857,457.538834429715,457.538834429715,457.538834429715,518.458151031454,518.458151031454,518.458151031454,1,1,0,0,1,946947.644637136,65625.0766166398,103250.857887902,74893.7041458051,21586.2773885206,53985.6176196409,50520.5641737564,42790.4102280917
FT0858,457.769739708266,457.769739708266,457.769739708266,1504.2151491325,1504.2151491325,1504.2151491325,1,1,0,0,1,91235.5915061034,8180.45612092163,0,3985.86090595424,2506.98191431244,4471.9243797398,0,4719.84424650719
FT0859,457.786880693669,457.786880693669,457.786880693669,64.872470984916,64.872470984916,64.872470984916,1,1,0,0,1,371231.524008627,26736.6632402725,3739.25637089791,5548.02440447432,96452.9310781961,2933.69979379826,2813.42208802402,0
FT0860,458.14587243081,458.102387986504,458.145926884807,978.974885935155,951.684382430533,982.390584762098,5,1,0,3,1,2111178.98959808,87081.4959677923,149423.50213976,160891.910457894,109274.231592041,134052.332304052,108847.113974473,102895.109309742
FT0861,458.143180394621,458.143180394621,458.143180394621,692.273468971084,692.273468971084,692.273468971084,1,1,0,0,1,2047240.45573975,45884.7420294388,73905.5156868963,49354.2532101249,0,76331.7150860687,47632.288198064,37307.2098203905
FT0862,458.196216125994,458.196215785678,458.19621646631,1044.4401566878,1017.80243327422,1071.07788010138,2,1,0,1,1,266778.891218073,0,0,0,0,204444.438390069,0,0
FT0863,459.108807758993,459.093596443412,459.151157635003,1183.24022602334,1088.58816328454,1255.55210456905,10,1,1,6,1,753488.633061871,559450.388152205,252562.809570312,361468.473030215,324304.154923098,6726059.34080912,723937.157921319,154983.586672851
FT0864,459.135778511285,459.135753482454,459.135856350449,115.814618866328,113.594883415067,152.781006999939,6,0,1,4,1,203637.417700573,1617905.82216982,692278.002218909,920907.566705057,1079186.88664765,1216283.49253445,1185847.1955425,1279686.03417291
FT0865,459.152733648118,459.104518993442,459.154417673969,996.615832932862,951.684382430533,1013.13979435476,4,1,0,2,1,1622804.98714043,2094.39502264135,0,3333.93496152259,6255.12375344146,1227377.57779665,114845.178947827,0
FT0866,459.16631481002,459.129906282316,459.166324285672,1811.00024078116,1770.32920119616,1813.68434676783,3,0,0,3,1,99635.0667581122,167964.387177848,219676.683902756,605655.932519529,179503.98266356,436894.411677083,197943.608012039,327773.020201173
FT0867,459.146547873939,459.146547873939,459.146547873939,692.273468971084,692.273468971084,692.273468971084,1,1,0,0,1,364635.796710868,0,3873.7837899828,0,0,5173.56541739469,0,11215.7122995383
FT0868,459.348264098531,459.327089836543,459.405849674117,3127.630170727,3096.08643560062,3186.4206133745,20,1,1,6,1,2455823.45987862,146172.55625,487691.943153412,408959.440597655,427847.864575194,485408.073789974,412314.343982801,547179.259521484
FT0869,459.311851263356,459.275397760489,459.311923926963,2994.33017427229,2938.7953039809,2996.98727709454,6,1,0,5,1,300262.336143703,136082.80805625,377722.737557708,214499.070063381,124350.176680705,168777.817633927,158276.622031732,203953.323707681
FT0870,459.369387525009,459.369387525009,459.369387525009,3385.50800240219,3385.50800240219,3385.50800240219,1,1,0,0,1,1155471.97148185,100524.101501367,188648.050104499,207826.834006491,186970.209876276,214450.621194507,181657.500984222,313909.348969278
FT0871,460.380369755254,460.351587871617,460.409151638891,3120.93535829344,3096.08643560062,3145.78428098626,2,1,0,0,1,759859.516343992,0,0,0,0,2311.13731781421,0,0
FT0872,460.855093367361,460.855093367361,460.855093367361,3039.42307083599,3039.42307083599,3039.42307083599,1,1,0,0,1,224777.895893924,0,0,0,830.495396368002,0,0,0
FT0873,461.137570849616,461.137536851164,461.137615692061,2771.7361256905,2771.21786530153,2775.24905689142,6,0,1,5,1,0,289501.793060455,167736.919557552,182187.888148362,269625.638992076,174963.089118839,279679.889888512,513276.158772164
FT0874,461.093962854922,461.093946172993,461.166718959178,1145.32806191354,1142.61886736761,1189.77195006465,5,0,0,4,1,0,0,193245.328464746,167481.800236566,288446.640706704,2344948.62430608,353364.764737242,404147.189767372
FT0875,461.166694713758,461.166694713758,461.166694713758,902.306796813099,902.306796813099,902.306796813099,1,1,0,0,1,170506.44036268,5836.43650641563,0,5052.33579004984,4904.88460870728,77824.862172432,0,0
FT0876,461.072821200628,461.072821200628,461.072821200628,1432.01626599937,1432.01626599937,1432.01626599937,1,1,0,0,1,3514768.04849263,236009.727681101,75809.23725358,55683.2809675685,90204.6561315554,90323.7967603401,151210.554092639,66105.8167372945
FT0877,461.151467692749,461.151467692749,461.151467692749,95.9456949354635,95.9456949354635,95.9456949354635,1,1,0,0,1,845748.352970313,160203.547892316,113392.081454959,101072.32193614,91547.9094369891,251487.970360668,136741.50850598,131274.353568999
FT0878,461.203098119607,461.203097320686,461.203098425194,2033.95979439171,2033.12899548652,2036.68563248758,3,0,1,2,1,29579.5130616642,246751.418617755,118765.8197184,185334.471682101,198736.119889322,212162.103297134,253078.172147522,172373.934926578
FT0879,461.363872849843,461.312192689934,461.363878614148,3120.07010221638,3106.28233350258,3125.4743665272,3,1,0,1,1,1125988.01966342,52194.936160379,120707.610672824,72446.3463618998,159340.63479188,202114.479284178,49717.0100865688,96820.7808263988
FT0880,462.076164374866,462.076164374866,462.076164374866,1432.01626599937,1432.01626599937,1432.01626599937,1,1,0,0,1,733489.875878907,28548.9232350466,0,0,2693.09080029257,0,12350.5325159482,0
FT0881,462.067025452405,462.067025452405,462.067025452405,392.977199194404,392.977199194404,392.977199194404,1,1,0,0,1,991857.372383385,125358.375415811,72609.376892524,230348.454973431,164251.60519109,192107.394761391,4599.25410715476,1569.12699859941
FT0882,462.367198709622,462.367198709622,462.367198709622,3120.07010221638,3120.07010221638,3120.07010221638,1,1,0,0,1,340953.170590008,13310.0276081833,26748.2859744151,16609.0622791553,43140.5493891725,69195.3232432196,12046.8458042257,20402.6424897806
FT0883,462.625402863905,462.625402863905,462.625402863905,136.217679056572,136.217679056572,136.217679056572,1,1,0,0,1,552486.789315755,0,2893.10335304192,0,0,0,0,0
FT0884,463.026101611264,463.026101611264,463.026101611264,71.4926736122435,71.4926736122435,71.4926736122435,1,1,0,0,1,183474.463609663,0,0,0,0,0,10449.9693841815,0
FT0885,463.088450122281,463.064878611045,463.08850108293,1443.14225168946,1401.44504694424,1473.56678358572,5,1,1,2,1,622739.817165177,900452.796277576,1316598.08875,33184.0842381556,66127.7153107801,40604.4520086716,3584868.24145449,57120.744444783
FT0886,463.149424638805,463.149424638805,463.149424638805,1017.80243327422,1017.80243327422,1017.80243327422,1,1,0,0,1,474386.892686767,0,0,4233.41770093321,5772.5023606739,0,54558.1437690809,53285.870848275
FT0887,463.197687650213,463.197650122947,463.210536980597,2328.67879350844,2296.9818692407,2330.18559711747,3,1,0,2,1,769692.471093759,53125.6853773418,26743.5885333257,41705.9155451215,39688.4185767309,38766.2527885584,756619.168710934,332009.260477014
FT0888,463.210585490136,463.210585490136,463.210585490136,2203.05619612769,2203.05619612769,2203.05619612769,1,1,0,0,1,551973.339103101,42533.5149357904,39118.7259602985,49591.1238519676,33009.458831846,75397.3166178074,89674.0536594597,72912.111423654
FT0889,463.233995254784,463.233995254784,463.233995254784,2499.23876631563,2499.23876631563,2499.23876631563,1,1,0,0,1,265891.807033023,28415.4463284033,66058.2487320735,54326.5140628929,55393.9223909059,65520.1036977619,54860.8185520623,70243.2806843033
FT0890,463.270400349225,463.270400349225,463.270400349225,2006.800953365,2006.800953365,2006.800953365,1,0,1,0,1,341054.839729431,348832.574237155,388251.711634754,263296.318982162,443153.166222046,341066.775559299,183275.327395121,212009.809688088
FT0891,463.21462817595,463.197647886897,463.36430176093,2620.52763000019,2599.65510394101,2708.63717865307,4,1,0,3,1,166294.859190451,0,743.85654834021,1158.91558188131,128018.777382202,0,715068.145849616,815893.25441263
FT0892,463.379449802806,463.379449802806,463.379449802806,3136.3788758745,3136.3788758745,3136.3788758745,1,1,0,0,1,251360.331623013,5041.97032519306,15317.2215515844,4642.16287063223,2345.61736841988,9526.52207025592,4897.76020168049,9507.4552145449
FT0893,464.091800084696,464.091786455194,464.091813714198,1436.03280602575,1406.13217598008,1465.93343607141,2,1,0,1,1,186155.30182129,2138.26295968316,5488.58034501292,4152.62081374331,5286.87676389552,0,688818.211102939,4567.91252486459
FT0894,464.156468522381,464.156468522381,464.156468522381,981.197427866653,981.197427866653,981.197427866653,1,1,0,0,1,444795.667883788,0,0,0,0,3635.43993048857,0,0
FT0895,464.080535958225,464.080535958225,464.080535958225,902.306796813099,902.306796813099,902.306796813099,1,1,0,0,1,91863.2724796871,0,0,0,0,0,6127.39679844921,0
FT0896,465.080502009162,465.080486945894,465.080529324037,1091.34716989664,1090.36165202078,1092.55313685093,8,1,1,6,1,5583268.62094133,7966569.90673098,6666346.66148667,4241911.79435186,2104726.33566824,2721340.38185268,2358539.837146,1716791.95289193
FT0897,465.16291827725,465.16291827725,465.16291827725,815.307121672192,815.307121672192,815.307121672192,1,1,0,0,1,819911.412000244,0,2371.49828915467,0,0,0,3014.7251885916,3437.64888484459
FT0898,465.208528809236,465.208490794216,465.208639111523,2376.68149231884,2374.23328542277,2377.86248063131,4,0,1,3,1,12644.3630825726,218210.278317308,105731.946293947,151492.508529385,138404.044879389,96389.7416630578,291010.537343751,124499.366705184
FT0899,465.198056594128,465.198056594128,465.198056594128,1840.88548805348,1840.88548805348,1840.88548805348,1,1,0,0,1,569767.399185486,112941.446688991,60407.8771133246,62858.7589142381,137079.441136325,101723.252219339,60524.6209026339,61487.1270936705
FT0900,465.198021977874,465.198021977874,465.198021977874,1770.42659280096,1770.42659280096,1770.42659280096,1,1,0,0,1,404447.881640624,37791.7666370968,35448.9479081164,34105.3356811893,102761.90145679,45893.2707096329,16564.1155879377,29876.388949185
FT0901,465.189983186224,465.189983186224,465.189983186224,2113.64994018778,2113.64994018778,2113.64994018778,1,1,0,0,1,396007.479821781,61653.3537673438,134935.240080382,113867.99205277,171131.39079509,166857.871718708,207259.071456864,183637.684355646
FT0902,465.247303998693,465.247303998693,465.247303998693,2501.0003102327,2501.0003102327,2501.0003102327,1,1,0,0,1,138131.679201659,8747.66006556738,24567.7323881301,10715.2702999293,7199.87114333484,12291.2683065996,20263.9042423235,19443.4122092297
FT0903,465.247254828506,465.247254828506,465.247254828506,2618.84523287412,2618.84523287412,2618.84523287412,1,1,0,0,1,120248.515152344,3229.18382384192,21731.0762066134,5915.76676032898,9823.15551791985,6122.22808256709,18857.3746343127,16496.148414965
FT0904,465.431555080417,465.431519366256,465.431587479486,3228.75930965024,3228.5523746765,3231.95959680805,3,0,0,3,1,4684.82585588355,10501.8387456578,124148.382186957,213112.317213955,210449.756495864,165721.937523526,205936.91140984,220891.063830607
FT0905,466.083877551933,466.083863992013,466.083901951929,1091.56605944769,1090.36165202078,1093.01556959865,8,1,1,6,1,1369614.04224702,1939447.67906983,1616080.1248949,954361.231842446,478741.109632045,642462.594712611,526661.999269714,398238.622686768
FT0906,466.294283792752,466.294283792752,466.294283792752,2997.04439071845,2997.04439071845,2997.04439071845,1,1,0,0,1,1062487.97520996,7792.41135552464,30110.5778810393,31114.1005395451,12823.6937504692,17560.7916387909,862.500624982589,9467.64003113342
FT0907,466.219736157292,466.219736157292,466.219736157292,1010.74375679628,1010.74375679628,1010.74375679628,1,1,0,0,1,1098425.63326334,114292.279789785,103160.425820164,40290.1985775814,45027.6950572892,43811.0717430115,41803.5123847455,11204.9121177817
FT0908,466.330607196926,466.330607196926,466.330607196926,3107.76171372841,3107.76171372841,3107.76171372841,1,1,0,0,1,518897.592871096,15477.5689254455,61582.2662219718,30249.0563395823,10021.935849515,23280.7764319708,17820.2504711719,40268.6202785074
FT0909,467.039450170872,466.807496128293,467.040037053413,70.6745782527617,64.872470984916,71.548281080863,5,1,0,4,1,1908463.02256487,134313.134352127,153082.756272066,144010.410602324,437524.867585903,105054.67784021,528139.20230855,691959.886781224
FT0910,467.098623853129,467.086834835407,467.09864075382,1076.77756383126,1076.15191598075,1091.77970194718,6,0,1,4,1,159534.175007271,687755.467753531,454665.951329755,347851.716742171,555474.782023113,217996.671697443,316224.885477456,276063.24982777
FT0911,467.140860894639,467.14084903823,467.144199665075,219.838539731502,181.282388510333,222.954928404155,5,1,0,3,1,320978.369987777,110733.4961188,946708.354524222,1339098.88317093,1579585.10337521,1020476.68376848,1970066.07963867,2181192.12496748
FT0912,467.098636805932,467.098602790209,467.223078729606,981.534483666908,980.139572289791,1010.74375679628,7,1,0,6,1,214057.529867745,434623.667767675,522765.436697917,632240.498263918,740010.971361258,506133.373078123,935910.554772266,605094.442718262
FT0913,467.297589942339,467.297589942339,467.297589942339,2997.04439071845,2997.04439071845,2997.04439071845,1,1,0,0,1,256176.065889648,0,2735.5564676765,1019.7177099037,797.085225343256,2351.86811575328,0,0
FT0914,468.126739285862,468.102044945767,468.151433625956,1079.83652539983,1074.5903955204,1085.08265527926,2,1,1,0,1,1652607.89376498,139594.5903125,0,0,0,0,0,0
FT0915,468.224129873335,468.224129873335,468.224129873335,1558.51442329995,1558.51442329995,1558.51442329995,1,1,0,0,1,378254.411681464,15464.6362610494,42054.7052953337,5269.98706485745,0,6665.3334882524,10521.8635868186,6907.23345899312
FT0916,469.135466828544,469.135459510213,469.135474146876,927.771168953613,912.085762661185,943.456575246042,2,0,1,0,1,265703.209775854,1742254.99382903,837446.384791319,842697.960213362,1113355.1692661,868437.495358009,942767.307447657,907272.921023617
FT0917,469.212289081635,469.171882528311,469.212331859254,2059.31283924254,2052.50797131387,2059.94445962459,7,0,1,5,1,282354.797530434,512232.534546837,342252.230149259,206651.300599083,380832.281118499,649700.764453122,239966.363437501,331989.58032315
FT0918,469.14516120761,469.07550120605,469.194303069528,1072.24989587633,992.355581821632,1120.25036914673,6,1,1,2,1,306884.356611328,2685118.49031249,3834.22824114236,0,0,187131.877155331,0,129732.4230311
FT0919,469.544606543821,469.544606543821,469.544606543821,545.488741609425,545.488741609425,545.488741609425,1,1,0,0,1,942160.18386033,91749.9764937674,157533.619538263,105785.640850959,78919.9746973796,120554.814605497,82852.7399695549,98188.5628589208
FT0920,470.151791485578,470.151755478559,470.151798279187,119.58343896957,95.9456949354635,131.644300934265,3,1,1,1,1,477816.567229541,1188757.12871394,316690.877575941,633820.531998406,330607.712700677,1819138.86146605,343560.578593989,177941.610438993
FT0921,471.13570653936,470.924666443122,471.13573781494,139.005483851688,66.1488548941845,196.352944466116,6,1,0,2,1,362783.064078865,1012477.71822493,663662.118772322,816461.727273191,1107844.39855795,828990.381548855,1021397.51380129,1124459.63801596
FT0922,471.166257089361,471.166257089361,471.166257089361,1750.89742211334,1750.89742211334,1750.89742211334,1,1,0,0,1,423506.868615451,35465.1938916609,34859.1039970319,29620.823779427,43612.4657894813,31704.250420807,48904.331138899,35570.3513799399
FT0923,471.154347062674,471.154347062674,471.154347062674,1355.25020002807,1355.25020002807,1355.25020002807,1,1,0,0,1,158745.339523926,0,0,0,414.570034209172,0,0,8333.51330111372
FT0924,471.078268424561,471.071749142815,471.172128752599,948.668926839822,897.538605610157,1001.75886191434,3,1,0,2,1,330543.704634128,43630.6280586833,144086.817215047,20596.9982446076,17171.7811774996,407489.806195401,29571.221443324,12336.6803045971
FT0925,471.187393723574,471.187393723574,471.187393723574,1250.26716785156,1250.26716785156,1250.26716785156,1,1,0,0,1,564410.915583144,15142.0756894781,19062.7608844552,12648.5027939035,12556.6193507337,85448.3297797289,12256.9673814021,10446.8790453227
FT0926,471.260207239036,471.260207239036,471.260207239036,2558.64005335173,2558.64005335173,2558.64005335173,1,1,0,0,1,99749.0723547384,12137.3309497369,26257.8344774702,18603.664115338,28835.3484192387,28019.6703781309,33748.6463291511,34660.0710969658
FT0927,471.311971847468,471.311917711239,471.31200756083,3008.01736043949,3007.21926008279,3011.07894404339,5,0,0,5,1,253648.380724558,148860.842300138,407335.809074711,277495.362079327,148901.083981937,215958.65869934,164403.938454443,264233.059841306
FT0928,471.369519588458,471.369461838884,471.369532939618,3113.67372954168,3113.52894829807,3113.99995324061,3,0,0,3,1,106043.403667324,98087.5319277672,140981.568122305,172937.130476889,155918.420602746,177061.21243978,135908.045097478,250783.605919469
FT0929,471.293708557777,471.239107225604,471.348326870592,2909.41525348229,2871.45899627813,2934.29674206183,4,1,0,2,1,1087500.49177957,0,219415.573819429,0,976.048525049847,0,0,128955.440172991
FT0930,471.296708412048,471.296708412048,471.296708412048,2534.48361436934,2534.48361436934,2534.48361436934,1,1,0,0,1,459792.314984487,27579.0689234219,76644.0587493598,51218.1668315465,51244.7339771913,49581.8021559392,74809.2128947001,61910.6927874163
FT0931,472.1588808227,472.158880306248,472.158881339151,741.466103769603,739.889067675839,743.043139863366,2,1,0,1,1,4412291.70001516,132445.511466435,128541.000270487,124594.084568653,27329.367318366,208256.075872839,94781.4461023773,105098.574340783
FT0932,472.234314353069,472.234284288956,472.234344417181,2343.93234211753,2343.66955719398,2344.19512704108,2,0,1,1,1,1031.31900969854,248646.290147052,16602.8822864165,37192.0984195614,154363.808033856,27805.4225608145,144427.146163897,135921.195554087
FT0933,472.351604187652,472.351604187652,472.351604187652,2886.94055149027,2886.94055149027,2886.94055149027,1,1,0,0,1,338487.327383726,8087.25714170763,35150.5468538323,16903.1335623384,12927.0669304768,24387.3333656611,14157.9042206585,47435.6616458369
FT0934,473.151573054749,473.151526227593,473.157897900516,114.608868266489,103.464950850281,117.352254241597,4,0,1,3,1,109701.964775492,1324810.03246084,881542.017326551,917472.394580673,1274804.16845534,1475440.99566139,1305364.74172338,1325983.63908746
FT0935,473.166781927536,473.166734465919,473.166784565845,1372.07049049669,1323.92649300977,1380.25948168102,3,1,1,1,1,210052.667599826,478752.30418371,36240.1620420303,18959.7537319004,9905.24029015214,6603773.51588284,4196.32312043784,21324.8108480918
FT0936,473.150261216766,473.133750536347,473.166771897185,994.903182534009,984.086676352125,1005.71968871589,2,1,0,1,1,616166.243783203,0,0,4245.34228650522,3554.10784868863,283269.650492395,0,0
FT0937,473.16236551337,473.16236551337,473.16236551337,743.043139863366,743.043139863366,743.043139863366,1,1,0,0,1,909485.492252084,18076.0493408842,16732.6562494533,18325.2467312457,4351.3383993109,42710.9714124695,13903.0074558325,9979.7345465001
FT0938,473.282860540571,473.282817181027,473.282871622406,3309.14728583118,3287.1215126115,3314.36243701377,7,0,1,6,1,326908.489739057,338612.405478514,6823376.87571609,7225582.56862097,8063735.60060191,8152409.70203247,7689821.40859031,6921757.34599517
FT0939,473.180010815041,473.166767318115,473.193254311968,1233.82309048094,1217.37901311032,1250.26716785156,2,1,0,1,1,169870.446423611,2062.98633101237,0,0,0,11787832.4679063,0,0
FT0940,473.275891954332,473.275891954332,473.275891954332,2658.75331494237,2658.75331494237,2658.75331494237,1,1,0,0,1,702369.084005249,20982.0961648999,53809.784961578,43444.0198053728,41364.9102985151,42839.3315268587,50804.098515671,39534.0423558944
FT0941,473.221777040881,473.221777040881,473.221777040881,2382.18101522812,2382.18101522812,2382.18101522812,1,1,0,0,1,206691.196223363,1997.66705260191,22812.0356438012,0,2228.03105594712,5614.42911637203,1802.2137558251,5593.6445050335
FT0942,473.32747918959,473.327455584639,473.327553569231,3035.07528748569,3033.66781279797,3039.42307083599,8,1,1,6,1,213534.227533095,221064.668413529,621336.310537104,480689.646227464,336760.985472883,570881.421930966,361517.044805909,764738.826409259
FT0943,474.286385247939,474.286330494224,474.286395321172,3310.63985081226,3307.36286012756,3314.36243701377,6,0,0,6,1,100207.96404428,109713.353993016,2449241.53787749,2310262.40332797,2601065.55252317,2606948.20699675,2408179.91417319,2201567.63266112
FT0944,474.262937975746,474.262937975746,474.262937975746,2768.25973993609,2768.25973993609,2768.25973993609,1,1,0,0,1,573282.27436523,11647.8771858846,40095.1714454649,26340.0958776813,4584.58178715798,22619.7296982734,12521.7224687764,15177.631817195
FT0945,474.173173032919,474.173173032919,474.173173032919,825.540877266981,825.540877266981,825.540877266981,1,1,0,0,1,4905013.95503996,144495.878919009,144061.985274161,165534.904433586,103551.758036886,127891.808488555,148313.351855442,187702.88035979
FT0946,474.213579364677,474.213579364677,474.213579364677,1604.04286925893,1604.04286925893,1604.04286925893,1,1,0,0,1,115599.949472656,14783.8128018445,5892.32084601241,2933.10946601541,8032.9150826307,0,24531.4438751335,18825.2970890579
FT0947,474.330984077582,474.330936961661,474.331067704164,3035.10838333298,3032.83263533443,3036.56480153228,3,0,0,3,1,80811.809139254,88237.8488133545,208093.178303668,156894.030337687,118451.355168596,151433.992968749,124374.849619431,240131.784320915
FT0948,474.879381813859,474.879380490786,474.879412386149,2465.68357616995,2465.63732030796,2466.09894603464,3,0,1,2,1,109516.131669682,165704.177909749,171264.875611745,168587.005825059,144976.653597657,151140.348108327,150496.614175692,156005.887155032
FT0949,475.130698103373,475.130689199931,475.13073831189,111.63938192303,108.62680311266,113.217235545996,5,1,1,3,1,810672.975741357,696263.718067856,349793.047431386,553727.453774761,320021.43099444,2663229.02277019,320761.620678102,119069.689291667
FT0950,475.15239393878,475.145953549085,475.158834328475,1009.13504755688,982.390584762098,1035.87951035166,2,1,0,1,1,655655.851769837,0,0,0,3295.03457397185,702646.185180285,2616.30509604096,0
FT0951,475.088535883774,475.088535883774,475.088535883774,1586.98736649554,1586.98736649554,1586.98736649554,1,1,0,0,1,4829224.32275388,201968.295720868,6310.22498766712,47739.6789085498,37787.5645791632,53522.4132930434,30622.8946168957,63170.9925537768
FT0952,475.262180775605,475.262136084745,475.262231598978,2922.86733630104,2920.59084113981,2924.42705268984,5,0,0,5,1,11340.2526154503,15441.2931794327,324334.392401197,300088.950307621,353288.99575842,334591.153145927,254328.635096153,279880.51015381
FT0953,475.23129825426,475.124829749321,475.231573752108,2058.35269493613,2014.68943563523,2059.84024996615,5,0,1,3,1,64806.1542951674,962996.369579911,787400.785262093,3123.44640397048,1084.63433717958,655291.426350911,546475.116561852,2412.39864787968
FT0954,475.146044966471,475.145946577418,475.176517086037,825.540877266981,793.959173951802,853.144558047376,3,1,0,1,1,940863.369010131,2615.25231713821,13919.1413196596,27140.8588911729,12019.579154633,4452231.47758715,32502.5236771665,33314.2440372859
FT0955,475.36441031607,475.36434597147,475.36448486972,3050.69006398641,3048.91514910811,3051.95388638504,7,0,1,6,1,124082.778960955,294419.532773434,412970.54469105,724880.301467519,670492.799108132,855408.942333998,572995.57124332,968143.817927437
FT0956,475.36441707788,475.364355919873,475.364497520566,2611.7808466407,2611.02057529547,2613.43167005519,4,0,0,4,1,48579.7184171605,16374.0422532514,8530.00003030217,46855.1667718107,1461631.80273438,112553.860473633,394646.25571696,147925.89525716
FT0957,475.327909884743,475.291492853047,475.364326916438,2714.18734568707,2690.40970819954,2737.96498317459,2,1,0,1,1,200732.312667643,1782.70933532702,2859.49326771723,948.150470316328,102605.105552736,0,0,1128.89880070369
FT0958,476.09186081957,476.09186081957,476.09186081957,1586.98736649554,1586.98736649554,1586.98736649554,1,1,0,0,1,1081028.81758662,23920.7047222368,2486.59072915016,0,4476.48180178646,0,0,6505.20233845365
FT0959,476.179025840965,476.179025840965,476.179025840965,885.177242632984,885.177242632984,885.177242632984,1,1,0,0,1,358794.466916282,0,0,0,0,0,0,0
FT0960,476.232576791026,476.232576791026,476.232576791026,2059.84024996615,2059.84024996615,2059.84024996615,1,0,1,0,1,83445.7277220296,203616.701501219,123816.839958216,85382.2313579406,126536.097035264,89760.2711261634,93090.9719985072,86280.4018005438
FT0961,476.27849641311,476.27849641311,476.27849641311,2876.29767343925,2876.29767343925,2876.29767343925,1,1,0,0,1,819716.359790029,43610.6246148995,79611.9305075267,104365.938361238,50691.9263215468,142862.168420874,44184.0507466322,60547.7509415618
FT0962,476.367659323743,476.367595023058,476.367717183372,3050.57520013708,3050.4421415873,3050.91205936944,4,0,0,4,1,21158.2656129584,100944.934676889,114283.793844619,152293.509327797,134972.388598636,230798.850795902,141472.000200667,269136.458079178
FT0963,476.778036526624,476.778036526624,476.778036526624,3228.21555919744,3228.21555919744,3228.21555919744,1,1,0,0,1,626079.301498096,445.704644914325,0,0,0,0,0,0
FT0964,476.876589441263,476.876567702282,476.876611180244,2465.8681331713,2465.63732030796,2466.09894603464,2,0,1,1,1,90620.9522887628,159194.123113403,168251.158338373,174260.15634803,134036.592169923,142776.072928419,169848.268889491,127218.374964903
FT0965,477.080529988746,477.080493000853,477.161631126071,1082.1337123718,947.986583491273,1083.84013442985,8,1,1,5,1,145089.601536459,796691.174036783,369586.949722223,325931.297833048,187778.20219835,13078403.022832,149565.488950894,144486.78271887
FT0966,477.12514775579,477.12514775579,477.12514775579,577.932862867977,577.932862867977,577.932862867977,1,0,1,0,1,123682.679862034,380969.484687306,42040.2513032837,57464.7730687496,57608.9070002669,90133.3771425637,72251.055963584,67060.2646017009
FT0967,477.082949768811,477.082949768811,477.082949768811,1684.01409623725,1684.01409623725,1684.01409623725,1,1,0,0,1,222203.814100478,38581.9561673349,43693.4695632835,44954.9312526471,61558.4623208159,39050.5564076251,49327.4286495876,39044.6692565901
FT0968,477.24973091736,477.249696613669,477.249777479045,2828.60143155809,2826.95094112781,2837.28036020368,8,1,1,6,1,482365.116916508,867614.048822023,413581.806626736,832397.049076578,770530.938845218,409776.584436038,867150.59281006,2175599.01426024
FT0969,477.197981183067,477.197981183067,477.197981183067,1403.28491864694,1403.28491864694,1403.28491864694,1,1,0,0,1,751527.104626159,16974.4999844268,23928.8919847839,6935.99297323737,10043.5525817505,52854.7139778532,10788.2560982619,12966.4251491889
FT0970,477.358846042751,477.358846042751,477.358846042751,3092.11201910467,3092.11201910467,3092.11201910467,1,1,0,0,1,523567.34267102,53612.9287277563,139169.778995064,78660.6898310743,143604.197136584,159151.385889339,81410.0022447408,122346.768266179
FT0971,477.392775723796,477.392775723796,477.392775723796,2963.6162575704,2963.6162575704,2963.6162575704,1,1,0,0,1,152156.24903646,30702.9495127821,70513.5936986943,45981.4592398623,40301.0269803576,52578.0476126861,37627.2900935853,49830.1247265081
FT0972,477.541952368177,477.541952368177,477.541952368177,561.453301147698,561.453301147698,561.453301147698,1,1,0,0,1,1299048.37779811,105389.470694817,168721.663495181,135108.04693903,81693.5482317465,168840.994696595,113803.20092859,143674.42495478
FT0973,478.084005729574,478.084005729574,478.084005729574,1080.39684791695,1080.39684791695,1080.39684791695,1,0,1,0,1,14167.3883505772,113683.255892577,98432.1335454632,75017.804500762,40288.599384523,39143.7010067849,36101.0626010746,21841.0769914608
FT0974,478.294157720574,478.294120368763,478.294250904306,2960.9585031506,2959.67236581009,2964.90199977835,8,1,1,6,1,9732419.88524002,215902.096329648,364453.85438965,488014.015799388,262521.070541428,295087.403069722,102383.529821777,226512.017708741
FT0975,478.252964867037,478.252960350168,478.253022865878,2827.32056890402,2826.95094112781,2828.70727664521,5,0,1,4,1,130975.945428156,198913.02880484,119470.463070473,149243.065372425,170470.833144752,106910.088113195,129306.580690102,562038.138821455
FT0976,479.038862267338,479.038862267338,479.038862267338,1443.14225168946,1443.14225168946,1443.14225168946,1,1,0,0,1,210534.957682291,2747.16117712426,0,3367.29261012671,0,0,0,4486.79968041453
FT0977,479.104521980472,479.077315256846,479.140966072897,171.50992331371,116.16647887391,232.603212401326,5,0,0,3,1,25064.7207716786,140039.115842569,179706.86563721,446378.0385544,326534.968254647,4245596.8099895,274956.459239476,698334.227125271
FT0978,479.119764280453,479.080945923993,479.167037296468,951.684382430533,947.986583491273,981.197427866653,3,1,0,1,1,697812.220055628,149073.154752869,194932.559442145,209922.215773337,230776.779819534,432438.94226252,198695.308239711,212026.31783303
FT0979,479.213735502501,479.213735502501,479.213735502501,1414.13285574552,1414.13285574552,1414.13285574552,1,0,1,0,1,351445.452951119,147696.489806001,90743.9682714641,124030.206469447,55072.0275337528,72970.6363708542,95882.6063692142,88479.9792908431
FT0980,479.214481366579,479.214481366579,479.214481366579,1477.84687437623,1477.84687437623,1477.84687437623,1,1,0,0,1,1577878.12610649,2604.2118996633,11591.1832073989,12622.3757184265,6584.22795516515,20340.4442212581,20501.8340931216,0
FT0981,479.192646343842,479.192638925866,479.359172752467,2534.64008351234,2525.6845660858,2534.98916263039,3,0,0,3,1,0,26816.7821639418,0,0,543001.645639124,1680.12221277447,835825.656434046,555584.281155529
FT0982,479.297524421348,479.297524421348,479.297524421348,2964.90199977835,2964.90199977835,2964.90199977835,1,1,0,0,1,2354109.25977122,59929.0858398338,97141.5411203691,123260.173456435,69839.2570400409,70795.85570549,45237.6868552748,57936.0425662689
FT0983,479.374436975499,479.374436975499,479.374436975499,3087.39363134574,3087.39363134574,3087.39363134574,1,1,0,0,1,765170.961972654,21305.6917289204,54416.2521870972,34281.4923065216,24367.0600739121,35260.926068253,29453.2159778897,46296.4121605373
FT0984,480.123094662726,480.123094662726,480.123094662726,981.197427866653,981.197427866653,981.197427866653,1,1,0,0,1,94369.422229004,25269.8578669046,3159.46867468423,9726.08878581846,11131.4291320246,12858.0333716538,20454.0828273619,14979.6478720086
FT0985,480.130227157814,480.130227157814,480.130227157814,1107.50785706088,1107.50785706088,1107.50785706088,1,1,0,0,1,697219.61688802,90695.4992241773,102753.211664078,28687.4044429949,29943.1770874022,41125.092015302,42156.743828795,40814.6390333987
FT0986,480.305413985512,480.300944333917,480.309883637106,2948.66365718756,2932.42531459677,2964.90199977835,2,1,0,0,1,261708.954803873,1443.96650125288,3754.29070512664,0,2494.25463673886,734.945373455814,0,2164.14342222538
FT0987,480.309830999521,480.309830999521,480.309830999521,3054.47849031293,3054.47849031293,3054.47849031293,1,1,0,0,1,2680666.68447128,34129.8692200049,55601.961268146,64393.5542026801,29210.4180726139,41171.82872333,11469.4541917091,14555.1216293847
FT0988,481.054549805161,481.049859080234,481.148569491596,1090.81851908509,1088.58816328454,1103.77203697556,8,1,1,5,1,4269685.68390231,693359.577142184,1091248.8870369,587358.41127604,316223.247009277,571356.327519529,392341.53557657,308300.303390068
FT0989,481.120216845378,481.118150632248,481.120269315615,148.680254395175,147.182541587828,150.586107294876,7,0,1,6,1,42566.1722162939,2116538.45817046,2477072.96253692,3910575.60315605,5194194.41492763,2469636.87714017,3709083.66401275,3691636.55645142
FT0990,481.105610786772,481.075674908716,481.135546664827,780.975280676769,767.580913575131,794.369647778406,2,1,0,0,1,358627.987547607,0,1587.46213606065,6349.79849984318,0,0,0,3477.65383535295
FT0991,481.280968790485,481.280968790485,481.280968790485,2783.80580581722,2783.80580581722,2783.80580581722,1,1,0,0,1,124765.920790792,2564.243569462,6773.52811153695,5644.51474669611,7829.8532573849,8895.13505314543,7682.66250174197,6394.04697531927
FT0992,481.280939524397,481.280939524397,481.280939524397,2969.89570508271,2969.89570508271,2969.89570508271,1,1,0,0,1,113935.493093753,0,0,1864.58040467462,0,894.277780320476,0,0
FT0993,481.313108460079,481.313108460079,481.313108460079,3054.47849031293,3054.47849031293,3054.47849031293,1,1,0,0,1,550548.281077352,464.500016362272,11683.1930732779,14522.5001827655,5497.27106856142,7695.16735039835,3055.36923626858,0
FT0994,481.426530434022,481.426445888782,481.426547158695,3590.26456910829,3570.02879896339,3591.76605556414,8,1,1,5,1,2818321.03317186,1086850.8492592,3054188.29556921,1180907.36477474,1077138.10979309,1355752.53413084,1014592.93159358,2125994.31607277
FT0995,482.125761645694,482.123479643911,482.126580575388,148.393924806012,144.817440890519,148.826892096096,3,0,0,3,1,14048.1464084662,355235.590311357,573330.048229207,513257.741395562,1012311.19576392,396222.852334276,625491.461639988,634523.970007777
FT0996,482.057839753747,482.057836761733,482.167032413783,1090.36165202078,1067.06894347191,1090.90180816807,3,1,1,1,1,978266.609457239,208211.808105468,189302.933066407,128254.438985011,53916.6501858922,101865.005460437,74399.1421379451,63892.0871088159
FT0997,482.279646445478,482.2796440154,482.279658476179,2011.14501644796,2008.59607624632,2013.11426379604,4,0,0,4,1,0,76121.0860416141,4605683.42971542,6668639.2286719,358481.618419191,305309.101599122,91385.5068823677,86237.2897568285
FT0998,482.429829189749,482.429802468512,482.429855910986,3590.26456910829,3589.98228540592,3590.54685281065,2,0,1,1,1,973541.192039971,253103.252999131,847756.985873651,361932.519266925,290784.211297164,414400.993167099,257688.679894909,465106.815704735
FT0999,483.135871384993,483.099500875834,483.135941210413,129.494302296514,119.810618046962,196.107209262256,13,0,1,6,1,80399.944021247,214681.811992106,1390676.04899692,3582008.09107429,3836895.92840437,1797457.44975928,3085887.32491471,4271008.79417143
FT1000,483.111832621767,483.108895452995,483.11476979054,1153.19508487831,1150.22290855317,1156.16726120345,2,1,0,1,1,253325.791697442,5480.47035310888,0,0,0,595945.646948152,0,0
FT1001,483.155823631491,483.155823631491,483.155823631491,869.493800479227,869.493800479227,869.493800479227,1,1,0,0,1,394138.404449591,0,0,3705.9877518287,11198.2359519186,0,0,4480.68515855185
FT1002,483.154518282228,483.154518282228,483.154518282228,1330.02072684285,1330.02072684285,1330.02072684285,1,1,0,0,1,334894.399136964,3940.12510668303,27690.3856793628,21688.7014561004,12710.7092524941,7981.88405158286,27136.4026336663,21216.694630465
FT1003,483.151125279842,483.151093057928,483.24629474885,1027.45104060885,1008.53568057949,1030.38582084875,8,1,1,5,1,2516291.30562255,1702374.1606112,131184.766417848,983217.724801764,1784071.43199321,1345347.52741015,1068788.11938043,1097075.30027127
FT1004,483.282887924609,483.200338316118,483.282894711896,2008.59607624632,1997.27300767384,2011.40591061573,3,0,0,3,1,3724.77046544011,16480.0262494567,1011138.55561599,1509630.03242188,114315.201343452,74595.7025815237,8457.73473137003,20329.4087163884
FT1005,483.22382492477,483.22382492477,483.22382492477,2475.45137861011,2475.45137861011,2475.45137861011,1,1,0,0,1,308025.080210878,4876.34919577744,15209.0925465225,11330.8390812159,8375.71851135921,15716.2910130814,19315.4523298941,17391.9088323079
FT1006,483.296539613746,483.296539613746,483.296539613746,3037.74755507375,3037.74755507375,3037.74755507375,1,1,0,0,1,781693.351880537,1591.24329431574,2753.44489815714,2934.40055492061,1136.4110804805,1038.05018254921,0,0
FT1007,483.208528474564,483.208528474564,483.208528474564,1167.91800051991,1167.91800051991,1167.91800051991,1,1,0,0,1,1480401.26355468,16946.2519157601,41677.2112430489,3999.48676835934,10067.8003359093,60382.9600513981,69802.2004439664,14708.9014886958
FT1008,483.296572330898,483.296572330898,483.296572330898,2866.99662104394,2866.99662104394,2866.99662104394,1,1,0,0,1,198209.444011418,0,4109.07448286099,6745.56811209719,0,5354.65689592189,1998.26553595901,3333.97726632999
FT1009,484.176838822943,484.176784864183,484.281537314285,2058.44230155357,2008.59607624632,2059.94445962459,8,0,1,5,1,139753.80144536,236083.697811938,356067.46021522,509414.959742435,186318.609713866,160241.906751411,134304.786660156,91564.259062501
FT1010,484.249777252777,484.249777252777,484.249777252777,1010.74375679628,1010.74375679628,1010.74375679628,1,1,0,0,1,583313.230630727,95605.5171701349,44431.849619489,5532.59768308279,14531.796668923,0,7108.19871816706,7990.26842752717
FT1011,484.29996840341,484.29996840341,484.29996840341,3037.74755507375,3037.74755507375,3037.74755507375,1,1,0,0,1,209952.494364014,0,0,0,0,0,0,0
FT1012,485.151521364694,485.151465795011,485.151579379043,126.580334886384,85.3504665468104,201.018790962839,15,0,1,6,1,205531.200128516,1170460.17782764,2506513.14571289,3076792.99295312,4476407.85467448,1607996.19349984,3955259.53569141,3721230.9138112
FT1013,485.158248317925,485.158225866276,485.158269268772,2215.60903396612,2208.07277697206,2216.41111603928,3,0,1,2,1,0,262993.329816894,146316.341064275,215706.816425401,163850.50192069,146551.294349318,257789.084881185,382877.901064942
FT1014,485.112243930482,485.094100648041,485.130387212923,973.920017620219,950.393490249984,997.446544990453,2,1,1,0,1,249365.886921304,504270.008510847,2695.28501926462,0,0,2477.4355403811,4359.46152163967,0
FT1015,485.151520296923,485.151520296923,485.151520296923,737.253575814108,737.253575814108,737.253575814108,1,1,0,0,1,629620.660208096,74690.9661562131,84974.4382877053,92684.7834449121,137140.001237365,102401.215979381,159722.703968293,181073.911049963
FT1016,485.279231551727,485.279190013713,485.279252014952,2850.59804914054,2848.73767118128,2852.29775814979,7,1,0,6,1,307803.572999648,94578.3366000846,318695.199302135,235755.623051005,288150.22413687,300302.04247159,458188.73029988,1087926.73002373
FT1017,485.184621621482,485.184577421797,485.184666152329,2058.92237370678,2057.5250701119,2059.94445962459,6,0,1,5,1,479291.12773654,689712.249037334,499577.132687711,296248.943897236,531007.811955566,390261.962362063,398890.984941406,483674.984309299
FT1018,485.254707593212,485.239449129623,485.254713705859,2427.09140982169,2394.77845852773,2430.58706937749,3,1,0,0,1,1740804.74694998,183393.291077324,204242.823194379,217947.930819567,223240.706557745,240718.897276169,178146.170298727,222386.170232987
FT1019,485.309856088044,485.309848586327,485.309878810163,2514.79218323675,2513.09994610107,2554.16398887936,5,0,0,4,1,43807.2678777193,69563.0113897077,53059.9311834801,151617.815148786,1607617.78251578,330749.508545858,745195.454808518,329906.582373154
FT1020,485.298330354236,485.298330354236,485.298330354236,1009.73858090406,1009.73858090406,1009.73858090406,1,1,0,0,1,435731.94934082,12407.7278140379,13120.9481058275,18479.9480721374,8577.09753807123,0,43546.3552670309,48749.1345494332
FT1021,486.138168724039,486.138168724039,486.138168724039,743.043139863366,743.043139863366,743.043139863366,1,1,0,0,1,498520.484628791,4864.57780833046,0,0,0,6255.48916759187,3337.55172007359,2394.91650619848
FT1022,486.188034884113,486.188034884113,486.188034884113,2057.5250701119,2057.5250701119,2057.5250701119,1,0,1,0,1,121443.494546239,148970.132997824,93326.8327396847,67549.3653735588,125646.063030134,92968.1821115934,93654.4518242954,130308.168853656
FT1023,486.893807066635,486.893807066635,486.893807066635,64.872470984916,64.872470984916,64.872470984916,1,1,0,0,1,1298899.01221429,0,5161.34009579124,0,0,17615.6259227032,8825.14036951954,0
FT1024,487.149382775306,487.103795401148,487.149440420167,1221.93134012967,1162.80548755156,1229.42345257195,14,1,1,6,1,5155735.33444533,915210.896612299,1187392.7128431,1518146.37913249,837251.895798823,1380852.38749934,1825264.42008056,1938335.23369141
FT1025,487.130787376792,487.130701530989,487.130851143076,108.576890043054,64.9910957035902,156.407703248947,12,0,1,4,1,178973.753163392,2188790.99327969,1258691.90296018,1562977.09775612,1891733.91822984,1735040.19563536,1320243.30920727,1539618.81292243
FT1026,487.117328881482,487.10970995941,487.124947803554,1010.95991694986,992.355581821632,1029.56425207809,2,1,1,0,1,1300783.62139453,548386.194052733,11159.9009725431,8171.58491468725,21332.2101833988,0,6978.57632124836,28149.8355688249
FT1027,487.10974868985,487.10974868985,487.10974868985,893.398845928087,893.398845928087,893.398845928087,1,1,0,0,1,2589777.23497747,106206.211990592,66174.5789668432,62959.2416256388,62967.2650026273,90795.7727499807,70135.6974009712,90264.3657545231
FT1028,487.226803462548,487.226782535627,487.226843486089,3198.56682673854,3197.79863725847,3198.84477693956,3,0,0,3,1,91046.196915184,121643.194074688,153377.878051511,319087.724460563,283389.718579102,320933.390942274,326018.662267295,311858.515390613
FT1029,487.255166794505,487.255166794505,487.255166794505,2261.02152275164,2261.02152275164,2261.02152275164,1,1,0,0,1,83341.0836171896,32883.4567258475,88183.7426905818,63286.5659802599,52555.9366083076,90269.0523136284,79052.6498841431,71396.5947588164
FT1030,487.343191599954,487.34316636899,487.343221755646,2524.38290727312,2522.01248338555,2537.92083513042,8,1,0,5,1,3033119.25651362,202541.248726884,682599.884607667,361982.98023429,441581.977619386,399885.993632811,392299.931978656,498994.957840907
FT1031,487.305931947589,487.305913502646,487.305950392531,1343.30344248701,1341.69110389128,1344.91578108274,2,1,0,1,1,3530470.43428797,0,47399.4505517264,54072.9780217696,82783.1744425636,117886.452949218,87251.9530711859,122868.739861527
FT1032,488.152703214196,488.107051355166,488.152722794275,1227.41360045002,1215.65815456362,1229.42345257195,4,0,0,4,1,686947.733938262,152883.952279412,169679.174006144,134383.16205078,110923.897726893,295235.119355818,262513.651119102,265621.349089668
FT1033,488.112948981843,488.112948981843,488.112948981843,992.355581821632,992.355581821632,992.355581821632,1,1,0,0,1,241432.16958258,0,0,0,0,11355.4009481127,2345.06113276766,0
FT1034,488.112976017269,488.112976017269,488.112976017269,895.16922056316,895.16922056316,895.16922056316,1,1,0,0,1,487006.689776787,2240.78953875609,0,0,3055.95324275,3281.58735122134,0,0
FT1035,488.30219694657,488.302121772446,488.302229759367,3039.12893782396,3037.20228888818,3042.7732741659,5,0,0,5,1,0,66878.2835676669,109077.560016275,226218.462037638,135045.041712239,131057.200110153,273696.358478395,347225.973596019
FT1036,488.346667743449,488.346667743449,488.346667743449,2523.54869388531,2523.54869388531,2523.54869388531,1,1,0,0,1,999581.518564443,38354.5238712764,150774.464900329,80926.2346761828,193238.663617911,111677.651728352,141076.006319038,150774.78364319
FT1037,488.789570310708,488.784356426537,488.789724180127,66.6469526421212,63.5275686712354,70.2424343092637,4,1,0,2,1,2019560.92272289,3744.40799439001,448640.536964039,3522.37065054976,0,287677.370255444,0,16688.0391684812
FT1038,489.146454933313,489.032443938651,489.146556750319,118.970930694436,80.1593664863217,152.474710324673,9,1,1,6,1,285281.202593141,2635218.9710857,1710395.02956977,1521953.08305677,2194673.8256654,1500357.94262609,2569919.37306334,2341976.15692676
FT1039,489.151161304067,489.080608860992,489.161736196313,922.624235479951,871.958868619824,981.722490440196,4,0,1,2,1,5565.95510472812,195305.474168701,135333.495555087,0,0,6353171.04987487,0,0
FT1040,489.080715251082,489.080713022522,489.080717479642,1077.31656536603,1076.63988691938,1077.99324381268,2,0,1,1,1,4112.97446190829,431088.178789065,156626.631450194,111350.861610748,173510.882204633,111024.077808236,71795.1555626261,57305.5750396141
FT1041,489.249647526365,489.14059781671,489.249656298525,2080.69789343625,2019.92738667535,2107.09400811509,4,1,0,1,1,440252.840122771,106945.2039276,181164.952912478,124247.408161332,181327.073413467,408333.598690186,143965.14370053,123732.681285255
FT1042,489.220498963211,489.220498963211,489.220498963211,999.231263170623,999.231263170623,999.231263170623,1,1,0,0,1,163221.969817382,4887.13782461057,0,0,0,0,0,0
FT1043,489.322397916809,489.322397916809,489.322397916809,3012.97588448991,3012.97588448991,3012.97588448991,1,1,0,0,1,706278.901740531,79679.1240623283,251427.451273485,207652.884113827,142020.361798512,216755.435123596,172990.958191302,305132.790105915
FT1044,489.209187819006,489.209187819006,489.209187819006,164.461573588297,164.461573588297,164.461573588297,1,1,0,0,1,111748.388053385,0,0,0,0,0,0,0
FT1045,490.795935488011,490.795935488011,490.795935488011,3347.65989620872,3347.65989620872,3347.65989620872,1,1,0,0,1,5560138.45627366,651.414039443167,56432.1883763968,7906.64520323932,1750.25393784615,14423.075387682,448.578122399199,5059.68697694963
FT1046,491.117624893072,491.117624893072,491.117624893072,114.706886679883,114.706886679883,114.706886679883,1,0,1,0,1,18656.0062817124,132978.449835876,224794.108433218,214023.515022972,309254.545610765,166382.888142312,189928.036755281,277609.398694218
FT1047,491.083427120562,491.083427120562,491.083427120562,1449.32748736706,1449.32748736706,1449.32748736706,1,1,0,0,1,235022.783191405,33077.0733503376,36761.8064776347,26660.8198146777,22420.916619144,18967.9245211308,21179.0746723526,36572.217843071
FT1048,491.266729010196,491.266647825419,491.266761199351,2551.29512366896,2550.83702830192,2552.56315970924,6,0,1,5,1,38116.325161682,173994.918021391,171172.064121092,148327.73809082,298918.501585977,177668.757783501,304710.377890625,228255.112398588
FT1049,491.286435172648,491.286404744001,491.286453605298,1706.42054810283,1704.61244759971,1709.3853334862,6,0,1,5,1,0,166769.148056152,586689.694164158,361879.991608887,276339.417802733,174017.119479093,116782.260590829,339244.788494319
FT1050,491.213744474426,491.21371135948,491.21377687748,1822.40981435098,1821.03969431569,1822.61955173785,3,0,0,3,1,19658.4991915401,44624.8210739679,590530.613090334,14185.8502139292,24791.9863201595,18163.8428010257,3981223.79361979,265133.306114095
FT1051,491.176185009788,491.174914760742,491.177455258833,1087.37091937585,1072.48855713123,1102.25328162046,2,1,0,1,1,924767.848098141,0,0,1878.36123408348,0,25728102.3921692,4064.44196536206,0
FT1052,491.180802934673,491.180802934673,491.180802934673,1196.78416052393,1196.78416052393,1196.78416052393,1,1,0,0,1,268483.868591308,0,0,0,0,2633.1633144102,0,2750.57619167829
FT1053,491.194362498165,491.194362498165,491.194362498165,2057.5250701119,2057.5250701119,2057.5250701119,1,0,1,0,1,87410.8363373497,214503.659952799,141879.208086252,98908.7949770622,170305.519060949,130734.751399647,130471.756632255,159848.392801145
FT1054,491.295349571228,491.295349571228,491.295349571228,3347.65989620872,3347.65989620872,3347.65989620872,1,1,0,0,1,3127634.67679214,0,1754.44591383674,1419.14992010848,868.620333690707,4215.7802459035,2667.17056892744,2121.3784653719
FT1055,491.38756612558,491.38756612558,491.38756612558,3113.5347523489,3113.5347523489,3113.5347523489,1,1,0,0,1,154124.123757323,1793.8716028462,5868.89661901821,3242.21183888658,586.756452576581,2687.84304783405,868.834147048097,2487.75461952242
FT1056,491.338007980691,491.338007980691,491.338007980691,2932.42531459677,2932.42531459677,2932.42531459677,1,1,0,0,1,2019257.73228796,45807.4583619997,156585.949251704,118338.661021827,59577.5916509044,80534.1765632617,72879.8822582682,113988.697158966
FT1057,492.273511760564,492.273511760564,492.273511760564,2490.11220631699,2490.11220631699,2490.11220631699,1,1,0,0,1,177609.261639737,13028.7232468006,13722.0417365069,21534.5731552325,6013.72363339766,40486.2985004633,2136.65346332807,4284.86873923563
FT1058,492.333077210525,492.311591378652,492.354563042397,2720.14005757448,2712.60418323754,2727.67593191141,2,1,0,1,1,2186690.18866456,1797.14935588165,618.961718116558,0,0,1783.1472406247,254086.648237914,0
FT1059,492.180618082644,492.180604992417,492.180631172871,1087.37091937585,1072.48855713123,1102.25328162046,2,1,0,1,1,127086.099936525,0,0,0,0,5424805.47392578,0,0
FT1060,492.309899191601,492.309899191601,492.309899191601,3022.68339391616,3022.68339391616,3022.68339391616,1,1,0,0,1,1466558.65841196,35505.429808925,68045.7894406908,69388.7860582601,29136.7338453627,29091.7496624523,18737.5024245939,28561.3341887603
FT1061,492.341499317477,492.341499317477,492.341499317477,2932.42531459677,2932.42531459677,2932.42531459677,1,1,0,0,1,621399.519583332,13229.4070531992,38617.3586480041,29403.5768508737,21335.6046158064,18101.2531988421,20207.9952636359,28719.4684802111
FT1062,493.156581971268,493.156567849791,493.156596092745,511.081598876995,494.044956213929,528.118241540061,2,0,1,1,1,72796.7953427864,372175.824055989,902.415068304024,6682.85782209122,13770.4157655507,2076476.41086828,28924.997741329,18353.9989921572
FT1063,493.313321081572,493.313321081572,493.313321081572,3022.68339391616,3022.68339391616,3022.68339391616,1,1,0,0,1,332411.097088509,3041.35677519561,6016.20838726797,8616.31831349774,2429.13076452021,808.899911545855,1560.36740058182,4722.39335583522
FT1064,493.315033623594,493.315033623594,493.315033623594,2712.60418323754,2712.60418323754,2712.60418323754,1,1,0,0,1,557268.249980121,3932.61106800468,15675.4311723647,10800.874855391,2340.65156974432,9695.14183019065,10440.8793736671,14456.6508184719
FT1065,493.330318381715,493.330318381715,493.330318381715,3597.05812251078,3597.05812251078,3597.05812251078,1,1,0,0,1,1630457.86221096,70409.7820028319,4664.65688074841,5327.01524685935,5831.10682284942,7418.45405266966,5067.4044339663,7354.33052002386
FT1066,494.325441137279,494.325441137279,494.325441137279,3096.08643560062,3096.08643560062,3096.08643560062,1,1,0,0,1,179847.719174804,1609.55255259633,1274.28774463955,1673.58530542788,0,0,843.100071253847,0
FT1067,495.043023099706,495.043023099706,495.043023099706,71.4926736122435,71.4926736122435,71.4926736122435,1,1,0,0,1,1498553.09998953,0,0,0,0,20333.3672960575,184665.518610694,50402.34909213
FT1068,495.129920720898,495.129895403455,495.129977643634,1200.77428354213,1164.75342398458,1278.93319733022,10,1,1,5,1,889511.605633075,2320011.00009766,1518661.24895833,1379903.93885417,1397235.93821614,1269785.91037249,984126.877419781,1051128.91175664
FT1069,495.098548181762,495.098503660006,495.098651641417,2905.5681889342,2904.66762879556,2908.96251081734,7,0,1,6,1,0,750474.355083474,398039.463156942,374232.835665463,449844.723618946,366579.739975591,568770.312329093,915650.329418955
FT1070,495.093537834588,495.09352184824,495.093542121529,762.365137917043,759.632716900085,769.653479473231,4,1,0,3,1,2771037.94024928,113496.142190169,164313.597949287,142666.962268958,253760.489580116,383195.032223345,274263.860546679,278131.520567833
FT1071,495.111724763203,495.071748591338,495.154435973155,1369.17174982519,1355.25020002807,1397.96336930442,4,1,0,1,1,685892.803942227,0,101529.067031249,8255.14175897299,585.958441855564,0,3616.75975613383,5118.47062492303
FT1072,495.054907765789,495.054907765789,495.054907765789,950.327356708416,950.327356708416,950.327356708416,1,1,0,0,1,180660.994719904,2374.7455318765,0,0,0,0,0,0
FT1073,495.200432644815,495.200357682126,495.200493621409,2098.79226799611,2097.7321222561,2099.7562957653,4,0,0,4,1,122049.982978218,43746.209603687,107492.657038998,136511.173075201,184054.065793355,188760.188663125,244573.65926035,186497.610961302
FT1074,495.232193192921,495.187479571916,495.245001957165,1961.54896163294,1954.81565081923,1989.58394326776,4,1,0,2,1,1483897.05992014,0,588.364930978098,0,0,576089.259806482,194414.82029785,0
FT1075,495.260249832959,495.260249832959,495.260249832959,2565.785508698,2565.785508698,2565.785508698,1,1,0,0,1,153716.820588176,23975.9275061027,42729.8228887016,35584.0089063786,38120.4933324852,44345.9364548994,47622.6058021518,47435.6059720672
FT1076,495.442153951008,495.442153951008,495.442153951008,3009.905331905,3009.905331905,3009.905331905,1,1,0,0,1,239353.215024039,6650.64395170197,78219.6736305892,28742.5011046275,23179.8966028147,29119.4309939142,16549.7051104602,39052.3861227729
FT1077,496.010077027251,496.01006255793,496.010093592513,1091.02971289789,1088.58816328454,1093.11065807807,8,1,1,6,1,532704.005859375,1864196.39893799,1443303.32718505,1159980.44672791,423854.983164876,577741.825050335,575340.907670745,374110.043349036
FT1078,496.10196816298,496.101938789051,496.101997536909,2905.24448688986,2904.66762879556,2905.82134498417,2,0,1,1,1,0,149356.842912599,105034.070630484,103395.102325211,120209.061347617,115515.920256061,147739.870098811,193667.896021634
FT1079,496.133385118591,496.133385118591,496.133385118591,1201.94160944084,1201.94160944084,1201.94160944084,1,0,1,0,1,18057.0956471199,656286.550041504,454731.074245508,357080.935294617,399236.257082058,346389.903630424,294051.059022216,323510.717685339
FT1080,496.133424686981,496.133424686981,496.133424686981,1278.93319733022,1278.93319733022,1278.93319733022,1,1,0,0,1,235791.089002029,44251.8082141851,96445.0111796504,94835.1656613222,150806.05226673,74994.4148457871,123109.296793772,118934.360066652
FT1081,496.096987067971,496.096987067971,496.096987067971,770.519494754728,770.519494754728,770.519494754728,1,1,0,0,1,737685.267934569,33935.7095550559,49255.4179136767,49901.9958483049,59597.7173692712,130494.740232912,85533.5600474931,90698.6378823053
FT1082,496.23856311935,496.23856311935,496.23856311935,1956.13259345001,1956.13259345001,1956.13259345001,1,1,0,0,1,255755.507070066,0,0,1590.90400740971,0,7327.1035354444,41434.906643337,37864.9214264671
FT1083,497.016066465126,497.015759147034,497.156862344741,1090.90180816807,1088.92355978455,1163.4264066104,9,1,1,6,1,350052.865173725,2170655.70731049,1553901.8544342,1319728.68381836,370494.285034528,702452.233309849,575492.380683669,326859.853111572
FT1084,497.095750069053,497.095690449893,497.095863233852,2905.27780321744,2904.33754749781,2908.96251081734,7,0,1,6,1,0,514206.095815146,252725.371815075,247372.704391483,232752.31773877,260250.994335939,374647.785099408,599892.836962897
FT1085,497.145665512172,497.145652930836,497.1459133488,1459.92327848239,1357.14148321151,1529.40372091716,13,0,0,5,1,253320.707821204,191403.863761568,2087507.71726563,3492258.41708561,4629738.28887239,2426351.4765145,5451278.42916328,3860083.0022571
FT1086,497.115193944415,497.115169431487,497.115252535686,113.217235545996,111.316193186481,118.078285691222,5,0,1,4,1,63509.9111233398,1468774.85988674,1763145.25428555,1826415.32874151,2362246.51605078,2455910.69979138,1852556.89660413,2154250.13300402
FT1087,497.145750332593,497.145694043504,497.14582456644,1600.14497278647,1597.92822781256,1601.21184897372,3,0,0,3,1,359963.966718606,55162.2881118653,1347998.08012897,2485300.39446822,2632131.29416515,1390449.68110043,3308266.98114737,2945876.4078379
FT1088,497.141603755198,497.141603755198,497.141603755198,574.45414863789,574.45414863789,574.45414863789,1,0,1,0,1,49787.8184332388,612127.792529942,34693.7596197933,75618.9540564486,54383.0239958074,39292.5296183006,0,0
FT1089,497.179672222219,497.179638802292,497.179686797169,1963.95686274671,1963.06591584619,1964.61436980517,4,0,0,4,1,41731.7502777061,83714.5679496879,80483.5334706209,114458.892633789,222605.663234862,258246.294397444,212614.319707406,156398.282845981
FT1090,497.211174561541,497.211174561541,497.211174561541,2059.84024996615,2059.84024996615,2059.84024996615,1,0,1,0,1,16925.0310646979,183058.561381022,86628.7343188439,52205.225884053,84246.9442626177,65687.0103831925,56025.0563069957,63029.0753826502
FT1091,497.334744673518,497.330067773926,497.334817999527,1345.12444629813,1341.69110389128,1346.97941024242,7,1,0,6,1,38568256.0748656,3857.80197096457,2113719.57874999,2742356.99407896,3537832.14937214,5128580.31178385,4745147.93945535,5678152.6046753
FT1092,498.021345405131,498.021345405131,498.021345405131,1091.77970194718,1091.77970194718,1091.77970194718,1,0,1,0,1,144973.717032273,370790.037868089,250356.016212795,198153.665831706,82395.1630153498,94915.6477862527,106780.570536085,75730.7949106127
FT1093,498.33823293383,498.336438923995,498.33830844592,1345.8281501003,1341.69110389128,1346.97941024242,6,1,0,5,1,10954517.1219569,0,525128.291983334,684082.612979052,893061.39203039,1421307.22826385,1141426.18251893,1539819.90700942
FT1094,498.791027293802,498.790825426122,498.791229161482,3104.69532020847,3099.58594412973,3109.80469628721,2,1,0,0,1,496789.574464113,0,910.773563197613,0,0,0,0,0
FT1095,499.130822034517,499.130747971762,499.130860139049,113.18886471616,110.491630473791,114.706886679883,5,0,1,4,1,82933.2790437677,1163455.172,1263231.89234362,2239236.54321546,2283387.19250797,1506768.46274846,1607534.77360714,1846299.16506
FT1096,499.146067486454,499.146067486454,499.146067486454,735.175123564755,735.175123564755,735.175123564755,1,1,0,0,1,365705.158127499,280503.215596575,72014.7008548745,83095.1546493501,93686.0090585886,170801.715365897,108271.282481821,89559.8112538513
FT1097,499.088478830595,499.088478830595,499.088478830595,1091.77970194718,1091.77970194718,1091.77970194718,1,0,1,0,1,165714.173404431,450091.592628347,442329.698871267,334956.600853572,355688.107633886,331259.039167463,292973.710879894,263746.266742846
FT1098,499.291642579534,499.291626068282,499.291646138308,2203.57410702815,2177.0971506505,2204.43206612223,4,0,0,3,1,55101.398376058,47646.146545159,81734.7590331467,97686.5345919123,310916.960736879,406477.231909532,485446.988341352,685491.516252094
FT1099,499.270546785738,499.270527016868,499.270553539292,3025.60461250929,3025.39948436041,3026.79873754371,3,0,0,3,1,0,77840.6099481882,181247.347879029,134286.700995239,139730.485641552,122935.985790219,93612.8657059914,126218.119523441
FT1100,499.240086367899,499.240026774577,499.240145961222,1869.30352440324,1857.80343146001,1880.80361734647,2,1,0,1,1,689255.40660052,0,0,0,0,175841.965848215,0,3178.65448289123
FT1101,499.185836808861,499.185836808861,499.185836808861,1563.41729398337,1563.41729398337,1563.41729398337,1,1,0,0,1,584491.623841911,3112.86782356921,55355.6013303769,18988.8130116901,6198.69222452778,30065.0585316226,25544.3041283739,15004.2039170165
FT1102,499.268160930322,499.268160930322,499.268160930322,2800.44594460683,2800.44594460683,2800.44594460683,1,1,0,0,1,288682.394815766,3382.87066225468,7822.58171944454,8034.68914342823,4238.15232081307,6114.44514244822,3556.58850677931,8779.70598196935
FT1103,499.306881916847,499.306837691211,499.306898222837,2325.92456158014,2325.42353781208,2328.67879350844,5,0,0,5,1,70055.4283282367,281164.099000302,573502.792439902,286071.274256179,298880.735297476,337368.517355771,224090.392840576,264666.920418844
FT1104,499.364350697653,499.364307723767,499.364407005223,3102.28553226388,3094.98784727913,3103.87747795367,7,1,0,6,1,1668868.86104122,114272.148002109,360747.802799598,279886.222183835,343852.837920917,372626.810229489,329362.130443362,454373.274775393
FT1105,499.379534641594,499.379534641594,499.379534641594,2840.87931076748,2840.87931076748,2840.87931076748,1,1,0,0,1,2390987.05973978,0,1167.41075705909,0,0,0,0,0
FT1106,500.243304689989,500.243304689989,500.243304689989,1857.80343146001,1857.80343146001,1857.80343146001,1,1,0,0,1,90877.490830079,0,0,0,0,8114.37391496015,0,0
FT1107,500.278503886873,500.278503886873,500.278503886873,2886.94055149027,2886.94055149027,2886.94055149027,1,1,0,0,1,1715269.41922739,8544.65705773761,16261.489489835,12238.8145182882,2475.30958869203,8378.42736975505,1534.93086819464,5828.944715016
FT1108,500.302096396822,500.302015536442,500.367703876257,3082.54688855456,3080.3945249598,3094.98784727913,7,1,0,6,1,408013.752187502,209097.660664544,1090680.52443015,1805621.04806987,1160417.41089671,562357.682249998,1335188.9914746,1335064.26044358
FT1109,500.38289296422,500.38289296422,500.38289296422,2840.87931076748,2840.87931076748,2840.87931076748,1,1,0,0,1,780876.656356346,0,0,0,0,0,0,0
FT1110,501.146394127723,500.977390419257,501.146478345735,113.217235545996,71.4926736122435,267.474665366863,17,1,1,5,1,786570.452358529,1834253.3899061,1578658.15434231,2417683.78859334,3137765.01671552,2555874.09597296,3345829.74718339,2948407.65532594
FT1111,501.101727558685,501.101727558685,501.101727558685,981.197427866653,981.197427866653,981.197427866653,1,1,0,0,1,186797.942490723,2337.18907564022,2606.14846735283,0,4292.77503508966,4151.04282154501,4834.66217725002,0
FT1112,501.286108569705,501.286078469634,501.286171271992,2385.97565906351,2333.96251346547,2448.30601762737,6,1,0,0,1,439393.444531245,164338.06326619,210202.304129435,148392.276894511,219536.497058647,216755.764807707,169360.773988643,163185.592197516
FT1113,501.182743752187,501.182740807517,501.182746696857,719.563945957251,705.028651089921,734.099240824582,2,1,0,0,1,1447584.52756641,96111.2928568853,57891.6666836516,43679.3693086368,82125.1731048675,143919.236309929,158991.593960714,210173.4833284
FT1114,501.281897230947,501.281897230947,501.281897230947,2886.94055149027,2886.94055149027,2886.94055149027,1,1,0,0,1,453918.218037203,2287.02914362377,2163.09504611061,3508.2615343603,989.562980738125,1841.97846085231,3300.81052364731,712.794607362313
FT1115,501.305546031337,501.305417833185,501.416562459795,3084.73550384309,3080.3945249598,3119.60926405907,8,1,0,5,1,1686411.84951826,64304.2384968959,337642.20933646,559882.620003452,341745.652707865,180230.633810677,431603.619148086,401810.360880445
FT1116,501.322509754023,501.234546002713,501.322705874205,2204.0622699586,2203.39955660159,2233.95468344087,3,1,0,2,1,2511683.02058985,186866.038668352,299986.724684649,194860.643750138,208073.362152702,228380.9535684,142486.837998011,146028.795731877
FT1117,501.391348594563,501.391304857765,501.39139233136,2763.81402674175,2759.36831354742,2768.25973993609,2,1,0,1,1,693452.201202892,120967.027256062,141444.794574462,118980.021624937,67565.4958984406,76065.4086459938,76370.8087940288,94849.2241126728
FT1118,501.322532841862,501.322532841862,501.322532841862,2509.97631339526,2509.97631339526,2509.97631339526,1,1,0,0,1,741656.093310183,234469.977769948,348438.901211694,249289.20913657,274784.323812318,276942.972489736,230874.210844858,274070.614535154
FT1119,502.104315560554,502.104315560554,502.104315560554,1419.11941378946,1419.11941378946,1419.11941378946,1,0,1,0,1,5450.96398242411,224447.199517578,74648.3877282311,55477.3228643747,96548.8239879081,76453.9623385625,47895.1196840539,60599.4966989879
FT1120,502.214560589174,502.214560589174,502.214560589174,105.520085978719,105.520085978719,105.520085978719,1,1,0,0,1,118931.103581616,947.279957600232,0,0,0,0,0,0
FT1121,502.294329038127,502.294329038127,502.294329038127,2940.60983379805,2940.60983379805,2940.60983379805,1,1,0,0,1,585037.324495737,1578.62313492281,0,6262.03005720234,2140.98964983301,0,0,0
FT1122,502.317886125215,502.317843459622,502.419827038239,3059.40596921134,3058.68464408934,3115.49231120779,8,1,1,6,1,509970.390017912,734675.067106936,3660805.43353631,7380613.67802961,5440372.88759764,2946107.61465305,5620818.19790034,5963386.63170247
FT1123,503.162170601545,503.125720853787,503.162258711914,113.217235545996,109.366504867111,172.075646402727,9,1,1,6,1,884857.675134097,3448813.74671094,107677.217675293,1523173.20347825,1572406.63923164,1859778.84891138,1732218.60202087,2221088.58842657
FT1124,503.119833601958,503.098685257895,503.119943176767,1536.80055766012,1447.40373291969,1539.18414462632,7,1,1,3,1,34045252.1120512,560921.675611746,1001149.94822266,722064.251703779,206682.50985854,762036.332823769,194665.588217694,129669.80006545
FT1125,503.153910008399,503.153907666101,503.153912350698,1211.60515835253,1211.52100960286,1211.6893071022,2,1,0,1,1,1674676.38966667,152375.94183002,128304.227908292,148717.470703251,123382.526444402,146402.951102051,180996.23542436,292871.545399023
FT1126,503.321109689387,503.321076895667,503.338116904886,3059.40596921134,3058.68464408934,3065.87743582145,8,1,1,6,1,277394.966921732,221551.031678292,1148828.02391501,2332420.33899873,1760416.49687499,871681.615978522,1806288.57479246,1949366.55375
FT1127,503.338129181248,503.338059928789,503.3381626838,2274.03008568386,2273.81046376931,2275.96531319913,3,1,0,2,1,2237005.15605337,66181.359632155,245287.230169133,128321.615632661,165708.826614966,169746.117129056,205864.067048609,284708.94384634
FT1128,503.180812264899,503.180812264899,503.180812264899,1226.57562783399,1226.57562783399,1226.57562783399,1,1,0,0,1,783753.082491261,41161.4184383035,207160.769472212,127406.098450491,104786.825433577,184048.513492234,187545.823969564,161121.724213827
FT1129,503.299654889586,503.299654889586,503.299654889586,2940.60983379805,2940.60983379805,2940.60983379805,1,1,0,0,1,343100.71090715,651.016727102278,0,3386.30284929215,6699.54946203489,2779.75495402685,2763.28081315453,3804.09652028182
FT1130,503.338109140031,503.338109140031,503.338109140031,2445.26967039996,2445.26967039996,2445.26967039996,1,1,0,0,1,1457517.46152603,158017.091385093,275321.70993795,195416.198977253,218671.024691136,240612.659678529,214040.629720621,279979.898395815
FT1131,503.395609195008,503.338132916779,503.432066765555,3139.63098857143,3107.76171372841,3155.72582818822,12,1,1,6,1,2032896.31557261,269386.014278423,486074.412890623,638262.260198567,794210.215595707,783799.99113776,556715.778112792,1064654.8038499
FT1132,504.165484948462,504.16547916402,504.165490732905,114.006358168155,113.051257659069,114.961458677241,2,0,1,1,1,207839.467184338,641353.954157228,147979.482943767,195446.075021642,204824.715162651,314211.300717003,307086.522331045,250369.265724891
FT1133,504.123260805103,504.123255047943,504.123266562263,1536.79118996363,1534.39823530094,1539.18414462632,2,1,0,1,1,9053283.69979125,113265.105740488,266696.861974512,154034.292837191,39424.334179763,128189.484366629,15300.6931927,5059.95237521246
FT1134,504.172654476279,504.172654476279,504.172654476279,958.622341740564,958.622341740564,958.622341740564,1,1,0,0,1,164112.5904371,0,0,0,0,4240.31816576641,0,0
FT1135,504.341440531955,504.341440531955,504.341440531955,2446.82800454632,2446.82800454632,2446.82800454632,1,1,0,0,1,464756.120497392,45556.3522547987,91268.7646202242,53744.9040430558,72483.4442243779,70202.0187690941,55934.6627268248,89173.119894893
FT1136,504.341381888661,504.341381888661,504.341381888661,2274.03008568386,2274.03008568386,2274.03008568386,1,1,0,0,1,676151.875507807,17419.9386021387,65426.4720047002,28175.6943566792,58059.0429129219,49182.5970048124,84059.7763437872,84263.7219911332
FT1137,504.398970217674,504.309791559337,504.435423248598,3124.52573977063,3005.99726021899,3140.15074604503,10,1,0,5,1,632432.638791503,17407.6584594819,29067.5471403966,352930.578610695,185112.50710639,170558.238397349,143116.029052733,312434.650948764
FT1138,504.760260481132,504.760260481132,504.760260481132,63.5275686712354,63.5275686712354,63.5275686712354,1,1,0,0,1,2334797.54052245,0,84166.9356341534,103898.388650131,35306.6228341397,127385.565582724,72329.5912854924,74190.9672096135
FT1139,505.15420549647,505.096491399691,505.193080213433,1591.32709767996,1513.68821948438,1650.05325928275,6,1,1,3,1,33547161.5530512,1000801.68095703,159884.517159289,3030.01097353439,4001.40602000398,191703.499811346,1440252.30084283,0
FT1140,505.33277059396,505.332677179622,505.353797580183,3129.71104274847,3096.08643560062,3129.7298656846,3,1,0,2,1,473179.234613879,0,131056.07142919,152018.274893467,128931.546270928,155250.433317383,177185.53555747,134999.443493238
FT1141,505.3538903409,505.3538903409,505.3538903409,2990.48114741833,2990.48114741833,2990.48114741833,1,1,0,0,1,648255.81233724,23707.7104259581,82020.6484756952,55605.439197511,39683.0840378524,51889.4035893435,34179.2535388606,47297.6588875174
FT1142,505.425531319278,505.42440551373,505.426657124826,2990.80750147677,2964.90199977835,3016.71300317518,2,1,0,0,1,334263.208194015,862.437117230737,0,0,0,0,0,911.399066051537
FT1143,505.606573630823,505.606573630823,505.606573630823,1588.89548396791,1588.89548396791,1588.89548396791,1,1,0,0,1,232269.579377747,0,0,0,0,0,0,0
FT1144,506.102440776659,506.102440776659,506.102440776659,1588.89548396791,1588.89548396791,1588.89548396791,1,1,0,0,1,8146025.83603316,185833.446997283,6384.96351004174,9152.94286079194,0,7673.80787804018,33372.437536753,13881.5208369125
FT1145,506.140717864852,506.09321376578,506.188221963925,284.465015981131,272.801949067621,296.128082894641,2,1,0,1,1,411473.441153045,0,0,0,0,346084.569322949,0,2098.42365469748
FT1146,506.325593420903,506.325593420903,506.325593420903,3071.08828034096,3071.08828034096,3071.08828034096,1,1,0,0,1,6376779.48429426,82621.3482717957,81943.3175518941,69298.7383929128,28427.2161393661,53232.0506819812,19317.2565041707,23923.0726332028
FT1147,506.357183092346,506.357183092346,506.357183092346,2990.48114741833,2990.48114741833,2990.48114741833,1,1,0,0,1,140814.544921875,4784.34240531426,12549.3649541203,12034.5569499962,1008.32686994809,7574.99445942939,3897.61615889316,11060.4255511811
FT1148,506.761414219292,506.761414219292,506.761414219292,64.872470984916,64.872470984916,64.872470984916,1,1,0,0,1,450793.820589093,0,0,0,0,2043.50489625396,0,5371.4417789219
FT1149,507.166674237119,507.166630190674,507.166846382563,2057.5250701119,2057.06446038535,2059.94445962459,5,0,1,4,1,132488.799260706,377819.146327374,207234.805734863,165233.076912924,196615.294029653,146975.154877072,109602.761718749,146502.099795465
FT1150,507.104601469459,507.104601469459,507.104601469459,1588.89548396791,1588.89548396791,1588.89548396791,1,1,0,0,1,1429679.00188075,0,0,0,0,0,0,0
FT1151,507.093560281709,507.093518379002,507.17230520867,1357.45157465719,1287.89932619794,1386.5540027864,4,0,1,1,1,167159.078883429,1639178.59508193,696049.633473849,632936.597202847,724745.228373007,3684275.72090515,423826.227537741,434551.931154993
FT1152,507.261813930985,507.26176098141,507.261866880559,2286.97075158911,2285.47256053008,2288.46894264813,2,0,1,1,1,5174.98937347221,255564.850760125,206042.276570011,188458.02561756,288757.154189589,168351.78560566,299378.663291957,223433.813226442
FT1153,507.1722821789,507.1722821789,507.1722821789,902.306796813099,902.306796813099,902.306796813099,1,1,0,0,1,466900.427432317,5450.52565105238,2384.25649437459,0,5453.19495007877,76856.8595578551,5007.85496779464,0
FT1154,507.349200688328,507.328941695068,507.369459681587,3095.57919127867,3071.08828034096,3120.07010221638,2,1,0,0,1,1647685.85240234,0,0,0,2625.61839097699,0,0,434.546178112989
FT1155,507.442125437348,507.442125437348,507.442125437348,3000.5576561714,3000.5576561714,3000.5576561714,1,1,0,0,1,1797687.18345376,45562.8985604612,128628.3189308,47769.0022977781,9755.44903046251,33199.3656410324,18400.3991797609,64384.8935002307
FT1156,508.106739138777,508.106739138777,508.106739138777,1590.27157044542,1590.27157044542,1590.27157044542,1,1,0,0,1,90022.9715390624,0,0,0,0,0,0,0
FT1157,508.232218765682,508.232218765682,508.232218765682,2096.50988520743,2096.50988520743,2096.50988520743,1,1,0,0,1,486552.08912613,14120.7719129789,34811.9952193947,45592.5182235953,38697.9219607073,47064.3169167025,29322.8349132379,39987.7542809634
FT1158,508.230476882412,508.230476882412,508.230476882412,1773.5668017881,1773.5668017881,1773.5668017881,1,1,0,0,1,319616.40849459,0,0,0,2332.9736908162,574.373617056207,4170.66789294766,14545.9809019516
FT1159,508.349272306924,508.33223908241,508.349302713432,3008.52287269404,2981.78937633431,3071.08828034096,4,1,1,0,1,140637.363921141,658001.349557289,0,0,0,0,0,0
FT1160,508.341149943939,508.341149943939,508.341149943939,3139.76773779152,3139.76773779152,3139.76773779152,1,1,0,0,1,1247420.44291992,7322.61864806091,12478.1713496217,4548.15355679285,0,5579.53950154314,0,5320.03859238458
FT1161,508.445484391224,508.445484391224,508.445484391224,3000.5576561714,3000.5576561714,3000.5576561714,1,1,0,0,1,624640.3517947,15004.5854041436,33111.4534299627,12129.6802119274,1937.86656968115,7847.98079954198,5302.92738650002,17895.0383547203
FT1162,509.018034486695,509.018021598936,509.018047374453,1082.24109361986,1082.10964227906,1082.37254496067,2,0,1,1,1,31583.6104401255,303362.399673295,82608.8543242186,154928.777715118,63476.691666331,80465.4129633349,63453.6657986283,30552.8515908731
FT1163,509.128374560883,509.128223301646,509.12847632059,105.842740516997,68.8390065505995,111.25503139793,8,0,1,6,1,189043.550128796,1275605.08294015,1499784.6367781,1400004.05205228,1821586.34689453,1062487.79986102,1186015.29611927,1535244.19711994
FT1164,509.151618084367,509.151615460753,509.151620707982,346.565882462615,336.774989520353,356.356775404877,2,0,1,1,1,54365.811991276,264479.586633738,54690.4824006257,87404.7993525993,127310.746493892,1709664.33640254,138163.898902361,138191.620369607
FT1165,509.109425588403,509.109425588403,509.109425588403,985.792965785191,985.792965785191,985.792965785191,1,0,1,0,1,78675.5146464889,1495836.25973437,789521.218790777,764432.577648521,914627.553368236,770273.51398769,537032.787938923,523434.273231496
FT1166,509.109484733335,509.109484733335,509.109484733335,760.803531371863,760.803531371863,760.803531371863,1,1,0,0,1,464202.198809758,117345.047106759,107336.507115219,84730.1787040951,112967.388068598,116992.955373314,105613.603121911,126718.487856697
FT1167,509.109373374681,509.072992852302,509.166802719465,1154.60960008709,1102.33871962176,1247.35920122518,11,0,1,5,1,123128.644142547,3695732.32570801,150664.596416016,1594679.05669922,2208034.44140625,1808109.26661499,482995.489300274,1694426.6538551
FT1168,509.312333943525,509.312298736516,509.312354780874,2346.57910399342,2339.09565540427,2378.45479495,3,1,0,0,1,520642.165890997,71527.1677143948,93995.4986134463,93699.9118023799,100204.473782266,105156.520668472,100035.482682215,100722.028775619
FT1169,509.348705960492,509.348705960492,509.348705960492,2694.83192160282,2694.83192160282,2694.83192160282,1,1,0,0,1,180241.150841346,42824.0013410319,75212.3926333949,50868.1693365087,39959.2973414155,49662.5380903738,47235.8497650185,54888.4694144352
FT1170,509.344456840449,509.344456840449,509.344456840449,3137.89222216843,3137.89222216843,3137.89222216843,1,1,0,0,1,237871.259452015,1800.572131081,1641.6389631057,571.123386518551,0,1106.30617479281,2033.53848784756,1914.3853201581
FT1171,509.348647326586,509.348647326586,509.348647326586,2872.84306545271,2872.84306545271,2872.84306545271,1,1,0,0,1,242613.039494445,19593.9272819323,54140.7658586843,39203.8886799472,21522.5349195673,39292.3685343792,25680.9068981816,36678.3313483483
FT1172,509.64856108429,509.64856108429,509.64856108429,139.115394241513,139.115394241513,139.115394241513,1,1,0,0,1,108635.866047363,0,0,0,0,25874.9271754705,0,0
FT1173,510.112662786143,510.112657403504,510.112668168782,1256.61665130332,1251.32470700846,1261.90859559818,2,0,1,0,1,26364.3056507835,788536.52028181,399623.871262585,430585.604711998,469699.037698953,355703.459643527,354694.455225047,445298.614095891
FT1174,511.125217846851,510.944239612171,511.125281769547,106.848170622376,70.0220095180855,114.961458677241,7,1,0,5,1,1128347.08859749,424129.409958703,464024.098999621,343439.597730982,577862.931807211,576143.04173215,565950.280595957,471720.860141218
FT1175,511.124876013997,511.124876013997,511.124876013997,730.870615961877,730.870615961877,730.870615961877,1,0,1,0,1,409534.990955318,1774315.69167949,1186769.70152599,877861.604134043,1137705.20419142,1086615.41637062,808942.771577611,923627.598501485
FT1176,511.15716179006,511.15716179006,511.15716179006,615.654204390133,615.654204390133,615.654204390133,1,0,1,0,1,21330.1730020808,100345.655079223,49510.6094609985,67792.8103554464,4198.50981521883,59119.9032113812,0,0
FT1177,511.124885711784,511.124885711784,511.124885711784,878.417712602504,878.417712602504,878.417712602504,1,0,1,0,1,222395.214856684,1588318.67544506,1151093.44202968,922801.575204843,1194607.69092514,976544.335168817,989800.233958328,1203648.50001354
FT1178,511.195383085683,511.19526887873,511.195625910746,2085.94692552917,2084.75527926491,2086.93514476407,4,0,0,4,1,145196.362269326,128174.297416424,192099.500881156,278815.077099393,617472.391473867,655764.566959406,476242.981836308,423443.753150402
FT1179,511.473673203797,511.473570499377,511.473775424487,3088.83029814572,3085.2633861569,3090.20475102095,8,1,1,6,1,13832539.3441036,309318.505057434,1562073.25917429,907625.758210019,1072103.50608724,1306959.61265625,1232254.45127157,1421675.46750081
FT1180,512.211340096024,512.175283435118,512.21136301434,153.745005955097,100.898979861705,155.299431878404,7,1,1,4,1,383220.894851942,377710.037768099,327271.575799386,230777.17200586,325633.522920185,205876.935669601,103378.77662779,147372.888732829
FT1181,512.476933167195,512.476868449195,512.477030866509,3088.73657183898,3085.2633861569,3089.93624191384,7,1,0,6,1,4800164.14872651,131995.061012789,561654.774132193,311060.437696943,326370.250124162,446407.995537109,413447.711854979,503611.382499562
FT1182,512.65252484218,512.65252484218,512.65252484218,154.923384779972,154.923384779972,154.923384779972,1,1,0,0,1,592563.253314128,0,1900.61234181968,0,0,1620.20949175392,0,0
FT1183,513.119976966741,513.018640499947,513.146470119664,106.107586524093,64.872470984916,207.777783177371,10,1,0,3,1,2189972.51954165,153251.370311129,201281.851221869,1524404.94350296,697172.423388541,229470.291680442,132821.476184604,112848.875750353
FT1184,513.182773131936,513.182752998052,513.182807002382,663.30470796509,662.85159718648,663.677777646756,6,0,1,5,1,99425.3775417527,323842.453256316,406832.474231271,446022.591403841,640561.875313164,449620.075065104,643671.397610931,766776.967036078
FT1185,513.268530960827,513.21924252157,513.268670058394,1708.68251646801,1703.29673089831,1753.40372299419,6,0,1,4,1,0,333538.663928225,661696.161344148,346790.331359519,189137.896860352,138507.007633462,45004.9014925711,158928.630883788
FT1186,513.146394180697,513.088849237652,513.182813602517,937.798329819829,871.063833031665,966.717813389417,3,1,1,1,1,559766.879554688,148670.901365051,95876.3825456979,143782.459261394,96111.2296087613,271411.123529541,188625.797808871,155549.411567767
FT1187,513.253247750396,513.253247750396,513.253247750396,2032.75488899355,2032.75488899355,2032.75488899355,1,1,0,0,1,8036745.6104548,8363.30976006494,7725.67815635168,8355.80453207486,25066.8618813168,49360.7130434363,53451.9319974665,10799.6102826954
FT1188,513.301847638555,513.19886149255,513.310990312673,1100.68639503986,1083.34394343306,1113.726695171,4,1,0,1,1,189336.080652466,0,0,0,0,89242.3062128905,0,0
FT1189,513.365008446864,513.358206300644,513.38259481881,1243.14206148653,1231.46506625908,1256.50683002221,3,1,0,0,1,232654.53173227,5065.48074379007,2827.24421782513,0,0,6766.73123545409,0,89351.8553306196
FT1190,513.38017126293,513.38017126293,513.38017126293,3118.38425288632,3118.38425288632,3118.38425288632,1,1,0,0,1,328084.748405765,9831.98797108294,49811.5017780111,43063.9114700795,40095.443084007,38970.2900947669,33072.7565791072,45938.7949110247
FT1191,513.452791476677,513.452761959229,513.452821235217,3377.25741899932,3371.43038631732,3380.73350280136,4,1,0,3,1,1124020.19986347,121757.904797976,911210.97530428,466487.46798706,230217.107037334,271832.878815105,405705.174084421,572980.565752641
FT1192,513.401592981358,513.399574817201,513.481098154718,1380.54947599597,1319.33635304158,1403.80754365253,4,1,0,1,1,316874.021358031,4036.26872846449,0,9250.86855540482,0,7184.90927839504,90108.8416308599,4881.30214731793
FT1193,513.428263238305,513.428263238305,513.428263238305,1494.26670913818,1494.26670913818,1494.26670913818,1,1,0,0,1,146603.38034253,3157.25838944963,0,0,0,0,39373.9095470412,5778.41034894876
FT1194,513.479355054766,513.479355054766,513.479355054766,3085.2633861569,3085.2633861569,3085.2633861569,1,1,0,0,1,881998.098170197,16189.7582137544,95369.573684134,54044.3128464869,62629.0839874756,73985.5746184286,56833.8598151602,66281.4826721913
FT1195,513.701704635655,513.701704635655,513.701704635655,64.872470984916,64.872470984916,64.872470984916,1,1,0,0,1,180178.336642033,10897.422397381,0,8023.60529525376,0,11448.1834695557,160075.174952903,0
FT1196,514.183538239335,514.183538239335,514.183538239335,1563.41729398337,1563.41729398337,1563.41729398337,1,1,0,0,1,122709.253333333,0,5987.22830133312,3293.71414068043,10241.7895746386,0,14596.3084221473,5097.5672945419
FT1197,514.259118001711,514.259118001711,514.259118001711,2034.29344635177,2034.29344635177,2034.29344635177,1,1,0,0,1,1149467.50328124,0,0,0,0,0,0,0
FT1198,514.456088753053,514.456081346727,514.456096159378,3376.0437028116,3373.77090271106,3378.31650291214,2,1,0,1,1,187678.59711182,37163.0603438059,298520.899772006,161940.519445593,68195.6351907301,85389.6207568819,123599.477172676,182866.51928121
FT1199,515.125790702093,515.125721515514,515.125883921302,108.62680311266,79.6986581639008,249.758802012993,19,0,1,6,1,156050.584989854,4814566.92751124,2652830.62312235,3106142.82850691,4155627.77539266,2097195.0337627,3867805.90011665,8393282.94911281
FT1200,515.141010975529,515.117514108429,515.141107738509,738.179677382785,736.370820477878,745.74594799472,8,1,1,5,1,5143821.84929365,19208351.1027085,364379.957299805,574623.492227051,359079.803565571,1787286.99342414,626781.522892253,646322.911655708
FT1201,515.141083409534,515.141064652851,515.145616923929,865.141796521121,838.612866221511,896.602492818024,4,1,1,1,1,1733830.47039583,4223545.8057666,207418.860765298,308207.85863381,283988.195054071,1665157.2933202,388760.478200782,295497.764631336
FT1202,515.140960069947,515.140960069947,515.140960069947,602.485074476566,602.485074476566,602.485074476566,1,0,1,0,1,105397.468267401,1208875.38350516,69820.8945884532,79513.488058615,95327.8762575889,107940.094182682,94770.8026556124,76577.8778246784
FT1203,515.21407170189,515.213887322447,515.288044009851,2270.30532972179,2268.32023036672,2376.82065155426,8,1,0,6,1,76347.8815781253,48448.0752630288,347130.798339844,907405.582296272,1459006.07070521,814044.230170984,1540980.40476329,1357138.61621093
FT1204,515.15634763292,515.098750676305,515.214106283646,1749.03185609615,1741.12190601944,1766.76924535777,3,1,0,1,1,1262506.40484977,21394.4123449662,93624.9359557281,66850.5505852017,71442.4995194771,568812.610569825,60522.4901355215,54421.5489596837
FT1205,515.180444552159,515.125792096352,515.235097007966,1652.4561941161,1644.19529040574,1660.71709782647,2,0,1,1,1,10025.3631985005,92003.0247500004,0,2432.08355810741,0,237643.668628305,0,0
FT1206,515.245740266587,515.245740266587,515.245740266587,3133.58875890455,3133.58875890455,3133.58875890455,1,1,0,0,1,385771.066686251,0,9717.3349838217,967.472268748942,0,0,0,0
FT1207,515.175126736301,515.175126736301,515.175126736301,1912.60529869987,1912.60529869987,1912.60529869987,1,0,1,0,1,4472.91812652676,144884.267973634,57505.3219530085,59919.9959275947,141331.334050007,54512.1810674946,66642.9523631055,48475.652842093
FT1208,515.192789155176,515.192789155176,515.192789155176,1049.17479607524,1049.17479607524,1049.17479607524,1,0,1,0,1,33507.0389884414,686928.789508703,77537.5677946484,230331.071887337,168658.653912257,289655.550914412,230598.622291948,639820.928009283
FT1209,515.235070257821,515.235070257821,515.235070257821,1157.50844145832,1157.50844145832,1157.50844145832,1,1,0,0,1,241204.307175292,0,0,0,0,135386.725395011,580.050865474554,0
FT1210,516.144417729093,516.144400326856,516.14450249869,738.391359833661,736.370820477878,743.043139863366,3,1,1,1,1,1210750.28801096,4620778.52573644,85629.6921399971,126709.216053637,70718.5471128074,354329.569236653,147431.345903516,137774.637188303
FT1211,516.144460550601,516.144458764334,516.144462336869,852.218928597712,838.612866221511,865.824990973912,2,1,1,0,1,426135.071417784,878818.75684404,35052.0608821699,71191.1098411975,48842.0617750181,128226.032290158,88675.1103499476,65063.4472025794
FT1212,516.159720374492,516.159720374492,516.159720374492,1749.03185609615,1749.03185609615,1749.03185609615,1,1,0,0,1,297109.513022461,0,2705.95689767837,4873.67328303556,5764.12399361235,0,0,3601.60008208281
FT1213,516.197673527783,516.196086637859,516.199260417708,1031.157295215,1013.13979435476,1049.17479607524,2,1,1,0,1,180099.309729883,144288.462448241,0,0,0,0,2106.13440387264,0
FT1214,516.199220156441,516.199220156441,516.199220156441,1153.85406293706,1153.85406293706,1153.85406293706,1,1,0,0,1,438457.270963792,0,0,0,0,0,0,4501.14913709626
FT1215,516.818701681948,516.700603390049,516.818702774588,57.6297104275098,57.2622877858717,63.5275686712354,3,1,0,2,1,141785.688251519,0,490455.674176875,467113.6831,73962.8657869524,119269.378189141,97193.0954553955,112925.998563833
FT1216,517.141494716557,517.141379135274,517.141672676134,107.321617575366,54.0751861950189,180.470371754513,19,1,1,5,1,593751.491859145,2124057.63999908,1643696.75712273,1324302.16322168,3216520.58478609,2474321.99871445,2255528.40203355,2681946.35975273
FT1217,517.156799344364,517.099202361361,517.156834166234,1160.65002295098,1110.72147975254,1217.37901311032,6,1,1,2,1,564200.978094949,735677.955583039,18864.9369239083,13529.317934425,851322.350874022,4267532.22971875,39161.5605476857,26764.3408875199
FT1218,517.15679706432,517.135684187479,517.156814551909,1343.56515430708,1323.92649300977,1381.59683643496,3,1,1,1,1,2218127.56845832,238385.945108171,13672.7858392212,11968.895474075,19271.6263561183,2533362.14879487,6848.22835463405,9978.41300129581
FT1219,517.133548416716,517.120460215559,517.146636617872,751.975867026504,736.370820477878,767.580913575131,2,1,1,0,1,297928.298048263,957195.779301865,1571.18097594894,0,0,0,2519.69502180301,0
FT1220,517.1163435548,517.075787295235,517.156899814365,951.086782902928,920.976137939203,981.197427866653,2,1,0,0,1,854566.013341276,2064.58732855564,0,0,0,1882.49782436832,0,3765.57404309244
FT1221,517.317394432685,517.281052669527,517.317537976781,2339.81622777433,2248.9653148289,2448.30601762737,25,1,1,4,1,798171.246544482,339239.653847654,998721.427472907,354639.768995028,408546.265869141,496020.082148486,856597.859761844,417700.349004287
FT1222,517.177802294049,517.177802294049,517.177802294049,1083.34394343306,1083.34394343306,1083.34394343306,1,1,0,0,1,831566.001893718,7261.65589763174,3273.94165734951,0,2902.73496393843,5117.83334948787,9989.96986105793,2841.92469854456
FT1223,517.370905907295,517.353739865054,517.424140246738,3012.97588448991,2889.88416587642,3023.86936450815,5,1,0,3,1,361226.550418944,33986.1795325023,247165.903059894,39092.632169391,92972.2436132795,237830.584813129,48089.7988829657,60379.590217072
FT1224,517.667213165973,517.667026309982,517.667400021963,154.799550212125,154.675715644278,154.923384779972,2,1,0,1,1,757517.948810486,0,0,6868.73193317533,0,891412.052196533,2229.94859815822,0
FT1225,518.10711277739,518.081498695026,518.160124765378,1323.92649300977,1319.33635304158,1341.69110389128,3,1,0,1,1,358429.221102857,4519.28036634984,8063.35113590174,0,0,484953.130981447,5878.19916063744,0
FT1226,518.160193968478,518.160193968478,518.160193968478,920.976137939203,920.976137939203,920.976137939203,1,1,0,0,1,151069.58069043,25703.1012296183,4612.28371216984,10376.5869214776,12130.4962639951,46438.7073501969,1517.31933255371,20406.8431230218
FT1227,518.370180316233,518.370129055362,518.370301949995,2939.77975408821,2909.00259262247,2943.66481228406,9,1,1,6,1,2354518.84851561,150032.842800496,631365.043713192,371540.306652271,216683.712379357,411834.308333645,196495.766280986,336390.07507071
FT1228,518.327236603655,518.327236603655,518.327236603655,2766.26944029169,2766.26944029169,2766.26944029169,1,1,0,0,1,218721.532056882,4610.25414283884,9992.72266991245,2585.32517956676,0,746.733604056921,4398.12274178294,1006.26534160445
FT1229,519.114754166361,519.11207634561,519.116074406845,1207.070984309,1203.4423637471,1325.109791099,12,1,1,6,1,441332641.500435,29664667.7890948,29764899.2233596,38496968.81859,8858145.4320313,36644057.5831822,4810618.828125,1062251.58107055
FT1230,519.157149524503,519.157078802284,519.157323123359,111.25503139793,64.9910957035902,196.352944466116,13,0,1,6,1,321916.381736365,4059736.48786883,2320432.59339314,2653443.42332904,3400908.47850714,2991354.18806232,4374054.99203422,4763379.41789392
FT1231,519.114962061217,519.11490580817,519.136127538271,1127.6064119457,1103.77203697556,1129.45334252605,6,1,1,4,1,13468626.4376448,2541683.57565104,1879793.71652152,2331826.28458382,1035853.57625976,1943424.29902344,889717.873773432,686471.173312173
FT1232,519.114985953738,519.114939098295,519.115077030395,959.188450851025,889.726399442457,961.723069536814,6,1,1,2,1,3225525.27903125,986701.954707097,563807.092585692,819834.891944359,534541.917455877,463007.721715564,342167.112499405,253897.961037134
FT1233,519.114983192951,519.093890564309,519.136075821593,791.359039318953,788.758904686103,793.959173951802,2,1,0,1,1,1297415.87180019,130093.689005542,110565.889059185,96018.4668327933,120704.543910918,1614463.19526328,118791.105458866,135703.247839957
FT1234,519.172475505114,519.114993736017,519.173716193493,1445.26636220748,1383.90848921413,1482.73452894378,4,1,0,1,1,2239114.02868279,2946.61996096818,3678.81526209817,0,4474.13291738364,1594274.38358817,0,0
FT1235,519.296647725822,519.236786555376,519.333090863228,2290.0819629548,2083.22502119502,2474.89689148881,64,1,1,4,1,829135.257815101,539807.20453074,511424.786022461,471796.231774083,1055542.76342414,469038.158167241,487141.103768247,878004.466999781
FT1236,519.373636559889,519.373636559889,519.373636559889,2909.00259262247,2909.00259262247,2909.00259262247,1,1,0,0,1,656660.080151362,5748.23920361754,21449.4827018988,14633.5680874859,8222.39945949058,13428.0222563446,1801.66255527322,9513.12946535994
FT1237,519.405781970963,519.405781970963,519.405781970963,2839.71235315636,2839.71235315636,2839.71235315636,1,1,0,0,1,260415.741780274,0,0,0,0,0,0,0
FT1238,519.623420793096,519.623420793096,519.623420793096,1204.24005922949,1204.24005922949,1204.24005922949,1,1,0,0,1,5091317.53803363,2231.98394692463,0,4210.39137779015,0,6373.17304998357,3938.30328371987,0
FT1239,520.118187386565,520.117794826928,520.121668862334,1206.48807746595,1203.4423637471,1208.56478080046,9,1,1,6,1,119206635.268973,7346181.60518974,7625696.53867193,9667580.09871786,2227901.05236818,9068288.17503644,1225699.81394112,217089.290605655
FT1240,520.118237573564,520.118237573564,520.118237573564,961.723069536814,961.723069536814,961.723069536814,1,1,0,0,1,819930.126582384,215385.708545306,120947.050727231,207039.117668239,104818.430829628,93944.5653991221,45226.8853692984,33868.7264299709
FT1241,520.160491642309,520.160491642309,520.160491642309,111.597925043679,111.597925043679,111.597925043679,1,0,1,0,1,25523.1133436171,735880.444503202,376129.505685257,396353.854030846,585515.174242024,357824.476513503,538830.671335146,571589.528013076
FT1242,520.240189626295,520.240189626295,520.240189626295,2305.4870674211,2305.4870674211,2305.4870674211,1,1,0,0,1,135755.543647458,0,0,0,0,0,3831.93741393385,1754.5516828631
FT1243,520.266041788413,520.266041788413,520.266041788413,2932.42531459677,2932.42531459677,2932.42531459677,1,1,0,0,1,725864.898852545,15743.1304249521,32411.4657753625,26850.0336651394,15425.2346516211,35943.8707096957,5224.14631971164,17833.1288753953
FT1244,520.364311198516,520.342823951275,520.385798445758,2863.56671710517,2845.15096312845,2881.98247108189,2,1,0,1,1,4617820.21639787,0,0,1124.87828484005,0,799.217246231967,354308.055611859,0
FT1245,520.62578440373,520.62578440373,520.62578440373,1204.24005922949,1204.24005922949,1204.24005922949,1,1,0,0,1,554293.498283978,0,0,0,6993.08536239499,0,0,0
FT1246,521.128403798324,521.128298165199,521.128449630762,126.526674882201,115.678358360739,127.563908287464,7,1,0,6,1,572460.146162109,161191.890345935,1625431.92995943,1749149.11809123,1743198.53827539,700090.82358431,2173482.71514286,2308971.71365505
FT1247,521.120447438382,521.120351264952,521.151666385827,1206.48807746595,1203.4423637471,1265.09947173254,7,1,1,4,1,24313591.8182569,1462398.57693918,1500164.97426759,1928281.64223346,348765.174261476,1839882.8261582,8826.18959862494,0
FT1248,521.073106758351,521.073022129096,521.116746157407,1379.23209300241,1307.7479381243,1443.89881016089,7,0,1,3,1,53968.2850866849,4145221.82296834,2259020.42002654,2146120.01742586,3093184.27147125,530775.789483971,1675292.43221753,1744870.26806641
FT1249,521.099993488985,521.097692074992,521.102294902979,929.224651236679,919.009401778262,939.439900695095,2,1,0,0,1,675961.074411071,0,0,0,2660.94893152107,0,0,6032.39010709685
FT1250,521.130634929183,521.130634929183,521.130634929183,639.689382457461,639.689382457461,639.689382457461,1,1,0,0,1,379638.750217188,19715.481809942,31314.3290841429,16235.0356229854,34591.10434228,26903.1543700087,19725.7670339144,7679.7388464915
FT1251,521.312315885335,521.252443201346,521.312460196873,2373.48572680345,2293.11552936624,2452.18989336254,17,1,0,3,1,4377104.16628417,469589.102255204,536994.120948197,493447.593501413,311581.618701166,564417.880609842,1286362.77622703,621783.458670246
FT1252,521.312308829532,521.312273834175,521.312408016395,2504.08660619908,2484.90038518662,2536.07751031312,8,0,0,3,1,780648.271259001,301643.725793833,408108.981694946,375409.255327486,361887.100895572,384767.626089477,379698.627149935,641131.463275236
FT1253,521.353848496398,521.346206964732,521.361490028064,2860.84741211912,2839.71235315636,2881.98247108189,2,1,0,0,1,2665124.05670797,1083.444465031,0,0,0,0,1390.6282860986,0
FT1254,521.191280480359,521.191280480359,521.191280480359,1167.91800051991,1167.91800051991,1167.91800051991,1,1,0,0,1,146151.553779742,0,0,0,0,0,0,7804.27000140991
FT1255,522.123163387887,522.122522079283,522.123804696491,1204.35097041828,1204.24005922949,1204.46188160706,2,1,1,0,1,3700718.25884278,114598.460878907,70834.7227686774,37205.5350107204,5306.28495288328,129299.230175289,0,0
FT1256,522.144386480508,522.144386480508,522.144386480508,1302.37030119124,1302.37030119124,1302.37030119124,1,1,0,0,1,200653.348424481,4765.56231614185,2565.76538062082,4066.26043523136,0,6346.09487981994,4420.37255592283,0
FT1257,522.209733807999,522.209733807999,522.209733807999,1081.33836340209,1081.33836340209,1081.33836340209,1,1,0,0,1,276073.260779623,2805.0509069461,2750.22043087965,0,0,0,0,12158.0445345239
FT1258,522.255826658412,522.255826658412,522.255826658412,2452.18989336254,2452.18989336254,2452.18989336254,1,1,0,0,1,1164552.32238769,3628.36545897579,33625.3013672677,14271.0958183471,2938.33363673651,24593.0046001025,7694.55071369238,2627.79116288485
FT1259,522.184611389554,522.184611389554,522.184611389554,799.281176835312,799.281176835312,799.281176835312,1,1,0,0,1,502305.030264729,0,8322.39364225782,1998.02268835683,1568.24514894911,0,0,0
FT1260,522.354662731681,522.344439187739,522.364886275623,2860.84741211912,2839.71235315636,2881.98247108189,2,1,0,0,1,890062.12571241,0,517.147535998034,1099.57195342984,3459.94398838258,1137.17972329162,6315.85236967902,1256.18361851601
FT1261,523.088753379641,523.088674945597,523.125932606289,1268.08070904248,1178.80365892776,1386.5540027864,17,1,1,2,1,237630.549193894,1354560.82717654,638291.584438476,542611.685732167,704324.164097446,573289.529267913,379834.107283062,1386958.25125
FT1262,523.128186067597,522.959332812633,523.130989354744,154.354397835781,71.4926736122435,185.625276906691,12,1,0,6,1,423580.102612748,3323.46322868746,1852054.20108939,2972399.44129748,3776109.56250296,1250771.52019043,4046837.00421761,3734690.09724165
FT1263,523.12510089813,523.125077333821,523.12512446244,1080.87554602698,1079.6414497749,1082.10964227906,2,1,0,1,1,2102930.04775577,481740.548471531,733377.954958142,601715.870449674,456280.358435126,424801.218509516,508180.857083147,544264.261731795
FT1264,523.258603598631,523.258603598631,523.258603598631,2643.69805870182,2643.69805870182,2643.69805870182,1,1,0,0,1,588582.79141165,4302.19674186266,0,1835.75980975339,1920.81444901989,2622.3873087961,13623.606252477,32720.6008195209
FT1265,523.268072828134,523.268072828134,523.268072828134,2546.11897560641,2546.11897560641,2546.11897560641,1,1,0,0,1,699930.001461599,47366.4910821116,106494.704472987,84919.427708508,65724.6339792094,155114.259537801,81921.9012567453,82604.3381848003
FT1266,523.340900674586,523.340835768708,523.364326795943,3023.86936450815,3023.4346279296,3062.00283356915,3,1,0,2,1,371664.609487912,52352.9213349711,63335.8453906492,63017.7965957274,118775.203637693,250931.191138394,51578.9728575239,81175.3747666519
FT1267,523.368208726799,523.368208726799,523.368208726799,2839.71235315636,2839.71235315636,2839.71235315636,1,1,0,0,1,112980.023126086,0,0,0,0,0,0,0
FT1268,523.473573449051,523.473573449051,523.473573449051,3074.64851542181,3074.64851542181,3074.64851542181,1,1,0,0,1,128306.50274414,1366.08682762847,16335.2124612514,3128.02633887636,19562.9743384185,11205.8331421766,12050.0371701338,16947.7617926787
FT1269,524.128454295672,524.128415265407,524.128533462085,1082.10964227906,1079.6414497749,1084.22904685438,3,1,0,2,1,548757.383925779,115467.193708275,115137.318049316,147909.639542624,98801.2502695995,95408.6709935545,92755.7761295586,119121.542077394
FT1270,524.134284038625,524.103991661333,524.134289283776,187.760635207405,181.943156533713,204.387297391334,3,1,0,2,1,414343.106884536,202931.450863862,390689.310926932,645612.560572546,796360.339901875,408527.870249693,796493.219361328,551697.143315247
FT1271,524.271475596915,524.271475596915,524.271475596915,2546.11897560641,2546.11897560641,2546.11897560641,1,1,0,0,1,166835.402773437,5902.01791231326,15213.9816125584,8217.69594730557,13077.0727623011,24596.2916300518,14575.1406622657,7034.14674601564
FT1272,524.674047827875,524.674047827875,524.674047827875,905.003015808359,905.003015808359,905.003015808359,1,1,0,0,1,293271.410696644,0,2369.1173613089,0,0,0,0,0
FT1273,525.105440205445,525.10432933751,525.161922283794,1113.80365630629,1007.38052831803,1288.27459201152,25,0,1,5,1,305104.46541923,3414904.0252224,862687.456132884,979944.324580965,2070340.85904032,1131506.38018066,1109872.38903809,1243824.89863282
FT1274,525.169934871228,525.169934871228,525.169934871228,878.103230284113,878.103230284113,878.103230284113,1,1,0,0,1,253556.116063191,2249.30312579895,3607.31958132599,0,0,0,0,0
FT1275,525.102369818913,525.102369818913,525.102369818913,1534.39823530094,1534.39823530094,1534.39823530094,1,1,0,0,1,1134487.6586356,26624.3052989757,42486.8005606795,31673.2850693176,7359.28149063611,47010.6251920284,6053.72581795175,7095.56601631421
FT1276,525.104338440364,525.104338440364,525.104338440364,702.998337081699,702.998337081699,702.998337081699,1,0,1,0,1,99385.1495741355,990258.676846219,500207.006162773,435124.144015327,558827.933181435,656287.881756484,304586.896423307,319826.434539249
FT1277,525.177211638818,525.177105021605,525.255881044326,1831.42558455207,1812.27268640653,1834.9033069471,6,0,1,5,1,42763.9698349097,369158.228188854,196920.312940443,273881.137163948,220921.871033382,6499968.69869585,308092.025854142,231036.603992746
FT1278,525.191721506722,525.191721506722,525.191721506722,1444.49845861219,1444.49845861219,1444.49845861219,1,1,0,0,1,128077.587780762,0,0,0,0,0,0,0
FT1279,526.133318256414,526.133296144328,526.133340368501,992.13420115938,991.571256272013,992.697146046748,2,0,1,1,1,42218.8218740806,676109.892093603,433843.21074002,358479.297853346,257461.839048605,293137.831535716,374863.984362293,277069.800458079
FT1280,526.33366712944,526.315555265119,526.351778993762,2987.45194585888,2961.92800722784,3012.97588448991,2,1,0,0,1,1185817.86560825,0,479.469072839866,0,0,1251.33626766203,0,0
FT1281,526.315494828113,526.315494828113,526.315494828113,2859.29721450423,2859.29721450423,2859.29721450423,1,1,0,0,1,491139.095917964,16599.8691367858,3520.90525759732,15756.591289599,13451.6881075678,8238.2975599296,4091.33272943597,7118.53229283659
FT1282,526.739778922876,526.739778922876,526.739778922876,61.4423887790096,61.4423887790096,61.4423887790096,1,1,0,0,1,518045.326858155,8243.82352883416,57991.1664868173,46477.5315087425,16217.2383746329,97792.9820418581,28931.6749175736,33528.8411685638
FT1283,526.92036495745,526.92036495745,526.92036495745,64.872470984916,64.872470984916,64.872470984916,1,1,0,0,1,353971.146240801,0,0,0,3887.333687637,22522.9442457403,5416.44938365224,0
FT1284,527.119993280488,527.11994686805,527.120042830285,855.905430822477,853.703936825789,886.324897813677,4,0,1,2,1,286615.351703011,2232018.07300488,870957.010883414,944856.855761053,946808.276392727,903001.084950402,645583.226929647,633326.488569295
FT1285,527.119982353845,527.051248758243,527.120165387939,1064.61902390469,1000.53054816933,1160.87425596653,14,1,1,4,1,944885.994741213,1833180.50809188,1056212.14514283,1717526.85437526,1676658.69091309,1229062.67032888,972454.653111577,1152187.60543655
FT1286,527.198567125607,527.198567125607,527.198567125607,508.530629744393,508.530629744393,508.530629744393,1,0,1,0,1,17197.2104573692,333547.168482917,147076.738175223,138312.633921862,251680.163229144,176214.933828288,228357.352979699,309092.147645206
FT1287,527.198679896993,527.198571078595,527.247513872693,904.773346306789,902.029646710828,948.812667188254,11,0,1,6,1,40382.4784153869,404722.253979493,507542.543492513,574428.700815627,808994.798731848,509499.435890746,907620.437143123,1233412.83370634
FT1288,527.381808439606,527.355133210781,527.408483668432,2988.93894213413,2964.90199977835,3012.97588448991,2,1,0,0,1,413476.202308875,0,0,0,0,2682.10856003631,0,0
FT1289,527.34533369962,527.34533369962,527.34533369962,1341.69110389128,1341.69110389128,1341.69110389128,1,1,0,0,1,299508.384838866,0,7486.63578345058,0,21099.0097441586,33318.2874371513,0,12250.041464709
FT1290,527.4138215508,527.39561774507,527.432025356529,3135.90691591656,3126.02955084685,3145.78428098626,2,1,0,1,1,682797.39660286,0,150854.646106769,0,1054.5574724133,0,0,583.226500637542
FT1291,528.065829108233,528.065829108233,528.065829108233,107.149739077254,107.149739077254,107.149739077254,1,1,0,0,1,246297.29139084,0,0,0,0,0,0,0
FT1292,528.399004156868,528.399004156868,528.399004156868,3145.78428098626,3145.78428098626,3145.78428098626,1,1,0,0,1,178153.18755446,1311.85605178386,13160.6717276988,9177.14761934474,3269.16995052383,8269.75561805496,6246.96929080919,14287.3651038001
FT1293,529.135626499272,529.13556210147,529.135718828349,914.041527192251,913.547161839743,919.009401778262,6,1,1,4,1,127275.251299386,1401850.29981591,717286.804310095,650660.261319221,1082515.66429694,799379.407769044,498881.189967258,516556.394447088
FT1294,529.141514696902,529.141454422125,529.141594669667,116.49148965436,116.16647887391,118.958031157696,4,0,1,3,1,63471.6715245712,519177.311913672,594787.222638324,743545.50454721,999502.519856955,574919.173210031,785557.785887013,950562.006653134
FT1295,529.177915051161,529.177894104802,529.177954927451,503.831968176152,502.394489589217,506.247622350595,7,0,1,6,1,313249.475194124,573546.758906251,434416.446235323,428742.38596969,634346.294813997,517586.346446699,411080.910094367,480952.613470625
FT1296,529.214379216005,529.214300682713,529.214529652764,1605.56185365632,1601.66890089906,1609.20034667171,5,1,1,3,1,400096.96103906,2498229.84038447,975677.077192442,1239243.52855724,743718.705035642,3031013.04121267,513544.427346373,418813.2150692
FT1297,529.229666830388,529.229633360193,529.229778069983,2357.84941033455,2357.1332194392,2359.06314914181,5,0,0,5,1,4895.7772728122,11496.8100292047,117225.968040018,271374.132765237,427436.893553473,306060.976448571,396437.400829515,359546.135510817
FT1298,529.164523873813,529.135813089888,529.193234657737,1698.66298241006,1686.52339484575,1710.80256997437,2,1,0,1,1,1656913.20707811,0,2841.47403001487,0,4281.83567089048,443685.947726563,0,0
FT1299,529.305737134275,529.305639906316,529.305921569654,2860.07702471493,2858.37955280676,2860.92857976069,7,1,0,6,1,293693.517920859,71320.7993016565,281741.38903245,239986.185314941,263839.63169659,315380.066342996,479654.52838693,983573.688370648
FT1300,529.353893297109,529.353863933927,529.424113469741,3017.59669157882,3000.5576561714,3019.67669244329,7,1,0,6,1,1739347.42207233,166322.190359211,299376.85885268,313452.912145997,578734.603472896,847335.656835933,205969.174077148,272235.914321664
FT1301,530.129721876772,530.129721876772,530.129721876772,723.239757367278,723.239757367278,723.239757367278,1,1,0,0,1,512205.512598437,52190.3744314291,85659.0855349776,115187.256450246,30429.4569983202,53327.1450555233,23794.5429792171,27019.1920856483
FT1302,530.129754293247,530.129754293247,530.129754293247,813.428947911319,813.428947911319,813.428947911319,1,1,0,0,1,309071.328275569,44835.4128788041,70766.2595597857,107118.933246016,29178.3657111593,34151.3470916999,18177.6052053996,19890.9724677983
FT1303,530.138900290101,530.138900290101,530.138900290101,913.73201811801,913.73201811801,913.73201811801,1,0,1,0,1,10368.7571828422,337627.209422363,213608.601289543,145206.052522602,264813.017578678,211188.459223175,120986.611961197,125822.285046618
FT1304,530.217613050113,530.139169258903,530.21767957432,1609.20034667171,1604.3544016402,1686.52339484575,3,1,0,2,1,435054.697893418,390297.331793847,147848.375495724,148492.791896703,112637.291549933,562124.407274451,94007.3531652423,77953.5355392262
FT1305,530.357390594902,530.357307271569,530.427499813219,3017.36014412745,3000.5576561714,3017.56166271889,3,1,0,2,1,604616.757062713,56398.4585659496,80538.7856315282,114309.94944761,184191.987700192,257588.600177409,66524.7271023254,97358.4944165843
FT1306,531.15704406787,531.156989006565,531.157102023847,126.580334886384,115.678358360739,145.46781185445,9,1,1,6,1,724206.742608683,1094881.99528125,2353742.37489062,3617478.52190413,3969665.39019591,2284850.72200601,6118943.23291447,5436382.24967789
FT1307,531.135844842501,531.135844842501,531.135844842501,645.811258804216,645.811258804216,645.811258804216,1,0,1,0,1,195596.341976284,1142727.26786601,79782.2948764336,74953.6208578176,92403.2910214952,144591.598175258,81452.3638950775,77700.801514402
FT1308,531.281612270535,531.281595043963,531.281690154395,2622.54246265895,2620.63741546116,2657.69213936168,4,1,0,2,1,468499.289275946,9497.35987738265,57193.8522700358,65440.4168334731,163322.232003439,97937.4253654487,317312.523613768,363595.508081052
FT1309,531.369659866846,531.369553272598,531.369732627767,3262.51955987188,3253.07432813478,3265.63874659657,8,1,1,6,1,921168.394594282,820868.424125972,672780.202298063,808080.32050065,640629.906243904,1656703.39475796,327828.859709822,1237959.72792287
FT1310,531.369657956429,531.369657956429,531.369657956429,2474.123643952,2474.123643952,2474.123643952,1,1,0,0,1,480783.802895511,834.619624490108,0,0,1209.80521844636,0,0,0
FT1311,531.437800861394,531.437800861394,531.437800861394,2999.01281486738,2999.01281486738,2999.01281486738,1,1,0,0,1,1099388.28331399,60122.3829023407,11212.2909639171,5216.65087320774,502.305823681569,4493.85115355563,0,11075.5346092791
FT1312,531.427110358932,531.427030810056,531.427172161999,3243.74856316184,3243.07755878114,3245.72300128301,7,0,1,6,1,88229.8788859347,250443.94482205,485031.711463339,698736.247420476,1157220.20264648,981475.160016358,566012.133003235,1096560.67618911
FT1313,532.16038246926,532.160318153571,532.160417312888,126.749624915548,126.526674882201,127.73333752564,5,0,0,5,1,164569.753397365,203454.242779009,417240.417796875,513591.072194254,784770.622337826,434320.059309925,1162720.9697736,1254777.31825718
FT1314,532.226901567288,532.175693275695,532.27810985888,1370.28383308526,1363.23463572663,1377.33303044388,2,1,0,1,1,477912.662172154,3807.27078664023,2461.67195487427,0,0,1401764.82145951,0,2472.86616025402
FT1315,532.373057840033,532.372936521278,532.373114591395,3262.95293570445,3261.76195709871,3263.91088186285,6,0,1,5,1,184159.503916203,266064.643792113,146865.602400511,250140.907174174,149800.759891155,508843.245336754,122529.006921441,362693.885127866
FT1316,532.328561014593,532.328463834094,532.445753041473,3083.3797685551,2997.04439071845,3087.14720980321,9,1,0,5,1,289551.913949749,155063.257010465,842663.297726436,787192.302885753,856819.512736556,375504.223305459,979647.439577955,912044.309480612
FT1317,532.430581692468,532.430570014729,532.430606564353,3243.12595115575,3243.07755878114,3243.74856316184,3,0,0,3,1,30646.4779227277,102462.142548862,178792.187007386,236377.033638524,349910.575700846,307664.050782123,181563.076362867,329211.752660371
FT1318,533.092893204441,532.921837472363,533.136351229917,90.006398015062,70.0220095180855,109.322845671303,12,1,1,5,1,1090314.23269894,636744.840113672,601176.446060641,591103.423995511,770956.218824146,1677080.43165264,419544.044643399,478976.227694336
FT1319,533.159148634242,533.151545793437,533.166751475047,1280.19579626113,1251.53316675744,1308.85842576481,2,1,0,1,1,1123320.9864502,0,2327.9216592297,4626.00006788713,2615.64943572843,1371456.82648061,0,3206.78673626378
FT1320,533.151577505891,533.151577505891,533.151577505891,893.398845928087,893.398845928087,893.398845928087,1,1,0,0,1,976379.088777571,118451.974624861,26749.5858105175,59232.4571448075,42148.7220659791,242863.462016757,89290.6969653907,83007.7903363773
FT1321,533.187900330825,533.130396550965,533.188048616864,1530.98150309577,1480.40093576047,1545.53549931233,6,1,1,3,1,1555715.17541045,793992.987587316,242221.187700369,8394.58949323174,0,2806938.7351901,651859.30459961,11486.5689673663
FT1322,533.173999552728,533.094076159257,533.177996435294,1088.58816328454,1015.73594182696,1126.11187098588,5,1,0,3,1,2643544.05506875,237411.993748341,288711.934809265,206829.195595988,102596.699171404,820137.533498535,230233.212281546,178530.907080079
FT1323,533.312435225763,533.275989132627,533.348958911003,2264.68507806088,2107.20123378266,2410.21743212801,51,0,1,5,1,504845.590613574,571940.920504152,678632.447665603,1044614.5534375,892249.276485717,1205312.50894865,426454.450271482,310785.089865646
FT1324,533.22433797944,533.224291025574,533.224522091591,2061.19788236188,2058.35269493613,2062.20670144122,7,0,1,6,1,157333.600165058,679413.591027273,338841.86083891,574270.776025389,1047668.61389787,647372.608278623,679561.970535712,716747.530964538
FT1325,533.365988107984,533.365988107984,533.365988107984,2889.88416587642,2889.88416587642,2889.88416587642,1,1,0,0,1,227155.13600718,1459.45184838684,25678.6318928845,5129.62719147575,3967.24015714671,15420.4290916035,808.394409331592,13429.3932318508
FT1326,533.348893201302,533.348893201302,533.348893201302,2523.54869388531,2523.54869388531,2523.54869388531,1,1,0,0,1,1160741.90685395,567670.858438382,805252.014120624,522485.802391265,656032.216213096,635211.881909998,516909.42612558,532146.794634802
FT1327,533.455712062614,533.455619296158,533.457989184551,3088.64496246957,3047.24518919193,3089.93624191384,9,1,1,6,1,3054361.02414021,702851.007683913,2401812.17485796,1662800.27491604,1895223.07211913,2201014.24238281,2080186.76831005,2311637.00859374
FT1328,534.162517742659,534.154906031863,534.170129453456,1280.19579626113,1251.53316675744,1308.85842576481,2,1,0,1,1,190350.623364257,0,8370.54383627458,0,3318.62291223427,275643.607319901,0,5203.27687671183
FT1329,534.097506616819,534.097506616819,534.097506616819,1126.11187098588,1126.11187098588,1126.11187098588,1,1,0,0,1,136940.42748047,19335.4679266894,13576.5699832444,21493.2813418118,6744.89646159078,22420.7216924262,0,5351.96348458704
FT1330,534.227655808921,534.227641092695,534.227738407155,2061.33337241721,2059.08646401656,2062.20670144122,3,0,0,3,1,16850.9606859464,175244.906323203,79208.7926795398,130592.356284409,224792.325386963,144169.3064481,128136.866611329,185950.907831363
FT1331,534.18138869606,534.18138869606,534.18138869606,1088.58816328454,1088.58816328454,1088.58816328454,1,1,0,0,1,510978.383736747,51067.7975074126,59944.3724054932,16475.5423345524,7647.0345516156,9839.16197083226,35518.7274489884,72091.5657976844
FT1332,534.352153209164,534.352153209164,534.352153209164,2523.54869388531,2523.54869388531,2523.54869388531,1,1,0,0,1,336899.364212535,159591.739969966,256298.112380851,133498.241754973,187883.203165083,180980.358685009,142271.631817278,131505.434091483
FT1333,534.459074027356,534.458946145579,534.461358395378,3088.69076715428,3047.24518919193,3090.39963945874,10,1,1,6,1,1008154.74885071,243011.951165008,828500.99927344,555800.03967237,620964.340923733,721958.569609374,703082.452908604,757651.310998532
FT1334,535.109830963633,535.105887204434,535.146250895523,1106.33709390183,1044.75785250998,1151.81435969081,9,1,1,4,1,32954584.9804318,3215137.28950482,3426520.35586589,4498136.86610491,5513881.70242837,15375548.0472321,580611.575084677,181930.302411444
FT1335,535.152131776892,535.151985174147,535.152209343084,100.81261199539,70.8845281767576,105.556834578964,6,0,1,4,1,175552.259977378,1901024.80116736,828604.529686142,1092720.3776072,1092931.01549935,3026618.58151518,657381.399668721,586463.833196781
FT1336,535.138578777003,535.109875752857,535.167281801149,921.719204798159,908.973944353876,934.464465242442,2,1,0,1,1,501330.64526001,10109.7993052191,14370.9490479731,12980.4566202585,13083.9956254293,649961.52672165,17538.3088408567,5876.04467298589
FT1337,535.291700002538,535.231794208916,535.291736816323,2258.322156592,2206.25362417801,2330.76776976475,10,1,1,1,1,84314.5684121089,601838.922982338,323152.58365837,306823.463522685,403691.273798826,329850.108779655,359419.391249194,272145.23613079
FT1338,535.291678762626,535.29159816905,535.291894975745,2154.3295653435,2099.64048508954,2193.38026711256,8,0,1,1,1,504617.541789296,645501.674840623,255242.206317398,277829.992458284,434160.181663411,316850.176593272,251636.374435325,272416.556252417
FT1339,535.10999394823,535.109823854824,535.206999457719,1295.46072061488,1263.26799755089,1360.49937127924,7,1,1,2,1,201186.409581978,500012.912598027,37352.9621964735,33102.0304292892,1268159.67126186,4095433.36748438,72227.4748820144,48070.1551840646
FT1340,535.32805625646,535.327962965616,535.364676331092,2404.88652425281,2357.83351928805,2450.43769681044,12,0,1,3,1,736611.793843933,524050.379919217,765775.693630366,337590.633860089,694668.016423828,430517.056815289,335407.839750531,349555.401824865
FT1341,535.216197200437,535.216197200437,535.216197200437,960.196683450711,960.196683450711,960.196683450711,1,1,0,0,1,201232.039882534,0,0,0,0,0,0,6814.31598982502
FT1342,535.327995132073,535.327957923099,535.328116414801,2259.68482920865,2166.33073283259,2321.77582031323,11,0,1,1,1,514880.511505749,784796.282778829,363379.135996211,271196.907796036,357999.223388676,338510.233426949,292402.440347506,233458.103799721
FT1343,535.467962334674,535.462336154996,535.473588514351,3075.36970270407,3062.00283356915,3088.73657183898,2,1,0,1,1,146983.189042967,0,0,0,0,109565.49097005,0,2121.07894558778
FT1344,536.113293685921,536.11323976571,536.114674366902,1107.92319046753,1092.84147067307,1151.81435969081,8,1,1,4,1,8920101.47937374,790832.632778606,902266.034334273,1152246.44310582,1539022.7432905,4043323.68678571,118304.482199341,26085.2931066875
FT1345,536.094870592373,536.094642769643,536.210062452072,79.181219492274,52.4358932620187,160.62486784069,24,1,1,6,1,474775.199729004,1819394.59590043,2125920.54924772,1848578.41147715,2297476.15470829,1666535.60588768,2346743.51064784,2289779.05018083
FT1346,536.25410215634,536.25410215634,536.25410215634,2224.81747000658,2224.81747000658,2224.81747000658,1,1,0,0,1,239429.178725831,1980.65507068902,0,1951.15736946015,30033.322430318,30506.5659283521,0,2722.97371708142
FT1347,536.372501798082,536.372501798082,536.372501798082,3247.90649568669,3247.90649568669,3247.90649568669,1,1,0,0,1,1268863.20923196,22652.4282750018,50327.5486175688,21973.6370949706,12669.2059928939,25966.4340114482,11532.8511191325,20866.6947149076
FT1348,536.596388127484,536.596299805593,536.596651368574,77.2251937761839,55.0286099424029,104.870953699002,8,0,1,2,1,5431.40577317262,795857.254335397,872665.440126157,786692.954154227,977336.03971987,693315.856431254,814135.60700378,931805.818452503
FT1349,537.06314899609,537.058180638926,537.16791866144,102.080869153811,71.6721770697596,110.491630473791,9,0,1,5,1,390349.892337333,164474.340254102,653458.533249023,784637.121967371,156938.393407911,1217718.72405985,247513.999644276,101876.750863672
FT1350,537.104265411682,537.104265411682,537.104265411682,692.273468971084,692.273468971084,692.273468971084,1,1,0,0,1,3087904.8238731,89263.5323466722,265948.722282264,224363.455660018,292999.262923771,479874.884463056,341795.830996738,347325.147469459
FT1351,537.104303062823,537.104303062823,537.104303062823,820.069795428304,820.069795428304,820.069795428304,1,1,0,0,1,1000617.81218155,112348.836223313,152997.768492526,128125.029166121,187408.704301403,232708.723790334,138627.134849997,168590.816908134
FT1352,537.255767135337,537.219414876699,537.255865449617,1651.49144023777,1645.79130053295,1697.54085391612,7,0,1,5,1,30894.4843933916,359826.017463869,115297.625533854,307722.124232748,135112.337368706,907593.756403709,275197.110277965,87637.9371523434
FT1353,537.155065283656,537.111842025572,537.19828854174,1082.93812020111,1055.15476064967,1110.72147975254,2,1,0,1,1,2089873.72617171,0,6380.69040346614,0,11795.2073621775,771426.887667415,6626.68597315988,0
FT1354,537.274365001222,537.274365001222,537.274365001222,2750.89114262009,2750.89114262009,2750.89114262009,1,1,0,0,1,420237.189227386,1165.60120314566,10246.0214443106,1793.46736466008,1451.55028100768,2350.90498193352,14339.2976169146,29167.0344679156
FT1355,537.380137135749,537.343758991995,537.380288249466,2439.66486122918,2288.14232438563,2442.4238061574,12,1,1,6,1,685898.135097655,555518.800199211,1027752.41261031,728877.402013852,891450.503909497,962321.774460106,511491.825820317,517220.397828122
FT1356,537.335617753761,537.335617753761,537.335617753761,2839.71235315636,2839.71235315636,2839.71235315636,1,1,0,0,1,690294.994256106,721.519738200399,1861.35718357945,2572.51589684565,3223.45818600627,1838.92233808453,0,0
FT1357,537.328676609443,537.328676609443,537.328676609443,2945.61793983903,2945.61793983903,2945.61793983903,1,1,0,0,1,1411953.25525718,31909.3649186346,134226.78498337,64090.1414859801,50958.6579400835,129496.717065832,51569.5983561798,109902.9376895
FT1358,537.375937430173,537.375937430173,537.375937430173,3250.6569063239,3250.6569063239,3250.6569063239,1,1,0,0,1,149682.72696533,1937.45385766578,2739.45545512497,627.613485324916,1297.70573391717,706.982033622409,1667.69002900091,1561.45631789171
FT1359,537.380052865284,537.380052865284,537.380052865284,3094.98784727913,3094.98784727913,3094.98784727913,1,1,0,0,1,227564.740966186,11330.3053922611,38974.8822697626,15341.0284029739,25218.5832144254,31289.0584931939,6580.8206431919,20142.8223416866
FT1360,537.489213228467,537.489189619335,537.489235028627,3109.31295439081,3094.98784727913,3109.88332407348,4,1,0,3,1,1317236.85848295,44052.0685054958,169312.683716554,162234.791384516,109446.62623997,122301.906809525,169750.230395044,174805.882098796
FT1361,538.091503763975,538.091503763975,538.091503763975,1204.24005922949,1204.24005922949,1204.24005922949,1,1,0,0,1,398851.346085004,2403.12230750002,0,8080.72196410244,4920.71522266842,0,0,0
FT1362,538.117276128983,538.117276128983,538.117276128983,1110.72147975254,1110.72147975254,1110.72147975254,1,1,0,0,1,200446.022909968,7634.91009169883,3361.37845340623,3674.47637811068,0,21030.3917684716,0,0
FT1363,538.172289999119,538.172289999119,538.172289999119,1400.06497031982,1400.06497031982,1400.06497031982,1,1,0,0,1,106126.28668164,0,0,5294.60090091808,0,0,0,0
FT1364,538.183550551399,538.183550551399,538.183550551399,2016.66341219844,2016.66341219844,2016.66341219844,1,1,0,0,1,209300.621439302,9168.84250224235,40297.9480317169,26630.0471101903,12224.8021380894,18757.4282672826,80088.7011724478,43671.467463914
FT1365,538.383656030907,538.383610293388,538.383675111822,2441.67217712855,2440.99223916981,2442.4238061574,3,0,0,3,1,22599.004935681,192686.296801238,331886.22812732,265505.943433989,261953.11109305,277578.723796549,156034.231059641,157940.154911501
FT1366,538.332184190466,538.332184190466,538.332184190466,2945.61793983903,2945.61793983903,2945.61793983903,1,1,0,0,1,387543.670258838,3606.01155405116,23093.3996867463,16487.9658958438,10405.7776140738,30347.2975555364,14800.831873369,29801.1461698134
FT1367,538.241230856927,538.241230856927,538.241230856927,1086.51563721207,1086.51563721207,1086.51563721207,1,1,0,0,1,270851.986848494,12411.7440596113,33180.8824898384,33720.5151374398,11040.0430378263,18811.2667734886,90485.8341282537,65005.2608192308
FT1368,538.339056990916,538.339056990916,538.339056990916,2839.71235315636,2839.71235315636,2839.71235315636,1,1,0,0,1,223383.201044925,0,0,0,0,1171.23793113564,597.661311856509,0
FT1369,538.492610052741,538.492610052741,538.492610052741,3094.98784727913,3094.98784727913,3094.98784727913,1,1,0,0,1,530159.955877683,0,9684.08004931057,2975.75748658883,7535.50731951252,8211.97273448717,4979.3039008408,19829.8152412846
FT1370,538.594263284277,538.594263284277,538.594263284277,1204.24005922949,1204.24005922949,1204.24005922949,1,1,0,0,1,136170.797597656,4988.46605609457,0,0,0,3609.4030868103,0,0
FT1371,538.933512861572,538.933512861572,538.933512861572,71.4926736122435,71.4926736122435,71.4926736122435,1,1,0,0,1,947984.935315395,6784.58130456669,0,0,0,0,0,4140.25951186448
FT1372,539.119848454203,539.119835173865,539.119857994983,1199.61881141168,1140.48115396388,1202.6447662233,6,0,1,3,1,272885.023964638,2601049.49407924,1647450.35753905,1406555.62776386,1698467.53907813,1578431.33367839,1137716.34724837,1190267.38518893
FT1373,539.119945687738,539.119878766041,539.120142157151,2586.48895823005,2585.33502549312,2588.16211684614,4,0,0,4,1,0,229562.039700598,367224.611971436,252664.389432393,137314.236075195,277696.302849838,822480.363118991,632112.085641044
FT1374,539.162082500385,539.162057513659,539.162107487112,511.174723726659,496.129030247125,526.220417206193,2,0,1,1,1,45248.1704052213,267088.418704427,29410.5186816525,39237.9456125609,52111.412980748,2481410.95660443,68451.6858789125,65357.1616326213
FT1375,539.133859287015,539.131670099708,539.138789042894,109.708481055411,66.2166848307594,214.451262838321,23,1,1,6,1,2342440.86068127,2680370.89647238,2556931.19251271,2361249.16510461,2767399.17229716,2388763.30737974,3386791.52764902,2959330.71960465
FT1376,539.125684535229,539.125658678321,539.188599309795,697.828842493401,639.689382457461,699.812522789248,6,1,0,5,1,264760.228904749,41592.972007234,243712.154882812,332095.516764593,396076.310503836,243437.595675035,582903.875683593,888526.918899793
FT1377,539.118679843653,539.060012299204,539.177347388102,1414.04673508921,1384.95121848895,1443.14225168946,2,1,0,1,1,139427.537675782,0,0,0,474605.99371303,0,0,0
FT1378,539.335881117488,539.335881117488,539.335881117488,2889.88416587642,2889.88416587642,2889.88416587642,1,1,0,0,1,239554.784937069,4588.32560076643,23006.4621699208,4573.32118858775,4876.21158865805,13296.1092135248,5878.78751898603,10350.6862308946
FT1379,540.142198119977,540.142185291488,540.142275961228,110.596201441001,109.708481055411,111.597925043679,4,1,1,2,1,432774.048686724,431141.671907415,371604.564399622,363418.847584034,444727.827544264,404904.886537822,440735.794481616,447069.634550339
FT1380,540.123256675424,540.123256675424,540.123256675424,1201.94160944084,1201.94160944084,1201.94160944084,1,0,1,0,1,19428.5126725444,711295.63125279,472232.862800571,374092.91710389,471661.008656636,418260.993020983,286877.16209252,335865.503435689
FT1381,540.267815841477,540.267815841477,540.267815841477,1007.65986515895,1007.65986515895,1007.65986515895,1,1,0,0,1,295081.879856363,9585.4635503436,13030.05817761,0,0,0,0,0
FT1382,540.172605153114,540.172605153114,540.172605153114,690.198142009632,690.198142009632,690.198142009632,1,1,0,0,1,368260.631125977,1597.12073799546,0,0,0,3478.2049680767,0,0
FT1383,540.331106442186,540.331054566004,540.331216677783,2929.62829289393,2928.74539661991,2930.21556140066,6,1,1,4,1,7679281.98949214,214998.645738191,270165.616109997,186704.472167081,120656.544738771,370154.099020615,110333.476406419,177564.066354846
FT1384,540.354694872824,540.354694872824,540.354694872824,2783.80580581722,2783.80580581722,2783.80580581722,1,1,0,0,1,2987562.85432131,3341.94342100409,23560.9971185999,14845.826449638,3453.2582783362,9369.07798149355,7651.94249415531,30232.5501725701
FT1385,541.09938394546,541.075848330064,541.135856770375,1199.81059373327,1088.58816328454,1248.45826195205,18,1,1,6,1,6583923.18902345,2331279.99834374,2924807.05470702,2823145.04989721,3719475.31365749,3159548.88105107,4327326.58044272,5071197.40171877
FT1386,541.09937138171,541.099287178978,541.135814862971,1000.78992508466,923.870192256122,1051.40407220103,12,0,1,4,1,120852.438122458,831611.183966307,771883.066283116,1030954.55091711,453124.323095135,361532.997695154,1078384.19451292,1179471.96310006
FT1387,541.135693734424,541.135675918715,541.135737447306,815.484137941694,814.108918860567,818.340986392152,5,0,1,4,1,250953.45059159,1013177.44108657,889956.383648608,630579.178204193,576133.249461858,672803.852900314,579334.249787164,736351.900442706
FT1388,541.076016711968,541.076016711968,541.076016711968,1534.39823530094,1534.39823530094,1534.39823530094,1,1,0,0,1,992586.013630534,0,2333.39004774486,4650.75705588902,3698.09396994535,2998.45751483786,0,0
FT1389,541.140306528066,541.113582803661,541.238051206111,157.427050524301,107.273940904673,196.791713813482,17,1,1,5,1,733251.735905473,795526.974218081,778947.074654552,292396.108042439,1046676.95140865,853544.825959683,619875.002631673,1214337.17879997
FT1390,541.240754783707,541.240754783707,541.240754783707,643.12606225257,643.12606225257,643.12606225257,1,1,0,0,1,135908.451256186,0,0,0,0,0,0,3494.64544711512
FT1391,541.338598597942,541.338593032038,541.338604163845,2057.31881460914,2057.15233790268,2057.48529131561,2,1,0,1,1,897950.669388945,95694.5398880813,212404.340357769,97919.3190912164,109022.384170305,102270.92598648,191564.597786144,143403.559362443
FT1392,541.357972691292,541.357972691292,541.357972691292,2783.80580581722,2783.80580581722,2783.80580581722,1,1,0,0,1,912230.864549906,1042.8853712238,4368.75613994173,2423.97252041193,0,0,0,2096.05518120364
FT1393,541.334416403312,541.334416403312,541.334416403312,2929.6482756589,2929.6482756589,2929.6482756589,1,1,0,0,1,2022559.66877101,72459.4471998246,76231.2247668843,66698.7751708646,45540.177838967,96788.253244161,26025.8951628416,41067.9473467575
FT1394,542.139007059301,542.100157703164,542.139107849635,1202.42480337248,1197.2816901793,1208.56478080046,10,1,1,6,1,1646411.69747932,381062.672109377,811385.199904934,296273.596087567,970034.124549052,799908.560808377,1123888.97938314,1475274.00437041
FT1395,542.222185550758,542.222162099948,542.222209001567,260.873411812074,260.684567799677,261.06225582447,2,0,1,1,1,83033.6836861126,337215.563505428,162114.823925781,86868.4346768774,67961.5293318168,89460.2520738543,121952.710008775,123568.366143786
FT1396,542.215036573185,542.215036573185,542.215036573185,1086.51563721207,1086.51563721207,1086.51563721207,1,1,0,0,1,300476.290367646,55380.6339986305,152071.903680151,109630.149926893,40560.7883681265,52194.4312695699,125161.359383981,81411.3101334451
FT1397,542.173201891267,542.173201891267,542.173201891267,126.535297995497,126.535297995497,126.535297995497,1,0,1,0,1,0,389940.378598899,66402.988836552,106635.130422663,101237.468226317,96388.0917497443,145286.384449973,70827.3201505669
FT1398,542.205567274362,542.205567274362,542.205567274362,2369.10312009187,2369.10312009187,2369.10312009187,1,1,0,0,1,190291.990696026,0,0,0,0,0,0,0
FT1399,542.370304212571,542.370304212571,542.370304212571,2865.47841042464,2865.47841042464,2865.47841042464,1,1,0,0,1,4182292.32198311,15576.8809746181,82623.0988661407,44457.5800129856,16919.5530599257,27233.375782665,26723.9582308055,58512.3781107187
FT1400,542.713478833649,542.713478833649,542.713478833649,59.118504548117,59.118504548117,59.118504548117,1,1,0,0,1,397976.368663105,0,9253.06485552454,15935.3305117324,23344.0811952828,39282.8053149145,15429.7820055792,5238.52544735917
FT1401,543.157046335337,543.084194328797,543.157214630388,112.460881472289,75.6876090463919,154.60168176728,13,0,1,5,1,58123.2459932618,788107.180555528,749994.546565947,1146681.24146973,2038662.96644215,786369.746054989,1812380.09234766,2219998.89902301
FT1402,543.131949424604,543.114733022358,543.151170825049,1077.08121097975,1054.11210700666,1103.77203697556,4,1,0,2,1,927654.44744673,2255.09232101803,3558.68195599385,0,357418.864038461,501949.159831738,8800.70015514477,0
FT1403,543.054989850397,543.054989850397,543.054989850397,1586.98736649554,1586.98736649554,1586.98736649554,1,1,0,0,1,252694.402250977,0,0,0,0,0,0,0
FT1404,543.193453062884,543.193421726934,543.193706133619,833.208826569791,747.712994513447,837.689732550485,9,1,1,6,1,701091.7375537,1050899.79645837,607192.405029992,517465.473506382,644183.717720793,528342.926437891,419013.075314169,430558.2886639
FT1405,543.175734729446,543.175734729446,543.175734729446,1321.54395753745,1321.54395753745,1321.54395753745,1,1,0,0,1,665760.880189251,31939.4759873883,61709.9527286313,35344.2272066287,29066.0908453813,55064.9734999142,177799.338427912,97045.2889200811
FT1406,543.354550371278,543.354537155362,543.354563587194,2058.10448589779,2057.15233790268,2059.0566338929,2,1,0,1,1,705122.295513473,34031.8705881441,145080.30591767,45274.6897237018,49565.9524240417,76278.5160216652,145730.00513974,112867.071284179
FT1407,543.202265083679,543.202265083679,543.202265083679,1072.48855713123,1072.48855713123,1072.48855713123,1,1,0,0,1,695386.816123045,2291.26741437509,0,0,0,0,4343.76888862421,0
FT1408,543.373905218179,543.373905218179,543.373905218179,2865.47841042464,2865.47841042464,2865.47841042464,1,1,0,0,1,1325594.86408429,1024.38381195125,18304.4501442566,9801.67824449951,5983.67097833775,7375.55898845091,4237.23568170748,17299.9432142465
FT1409,543.452998434597,543.442304838412,543.463692030783,2974.48443310596,2961.92800722784,2987.04085898408,2,1,0,0,1,988698.812146006,0,779.817608462899,0,1149.10327595878,0,0,0
FT1410,543.65294797078,543.65294797078,543.65294797078,154.923384779972,154.923384779972,154.923384779972,1,1,0,0,1,536360.20786908,0,0,0,0,1759.05012962847,2037.16351511767,0
FT1411,544.205492188303,544.205492188303,544.205492188303,1073.72504677444,1073.72504677444,1073.72504677444,1,1,0,0,1,143154.513792318,0,0,0,0,0,0,0
FT1412,544.386083052219,544.386083052219,544.386083052219,2942.16322525444,2942.16322525444,2942.16322525444,1,1,0,0,1,1705433.18594124,18158.8235907312,81404.0124001248,32927.8129504981,8012.83873354604,25723.406435852,23824.2989552328,42940.5168979335
FT1413,544.377065128284,544.377065128284,544.377065128284,2865.47841042464,2865.47841042464,2865.47841042464,1,1,0,0,1,140680.684478759,0,0,0,0,0,1713.18083622846,0
FT1414,544.456392959754,544.445679856725,544.467106062783,2973.50259827452,2961.92800722784,2985.0771893212,2,1,0,0,1,304911.509176693,0,840.735919097284,1097.85601533562,0,0,0,0
FT1415,544.857286230453,544.857286230453,544.857286230453,64.872470984916,64.872470984916,64.872470984916,1,1,0,0,1,135112.863189063,0,44942.920787537,5178.9845591292,5236.93198089149,0,10427.0998819094,0
FT1416,545.100171201016,544.972259625148,545.100323086811,84.6144945615887,64.9910957035902,109.322845671303,16,1,1,6,1,191488.953232121,2692263.58073864,2525499.00798786,5028925.36244284,4254307.38747083,3070468.50666855,4027594.74355731,4898940.15503751
FT1417,545.129552018314,545.129504999971,545.129702132078,917.573755065691,914.351036266493,922.221690038466,8,1,1,6,1,4297915.91651786,885957.368586075,1520528.73439153,2119751.49172449,1232189.57960931,1134511.58412793,861995.301596682,1081478.18813461
FT1418,545.130758636215,545.130758636215,545.130758636215,1464.62584069355,1464.62584069355,1464.62584069355,1,1,0,0,1,3141120.07800802,124374.11876372,126663.640076992,100306.664787967,129653.312329764,109562.993225007,109565.2507123,99035.760728416
FT1419,545.127499882552,545.127499882552,545.127499882552,1379.63622040963,1379.63622040963,1379.63622040963,1,1,0,0,1,29835741.5959502,162224.948660088,148924.854556809,172379.642619124,192163.690130857,114832.512496867,131745.288520412,139110.121331379
FT1420,545.245453436737,545.245446056321,545.245460817153,1623.37885048996,1622.43689009822,1624.32081088171,2,0,1,1,1,0,99454.3806494135,59802.8802756305,88178.2393010763,80527.5805385065,371941.935778662,24248.9473118288,13474.5022537961
FT1421,545.267129528683,545.264093399603,545.348709789829,2358.45627973818,2288.14232438563,2382.50840465281,12,1,1,5,1,4025331.89071593,242409.165922853,1804.85573192069,1336518.35826399,717408.180135496,715036.450422936,122629.82449219,308644.724722724
FT1422,545.172780955257,545.172705339095,545.209120012091,127.84334895802,121.383046491437,200.01796278299,6,0,1,3,1,80352.3365367749,825074.610956543,583336.306861046,766681.002689087,801085.993203125,552591.869586267,1193089.45461541,1071912.03579484
FT1423,545.333514400825,545.33349623983,545.33353256182,1859.46245847919,1858.94357891274,1859.98133804564,2,1,0,1,1,199117.871414795,63557.9678240158,142651.92288792,34997.5574116663,31620.5406499186,54019.7986777032,117183.702474609,211566.521051064
FT1424,545.393664140805,545.389249787621,545.398078493988,2971.36044071292,2942.16322525444,3000.5576561714,2,1,0,0,1,504835.804239411,0,0,0,747.775186885567,0,0,1806.0883254606
FT1425,545.442677731782,545.442677731782,545.442677731782,3165.3245263806,3165.3245263806,3165.3245263806,1,1,0,0,1,152561.81071289,0,3004.52931372732,2655.68195686148,0,946.111314131094,1275.38346379151,5731.26104520913
FT1426,545.457772427631,545.457772427631,545.457772427631,3031.30736174251,3031.30736174251,3031.30736174251,1,1,0,0,1,461659.694153773,3684.93654055612,4081.32168492496,3621.69516391247,1978.77725061635,1773.04360368024,1357.35808307932,3904.29943758254
FT1427,546.132960887681,546.132919242692,546.133079893418,919.765363800256,917.639403783409,922.221690038466,4,1,0,3,1,785930.955511068,146993.580227491,308696.549775635,389206.793161079,205231.118032585,168270.794031871,160726.878762148,205779.602927823
FT1428,546.13402459779,546.13402459779,546.13402459779,1464.62584069355,1464.62584069355,1464.62584069355,1,1,0,0,1,858219.557871092,32778.1404154409,7564.85423671333,3681.7721501965,6400.7922128822,11158.5936761089,0,16846.6816441375
FT1429,546.133998823,546.133998823,546.133998823,1379.63622040963,1379.63622040963,1379.63622040963,1,1,0,0,1,8949687.92514647,23442.3801869654,26037.0101510522,15828.0404488319,26996.7082973353,22938.7144931708,8919.54769439305,15915.6092406957
FT1430,546.267770251261,546.267721724897,546.267818777624,2366.01169022813,2351.1370799265,2380.88630052976,2,1,0,1,1,891909.127585719,55143.8072042,61810.6122958077,254785.307045582,177120.060720824,129461.69210468,48422.0547989742,56181.0806333705
FT1431,546.281925809389,546.281925809389,546.281925809389,2963.6162575704,2963.6162575704,2963.6162575704,1,1,0,0,1,504027.506537337,30333.8426901887,39032.004797941,68413.9128107625,29999.3696441724,37420.9063330454,21374.8379618031,26517.9066865191
FT1432,546.300634596793,546.300634596793,546.300634596793,2293.1493221018,2293.1493221018,2293.1493221018,1,1,0,0,1,581070.932858186,4607.29729612306,29160.2766391438,36772.1345982805,32443.2692485488,39571.9528153984,58104.198562459,86021.4054687761
FT1433,546.461032169471,546.461032169471,546.461032169471,3031.30736174251,3031.30736174251,3031.30736174251,1,1,0,0,1,94982.1091269518,0,601.076003917195,0,0,0,1540.93219361857,0
FT1434,546.300623981647,546.300623981647,546.300623981647,2382.18101522812,2382.18101522812,2382.18101522812,1,1,0,0,1,201819.875478514,2859.67871957766,12144.760088619,5032.33383254291,13007.6123151558,15025.6022048483,28547.5652544041,28655.6423466499
FT1435,546.359020815465,546.359020815465,546.359020815465,2912.82238896789,2912.82238896789,2912.82238896789,1,1,0,0,1,159682.033110445,1197.79900582761,4113.48071045129,2196.72831477468,0,0,0,3468.63892303574
FT1436,547.118750571048,547.085522279013,547.151978863083,85.0468480507609,55.3868094216387,114.706886679883,2,0,1,0,1,0,803479.857133467,0,0,3867.99134983425,2557.31866628526,0,5696.59534273059
FT1437,547.109731795125,547.109731795125,547.109731795125,920.976137939203,920.976137939203,920.976137939203,1,1,0,0,1,257773.332677003,128456.064154816,110061.134606514,93326.4827088437,105935.133101278,96239.9210769794,69211.0575463763,63791.1787181772
FT1438,547.240319958646,547.240226356396,547.276709250794,2170.40374628655,2168.23586430507,2244.92111870202,7,1,1,4,1,1104098.08817418,299555.820927353,152995.242019641,243206.835893554,427441.090180105,378020.690606973,307861.906023273,221461.624329542
FT1439,547.109720826548,547.109698743127,547.216369824144,1184.86932046576,1115.95145321373,1185.32848043652,3,1,0,2,1,216849.58710205,117039.924597228,115331.169972891,115737.773739941,581685.147621096,2032625.40960798,102652.223966957,112091.321491845
FT1440,547.167278168426,547.135944160151,547.24016696341,1473.09503072461,1377.33303044388,1552.60664439249,5,1,0,2,1,1832557.85393066,0,0,2417.42407458246,10254.5985105656,7996272.80615621,434491.761824219,9453.7260301063
FT1441,547.364607126238,547.364607126238,547.364607126238,3060.32478513107,3060.32478513107,3060.32478513107,1,1,0,0,1,389671.244465984,11071.6235998592,27646.2929515062,17619.5321752388,18344.1990097524,32234.7193418175,14466.9457686947,29937.5789907322
FT1442,547.437290095156,547.437290095156,547.437290095156,3518.23175915206,3518.23175915206,3518.23175915206,1,1,0,0,1,163294.635131836,0,10753.2493377901,652.64636739038,1636.88686579329,1012.13939690839,4602.55169974734,11153.7782166493
FT1443,547.473585848645,547.473585848645,547.473585848645,3058.33125171581,3058.33125171581,3058.33125171581,1,1,0,0,1,414276.371271745,0,11436.8019401968,841.530066045292,1014.26564158494,0,1353.80652484067,0
FT1444,548.151241926945,548.138031280572,548.164452573319,1364.19055849211,1348.7448965746,1379.63622040963,2,1,0,1,1,170948.239389648,0,0,4614.39062873579,0,171720.406388143,0,0
FT1445,548.10393450367,548.10393450367,548.10393450367,385.104271849041,385.104271849041,385.104271849041,1,1,0,0,1,1960767.41904762,87074.6941238733,144079.700148241,199222.683436054,101731.295225625,75317.1430114623,72455.7090264183,83778.1748155482
FT1446,548.103922551843,548.103922551843,548.103922551843,507.115124530046,507.115124530046,507.115124530046,1,1,0,0,1,1803494.34396465,79228.7337024616,155325.389373798,189555.57617166,107353.723623167,92160.3244277977,96840.3988853844,80165.1944623605
FT1447,548.477171604974,548.477171604974,548.477171604974,3060.32478513107,3060.32478513107,3060.32478513107,1,1,0,0,1,123866.470572915,0,925.643920814469,0,0,0,0,0
FT1448,548.815396264281,548.812118465399,548.894120609516,66.1488548941845,66.1488548941845,67.3491315307419,3,1,0,1,1,3515173.42102089,0,92544.8316386091,137053.463634744,39631.8639532433,32088.3316014567,14947.6264231141,41411.0812998453
FT1449,549.167770119853,549.167681474682,549.167864953867,205.065137723422,148.826892096096,270.151413860459,19,0,0,5,1,239624.679879826,770626.015950443,467889.559145142,1119117.64739388,329796.17431417,2007345.35045391,836890.938107299,1516439.71966319
FT1450,549.167780524951,549.167625209408,549.167915143584,110.860249610836,62.931387027229,113.217235545996,10,1,1,6,1,2451233.60530166,9261657.29415072,2371962.34797273,3335430.66498483,3808780.4891775,5046147.63667078,5776244.6398265,4754793.43165342
FT1451,549.088099731405,549.088066991885,549.088158241851,559.533398769521,555.94832359256,570.788037750678,8,1,1,6,1,4813901.60975231,309562.397922526,1002501.02691742,1073638.87795565,623959.103845417,424042.860259766,471284.44942456,438934.660574794
FT1452,549.125613924365,549.12557800876,549.125649839971,1175.22862066243,1161.66488549302,1188.79235583185,2,1,0,0,1,7232301.76838166,131780.152647368,89043.0636180921,114701.785899588,163365.950374321,156454.125525395,127946.694329868,139564.891792964
FT1453,549.08816225411,549.08816225411,549.08816225411,366.41903321446,366.41903321446,366.41903321446,1,1,0,0,1,240820.114578613,6509.07618925346,23593.8153848982,26712.1531661011,7014.47493788119,2676.37133877352,10789.2724599372,22284.7133996356
FT1454,549.255712887496,549.25565901062,549.255945948886,1900.74078465443,1898.26008127527,1902.70477612395,7,1,0,6,1,788708.17844238,39077.0794126214,546562.331333705,628639.207234697,1607716.70259522,2099958.03996876,411742.543834638,520795.113822267
FT1455,549.130866272763,549.089237701062,549.172494844463,1515.98168327731,1513.68821948438,1518.27514707024,2,1,0,1,1,4220504.9034329,718.848723185742,2206.11304556489,0,3319.42658965711,294849.652515034,3881.48176512912,4833.63986478833
FT1456,549.209464993258,549.209464993258,549.209464993258,950.327356708416,950.327356708416,950.327356708416,1,1,0,0,1,566355.96431033,82834.6684936161,14869.6116039039,23986.441136465,4250.33794182188,22530.6724796993,19390.8211970844,16448.6272472194
FT1457,549.343660292657,549.307251248159,549.360795891385,2336.51315237787,2195.69280535055,2523.54869388531,48,1,1,4,1,1729188.03651855,2299522.61490427,573629.664309896,864465.295027253,567776.494970702,1206462.98769055,351080.558019352,347221.227044541
FT1458,549.307291613801,549.307283773128,549.307301506638,2099.47852421686,2072.60501857983,2129.2783459334,4,1,0,0,1,571050.394677732,203254.054864329,257078.786678271,247208.302582026,234544.435428917,263588.621198201,223915.211242669,259048.675187061
FT1459,549.452824589562,549.452795792925,549.452853386199,3371.48210789147,3360.54493563346,3382.41928014948,2,1,0,0,1,4749351.73875652,27441.8971773113,179642.51479866,50338.7784936377,28165.7766201957,45181.7455523097,43119.4341692284,81314.637886
FT1460,549.429543767125,549.429423889147,549.429608372498,3088.53817222799,3077.9828189758,3089.93624191384,6,1,0,4,1,1283551.35504083,105823.101367966,135725.614436591,165896.781944715,141325.05498942,233229.239885373,215312.438348144,321003.987601724
FT1461,549.452859857455,549.452859857455,549.452859857455,2971.72352501174,2971.72352501174,2971.72352501174,1,1,0,0,1,313134.224552137,971.298181080417,860.862525651111,0,0,2496.22444085117,721.330274982958,0
FT1462,550.128930560545,550.128930560545,550.128930560545,1188.79235583185,1188.79235583185,1188.79235583185,1,1,0,0,1,1850639.95385936,20220.6871244501,13545.4034089511,31729.9590683576,4665.17364266133,7938.1277739955,4331.08580022332,0
FT1463,550.092411858953,550.092411858953,550.092411858953,1518.27514707024,1518.27514707024,1518.27514707024,1,1,0,0,1,1022935.02063964,1744.42687644205,2838.22626855778,0,0,5602.10113870832,0,0
FT1464,550.091384263745,550.091384263745,550.091384263745,570.788037750678,570.788037750678,570.788037750678,1,1,0,0,1,953371.781520826,47434.1243366146,162314.8383609,145769.702575821,53263.3340594042,63134.12960465,58151.8342637328,52936.001374444
FT1465,550.171243546737,550.171160821763,550.171369138296,111.433470987068,109.708481055411,113.217235545996,8,1,1,6,1,455348.41166921,1819920.35944791,571246.865187458,653010.558627203,822041.102160899,913588.41239036,1075430.68837728,804118.247673918
FT1466,550.259335526292,550.259332181864,550.259368913405,1901.83817156445,1900.86872004534,1902.70477612395,3,1,0,2,1,182246.727152779,5059.33086584827,122129.302744394,148041.205763416,392652.701257468,494930.251562501,118132.59774048,105940.382871917
FT1467,550.347234680254,550.347234680254,550.347234680254,2446.82800454632,2446.82800454632,2446.82800454632,1,1,0,0,1,300704.313611538,89870.9365732455,134452.457778074,96193.736865298,128095.232520688,118650.610420152,91266.1432334498,111243.914775924
FT1468,550.347133145767,550.347133145767,550.347133145767,2274.03008568386,2274.03008568386,2274.03008568386,1,1,0,0,1,521280.126728023,127382.070477601,169328.478927799,103684.175577326,132398.974362109,141059.843536958,151928.65283017,162508.324340396
FT1469,550.45302526405,550.45302526405,550.45302526405,2961.92800722784,2961.92800722784,2961.92800722784,1,1,0,0,1,211825.962571291,646.226008202337,907.432541635278,0,0,0,0,0
FT1470,550.897152380895,550.897152380895,550.897152380895,68.3380439864543,68.3380439864543,68.3380439864543,1,1,0,0,1,365444.020746989,0,0,0,0,0,7475.90447801884,11242.5659484367
FT1471,551.096915945515,551.096880522491,551.096942768071,3202.3399651406,3200.56637992537,3204.39154134185,3,0,0,3,1,0,1475.28024231393,128166.940100621,120095.962072289,320820.661517254,317823.998230917,206022.881660786,177694.264004991
FT1472,551.130839340308,551.130839340308,551.130839340308,1188.79235583185,1188.79235583185,1188.79235583185,1,1,0,0,1,380707.504497819,2510.0399014435,0,8368.27502973541,0,0,0,2684.57004081396
FT1473,550.964859526256,550.964859526256,550.964859526256,70.0220095180855,70.0220095180855,70.0220095180855,1,1,0,0,1,706119.067308185,0,4117.61119497351,0,0,45773.0724836562,13871.333667546,7692.76272584755
FT1474,551.172803606679,551.172803606679,551.172803606679,114.706886679883,114.706886679883,114.706886679883,1,0,1,0,1,54608.1582746135,487874.133752264,63378.0104223184,83332.8373978217,93239.2235380216,137056.094647451,177228.757541889,152325.82770142
FT1475,551.1960894878,551.1960894878,551.1960894878,1607.03529817144,1607.03529817144,1607.03529817144,1,0,1,0,1,72293.4817451083,891581.788997223,267134.790164099,314802.140908932,147542.574834967,673006.927216727,109135.573552163,57906.2694661676
FT1476,551.307884510798,551.271436278326,551.308022140544,2384.94904033858,2332.57470304789,2386.02557487338,3,1,0,2,1,421092.479257059,132278.063213744,146441.194015422,83451.2239440034,89512.6710821704,162340.919738769,627751.707184123,93823.1164252669
FT1477,551.410072683132,551.40876703034,551.411378335924,2936.22059957731,2907.53919937628,2964.90199977835,2,1,0,0,1,205450.420724053,0,0,0,0,0,0,0
FT1478,551.208834398254,551.208834398254,551.208834398254,1165.39781248248,1165.39781248248,1165.39781248248,1,1,0,0,1,1412732.24015966,95621.1910499301,46306.9927075271,48328.5867326469,15811.8684816187,26194.9623926745,30961.3268736565,19154.8625027943
FT1479,551.307971385415,551.307971385415,551.307971385415,2592.90550949194,2592.90550949194,2592.90550949194,1,1,0,0,1,1197155.23702933,23821.4313263259,78920.6752804271,66844.0337514045,73789.4065402353,95205.5148638812,102832.797079171,116856.19376237
FT1480,551.380745983092,551.380745983092,551.380745983092,1869.5045421171,1869.5045421171,1869.5045421171,1,1,0,0,1,552734.111867897,28410.2215327599,44835.4661886571,8959.03057739267,45569.709651981,38876.1024673041,11665.9509463186,26429.1240122046
FT1481,551.39604603321,551.39604603321,551.39604603321,3115.49231120779,3115.49231120779,3115.49231120779,1,1,0,0,1,288894.177511599,14728.2197838436,35631.2585623217,23542.3237586553,17507.7930431756,29780.9658223306,20588.7702195995,31171.509392305
FT1482,551.449704948643,551.449704948643,551.449704948643,2961.92800722784,2961.92800722784,2961.92800722784,1,1,0,0,1,1047289.9762079,7223.84119664054,4050.03468433424,0,0,2214.41670856025,0,0
FT1483,552.218476563969,552.218476563969,552.218476563969,1158.85024214941,1158.85024214941,1158.85024214941,1,1,0,0,1,184996.690624112,14643.4931155684,0,0,0,0,0,0
FT1484,552.318185332516,552.318185332516,552.318185332516,1899.21037780056,1899.21037780056,1899.21037780056,1,1,0,0,1,104995.363068238,7122.87114656781,4039.19905553535,0,0,4395.7720999406,0,0
FT1485,552.311113276382,552.311113276382,552.311113276382,2592.90550949194,2592.90550949194,2592.90550949194,1,1,0,0,1,284361.626173208,3246.01404348988,15613.9325222374,15842.03110289,15880.2943674982,21213.4279387944,23414.4526538136,27301.5683823828
FT1486,552.452875744571,552.452875744571,552.452875744571,2961.92800722784,2961.92800722784,2961.92800722784,1,1,0,0,1,311818.490683041,829.369265060074,1524.9377781122,0,0,0,0,757.824195922735
FT1487,553.099325510358,553.099273535373,553.09956074738,1166.66546781611,1112.34788320183,1248.45826195205,16,0,1,6,1,250644.970867232,5742939.4445148,2973890.79854539,2135687.44370605,3030427.14609375,2411278.32971639,1620462.64069271,2069815.99881509
FT1488,553.114108468388,553.113070183323,553.115441530433,109.366504867111,107.273940904673,113.217235545996,7,0,1,6,1,107727.96205116,649570.012673281,850301.77471875,734437.736250809,912408.113698344,632086.67173943,829091.764129239,1130344.63422879
FT1489,553.094177620977,553.094116860237,553.094202668984,3203.36337748736,3200.56637992537,3204.39154134185,4,0,0,4,1,941.523969998844,8341.7695663224,190293.394423287,178493.673068916,409681.445035809,490196.658922853,258082.58573421,382927.512861907
FT1490,553.09940354564,553.09940354564,553.09940354564,857.400590069219,857.400590069219,857.400590069219,1,1,0,0,1,732677.182828342,615794.603572845,519066.528303765,419030.350567941,488173.952753758,528823.62732537,346213.254310402,349656.282861332
FT1491,553.177922210585,553.177878716412,553.178010192432,651.211847477184,650.497314778052,653.297818879712,6,0,0,6,1,25614.290239325,166596.238867382,386913.96995573,422562.377347099,494228.748529112,377890.343013841,437537.443461329,493491.729621216
FT1492,553.390373143038,553.390300539684,553.390405864852,3181.43766659504,3179.78220393036,3182.74068815856,4,0,0,4,1,118906.899065068,97206.4423546992,417854.061101884,269462.774242757,205532.549432914,319694.637524415,233411.271668385,351664.068795237
FT1493,553.374998460791,553.374998460791,553.374998460791,3064.05732122072,3064.05732122072,3064.05732122072,1,1,0,0,1,267506.159984372,12075.6779232995,21856.4761846315,16018.5132342621,10017.8576536572,22577.6931419599,21955.4342775049,23873.5076221296
FT1494,553.424292054994,553.424292054994,553.424292054994,2999.01281486738,2999.01281486738,2999.01281486738,1,1,0,0,1,890123.278662106,0,1631.6212087602,0,0,0,0,0
FT1495,554.140982940198,554.140982940198,554.140982940198,806.185975378713,806.185975378713,806.185975378713,1,1,0,0,1,758220.044318704,37443.3040433261,88772.6649408645,131509.980205446,20632.0710698174,22770.2501984804,25912.1390292027,29859.6938819173
FT1496,554.237718562489,554.237612137559,554.237787550329,2056.60043421505,2056.33138138821,2058.19797286482,4,1,1,2,1,166883.133447261,113515.343876955,78491.4444458662,178844.176977652,606447.092926575,432182.424914741,76322.0358048283,89646.8484792161
FT1497,554.102492517581,554.102468386969,554.178395657531,1116.9783090601,1096.97600910545,1184.81958445217,3,1,1,0,1,550039.556640626,1608372.11381778,717178.380342312,568252.867330712,705168.555032589,452948.532904068,411760.672269688,541930.812565968
FT1498,554.383532359304,554.383532359304,554.383532359304,3118.38425288632,3118.38425288632,3118.38425288632,1,1,0,0,1,450842.745214846,6063.28656699325,19452.67017809,14664.2940454009,5027.83397957688,9313.80514419116,14043.2931647049,30513.7947557138
FT1499,554.347062959384,554.347062959384,554.347062959384,2999.01281486738,2999.01281486738,2999.01281486738,1,1,0,0,1,239185.692456054,14997.0546945662,29593.3490867186,31320.8326062563,12463.9935279366,21149.5374843974,4079.60625404666,17262.6465727237
FT1500,554.427880869884,554.427880869884,554.427880869884,2999.01281486738,2999.01281486738,2999.01281486738,1,1,0,0,1,335585.167440917,2053.68343586867,411.750380756445,868.832430714856,0,0,1162.73038819029,0
FT1501,555.15416324325,555.091816002628,555.157210542452,1067.28350754458,1026.56147440636,1204.24005922949,15,1,1,6,1,1310086.54565888,1876381.9915565,1434632.00525391,971997.395829774,1108164.40336826,529037.316046699,987473.292101864,1221043.75975673
FT1502,555.114935277609,555.076339614501,555.157094055681,973.865886849004,914.478548555738,975.510345228308,6,1,1,3,1,414969.781011138,3919584.02629551,2245351.96656877,2810172.18050026,3181285.68127405,2731976.62544019,2210608.38713444,2827952.16645046
FT1503,555.114928132032,555.114921957949,555.114957161123,730.073348629735,729.091773224482,732.820034571291,4,0,1,3,1,509971.486514226,2977020.73037058,1925369.25281699,1486321.63412672,1873328.51408174,1742273.74219908,1327478.60346866,1412864.81890423
FT1504,555.118332732032,555.118332732032,555.118332732032,837.689732550485,837.689732550485,837.689732550485,1,1,0,0,1,720795.703170659,1326102.58678354,1151080.97963399,921270.399834114,1134388.13350333,958915.613034129,857867.443903993,1041216.8743152
FT1505,555.284861913586,555.284805451904,555.284997952925,2938.61902463407,2898.35359569867,2940.79139636375,9,1,0,5,1,10148229.8915235,176368.264715518,651641.230302913,628387.849077165,696714.97238347,663377.855740232,730094.729168946,1141164.94121974
FT1506,555.252314109184,555.252314109184,555.252314109184,1900.74078465443,1900.74078465443,1900.74078465443,1,1,0,0,1,2747428.79054939,12319.9996559547,31306.7403133374,21399.7348488295,13229.2329446632,28707.8415575376,33670.0897117206,12429.2932543709
FT1507,555.330710631403,555.198377170886,555.330738008952,2523.54869388531,2491.87390770036,2537.92083513042,3,1,0,1,1,654552.5705439,44890.4598597421,139697.948695072,73349.932756289,162416.807162699,95456.119237563,206593.752937317,123858.846411258
FT1508,555.17242190032,555.17242190032,555.17242190032,891.974914598985,891.974914598985,891.974914598985,1,0,1,0,1,222889.410513251,205067.504879432,52139.8497247876,64028.6103120047,73151.8464485693,75300.0734566476,68531.1108317349,45687.4341054071
FT1509,555.354243893054,555.354243893054,555.354243893054,2131.29415912585,2131.29415912585,2131.29415912585,1,1,0,0,1,3481711.64974306,43121.6890085063,99093.2732491719,38713.4576805604,67877.9283008351,91976.356768285,127790.758281899,120586.559310817
FT1510,555.440345563676,555.439899446938,555.442502747221,2977.55151165471,2975.39036206402,3048.88243174569,3,1,0,1,1,88543308.6767678,2223.62823391615,202542.954126111,1494.07297093429,738.895819327168,7621.55456973585,1885.87576974399,4910.34533790172
FT1511,556.160624710988,556.160585516991,556.160678942831,1066.65170903515,1065.57425867497,1067.84397291993,4,0,1,3,1,64182.4007931463,193934.574179688,82479.0245787317,114983.56383437,90366.6837500004,126285.980315576,167187.357233888,198363.806657988
FT1512,556.167918739079,556.167878070595,556.167959407563,889.316538588075,887.901993601224,890.731083574926,2,1,1,0,1,723601.376569977,1207006.30411788,27030.8489717441,37551.4970238044,4769.26248345471,40583.3786556614,34285.3213779192,8481.61079511891
FT1513,556.142810621767,556.118416866858,556.167204376675,968.276009351912,961.723069536814,974.82894916701,2,1,1,0,1,998751.785814455,1053470.9093092,0,3043.56396067819,2758.23036770763,5672.31842788945,0,9394.36436545327
FT1514,556.288452176287,556.288314062131,556.288582341484,2907.57968982775,2898.35359569867,2936.50748201348,6,1,0,4,1,2845239.78811124,33274.8157082789,252231.747867228,211846.023504831,186031.038963216,193591.539488464,252212.188202428,274340.455923224
FT1515,556.357741781038,556.357741781038,556.357741781038,2131.29415912585,2131.29415912585,2131.29415912585,1,1,0,0,1,1069539.31312743,12121.8336017937,24001.3843008938,0,10685.7480939361,21850.7593868817,20888.6117091318,17843.7507676096
FT1516,556.441419200158,556.441419200158,556.441419200158,2977.55151165471,2977.55151165471,2977.55151165471,1,1,0,0,1,34811042.2577384,3712.7589453185,2932.45432117744,2325.07445954561,3034.91854981578,3923.88819277333,0,6175.97525553588
FT1517,556.443221511171,556.443221511171,556.443221511171,3048.88243174569,3048.88243174569,3048.88243174569,1,1,0,0,1,527854.760167905,0,18202.243478015,2749.53954085886,0,0,2394.82288805919,5343.08264749886
FT1518,556.664303939997,556.664303939997,556.664303939997,961.723069536814,961.723069536814,961.723069536814,1,1,0,0,1,1834029.87841948,0,0,0,0,4561.91524285673,2407.56874483379,5901.22834000657
FT1519,557.024424978299,557.024424978299,557.024424978299,951.684382430533,951.684382430533,951.684382430533,1,1,0,0,1,161241.944697354,3387.55820783206,0,3865.53045302402,0,0,0,4617.0711706794
FT1520,557.136322780874,557.094487522987,557.136476263275,116.323797089096,82.080301635959,153.745005955097,16,0,1,6,1,31633.458106079,1003661.48196841,2420757.43983067,2747177.99027734,4731856.23969206,1784051.05482749,4858548.4363198,4597062.68095129
FT1521,557.079576176518,557.070666562463,557.088485790573,1205.07235363525,1204.24005922949,1205.90464804101,2,1,0,0,1,2931139.28721731,0,0,8522.81982556771,0,0,2833.28319088823,3316.37348263318
FT1522,557.111530500307,557.092643754087,557.130417246527,1100.22755415376,1089.73362855498,1110.72147975254,2,1,1,0,1,738478.411542813,1310665.34319197,6150.60566826255,0,0,0,6575.96276588504,3837.48375305963
FT1523,557.094046100639,557.094010991076,557.156995559919,963.091463745023,943.456575246042,1003.9264509166,5,1,1,0,1,774853.860058638,803672.332378373,319250.249618578,275232.467361952,317288.431441471,321506.731021276,185470.62440437,197547.314869205
FT1524,557.273810582492,557.273715918887,557.287138879622,2832.03925475437,2782.96442595099,2927.34999259745,8,1,0,4,1,996296.320980449,176685.770962885,157205.463397597,310481.673235213,369690.870654993,124859.823552856,307729.472974284,205342.377125037
FT1525,557.279233992392,557.224448549059,557.361261870445,2056.53676440262,2053.51192188645,2131.29415912585,4,1,0,2,1,100887.2261556,0,1999.08220746259,0,3776.79359166952,0,255836.687856441,452993.532704104
FT1526,557.19004960665,557.170934222744,557.209164990556,864.507525615422,842.934830458143,886.080220772702,2,1,1,0,1,367469.153231934,279362.19264774,0,0,0,0,4952.52510826333,0
FT1527,557.245598220728,557.245598220728,557.245598220728,1076.09329445951,1076.09329445951,1076.09329445951,1,1,0,0,1,541223.830936747,0,0,2957.60903552404,2998.29306024834,5673.65031488578,12285.9815705298,0
FT1528,557.449123466271,557.449123466271,557.449123466271,2977.55151165471,2977.55151165471,2977.55151165471,1,1,0,0,1,7521183.82336435,1716.30283583266,6741.83459687579,2094.24353607826,1239.21394789593,0,0,0
FT1529,557.662071757183,557.662071757183,557.662071757183,963.091463745023,963.091463745023,963.091463745023,1,1,0,0,1,124947.381013273,0,0,0,0,0,3799.04406067434,0
FT1530,558.065088512549,558.064997102947,558.065132580102,113.18886471616,111.22886874788,116.454037008462,5,0,1,4,1,68707.486830665,354481.893392334,705358.246900252,753263.982795382,409112.326896247,564917.380121335,87297.9058933437,72426.445493537
FT1531,558.095326211079,558.095326211079,558.095326211079,1110.72147975254,1110.72147975254,1110.72147975254,1,1,0,0,1,133966.574472656,41369.6050813021,0,13179.0594439604,0,4859.37981219983,0,0
FT1532,558.074425453481,558.074425453481,558.074425453481,1207.95356297745,1207.95356297745,1207.95356297745,1,1,0,0,1,617440.132711399,0,15459.5709016736,9395.25632309353,0,0,0,0
FT1533,558.365194367713,558.365194367713,558.365194367713,2544.26353698853,2544.26353698853,2544.26353698853,1,1,0,0,1,357416.179923907,770.082809245949,35581.0235354039,19862.6705728821,2542.88406998698,13104.5099484206,3735.19087660241,21289.3410467667
FT1534,558.451348995121,558.451348995121,558.451348995121,2977.55151165471,2977.55151165471,2977.55151165471,1,1,0,0,1,907396.929452887,0,0,0,1838.05335391116,0,0,0
FT1535,559.040542366461,559.040536933562,559.040928687885,74.5501222004078,70.8845281767576,90.4098393050314,3,0,1,1,1,157863.087487449,449004.402382984,350508.697137714,421653.855255981,282675.992966314,534788.438244939,209285.848508644,180905.355487782
FT1536,559.167387961704,559.146359685852,559.167490102434,1116.98720740698,1081.33836340209,1119.30250573197,4,1,1,2,1,746180.188901366,329903.426284555,154709.299439857,314554.470292968,218424.940668342,336658.319569155,299284.918843215,306695.953842018
FT1537,559.109876125543,559.109831674683,559.109905385322,930.265360938177,902.122943721647,947.347085689164,3,0,1,0,1,61990.5064180718,1076555.25638373,279248.16597181,242438.118267016,308629.58083763,271062.958528086,201248.840819065,205927.011836726
FT1538,559.14630177924,559.14630177924,559.14630177924,1655.62683607908,1655.62683607908,1655.62683607908,1,1,0,0,1,579554.786412463,73103.6791740951,40110.3806546111,57046.525488684,63714.8831240103,48833.4902882068,61784.6281327123,52710.4861589395
FT1539,559.167482801255,559.167482801255,559.167482801255,1381.59683643496,1381.59683643496,1381.59683643496,1,0,1,0,1,120657.386964164,118894.033758546,3929.63242484386,24226.6817998767,2858.7655516851,23069.014770022,14428.0954602078,22978.5953808418
FT1540,559.240377541297,559.240274831925,559.280074094397,2433.12325507208,2429.71290048288,2492.09987965048,12,1,1,6,1,1306288.9093269,522526.254418938,311508.285158473,572127.383061329,1056710.09435021,1157919.53164506,8614369.24341799,7524455.12762267
FT1541,559.109841846767,559.109826695092,559.224983060381,819.870535886827,752.927934584798,869.738956989851,7,1,1,1,1,485405.699409064,854527.959268703,177200.335383122,148064.103624064,196972.161413301,321202.49,120422.120153996,128615.445716458
FT1542,559.17037569309,559.152116604571,559.188583228999,135.535742934668,111.316193186481,161.348137855241,4,0,0,4,1,0,0,0,755014.568265381,1893210.55613857,0,861775.068877825,831528.719114775
FT1543,559.400965076989,559.400835798758,559.400979828701,3424.00720482985,3422.86436378957,3425.08495077882,6,0,1,5,1,462821.903487502,572836.533884423,367767.721230773,427429.223901369,438189.951013181,733547.046612302,248051.421025615,608626.089650876
FT1544,559.312899885727,559.312899885727,559.312899885727,1608.53002911681,1608.53002911681,1608.53002911681,1,1,0,0,1,430599.445433594,44575.4004263687,11636.799942334,17584.5390104962,8480.22329399169,0,50969.7965394829,17341.6738093597
FT1545,559.313089652673,559.313089652673,559.313089652673,2824.70982578865,2824.70982578865,2824.70982578865,1,1,0,0,1,511239.162739632,31399.1125382141,63895.908916065,51496.3601008681,60042.5221135749,44261.1144627647,74456.7372107148,99659.940628571
FT1546,559.471238018291,559.470988897974,559.47365493197,3107.95803435769,3038.73870776731,3109.97639714724,10,1,0,6,1,20960287.9458851,90712.735779238,359331.053550353,262198.924678239,144750.723001652,211091.198219792,189390.872320353,252867.366159058
FT1547,560.14941643734,560.14941643734,560.14941643734,1081.33836340209,1081.33836340209,1081.33836340209,1,1,0,0,1,161688.008218749,65810.153809325,51857.5576952066,44416.0856199422,75086.1059697966,36591.9398511873,42260.256516314,57858.6682090589
FT1548,560.149395405322,560.149395405322,560.149395405322,1657.26322665112,1657.26322665112,1657.26322665112,1,1,0,0,1,224629.931935929,8681.62889724009,0,11763.8411985309,18642.050638085,12300.3169632787,15851.9961053011,0
FT1549,560.243406293943,560.243363808263,560.283195529206,2432.78656881947,2429.71290048288,2492.09987965048,7,1,0,5,1,351250.842592016,154469.005200058,103325.726482232,111462.470868328,248787.523758263,248839.753927471,2330080.89446778,2009800.70406247
FT1550,560.298124964861,560.177694793538,560.298206814528,1079.73118525673,1005.64752761047,1086.51563721207,11,1,1,6,1,6711099.23158717,181257.631248047,683961.119053545,636346.952728796,257623.948212141,118313.143157471,270502.861559245,296434.569338542
FT1551,560.299087452435,560.299087452435,560.299087452435,2712.60418323754,2712.60418323754,2712.60418323754,1,1,0,0,1,102473.172500976,0,1257.36967890295,0,0,0,0,4924.3267024127
FT1552,560.316325778558,560.316325778558,560.316325778558,2824.70982578865,2824.70982578865,2824.70982578865,1,1,0,0,1,150676.80070526,7188.90884783642,14396.731140438,12807.3708604078,17196.4296854524,14247.5184001866,19633.334961843,27713.1527586283
FT1553,560.476482231458,560.474766051483,560.478198411434,3070.08756996134,3045.18729264354,3094.98784727913,2,1,0,0,1,8623563.89182605,915.205909022112,0,0,0,0,0,0
FT1554,560.831217906421,560.831217906421,560.831217906421,66.1488548941845,66.1488548941845,66.1488548941845,1,1,0,0,1,408108.079886482,0,30531.5433433512,27372.7524714467,0,5410.65421287341,5362.6404516877,13220.5108870985
FT1555,561.167949748491,561.151662742074,561.16800434559,123.931828895373,105.556834578964,124.998371651533,5,0,1,4,1,214071.658737174,1699718.01213372,1125283.05406703,1076044.98718929,1699063.93662956,259275.276541775,1992747.44114583,1228968.60501563
FT1556,561.255881533944,561.255740952469,561.255905404164,2263.052842611,2261.72428255119,2263.70758460424,3,0,0,3,1,20817.5542922084,105909.778539433,97526.9672478255,138702.494653158,162724.734045411,137509.400324709,115037.666475219,126106.987149037
FT1557,561.301553139366,561.301511991488,561.301594287243,1079.68631751581,1079.6414497749,1079.73118525673,2,1,0,1,1,2064859.24457222,0,185023.713308751,137078.966753202,81053.1875154548,71164.6755472195,103037.082104724,90879.6711790652
FT1558,561.484220964695,561.479292149118,561.489149780271,3064.76258646138,3045.18729264354,3084.33788027922,2,1,0,0,1,1831697.84357722,0,0,0,2218.79890411375,1063.00288011453,0,878.743068617115
FT1559,562.119622294817,562.119609636701,562.119634952933,749.923702555881,732.266491536632,767.580913575131,2,1,0,0,1,650916.995847533,19670.099386496,22145.1487022678,35791.1646464322,8504.29730387269,22552.9731234611,15323.9335878798,14230.0785400145
FT1560,562.305251731039,562.305251731039,562.305251731039,1079.6414497749,1079.6414497749,1079.6414497749,1,1,0,0,1,207392.41533203,0,14158.5242939854,0,3573.59063398168,3779.74411436246,3344.97571795123,5867.27891438655
FT1561,562.487594630671,562.482573306928,562.492615954413,3064.76258646138,3045.18729264354,3084.33788027922,2,1,0,0,1,761583.278820611,0,0,878.10670706272,0,0,0,0
FT1562,562.726880556855,562.726880556855,562.726880556855,64.872470984916,64.872470984916,64.872470984916,1,1,0,0,1,265882.583605799,5655.25226031599,101931.64904743,65623.1744813597,5193.81454396444,19581.163951055,18671.032519428,22363.6640172278
FT1563,563.141245651839,563.108035707702,563.16231804216,1091.15761762771,1034.34015207212,1116.9783090601,6,1,1,1,1,1269260.48111049,1549030.11581444,161274.609580272,159792.934539858,201303.514579596,1526014.19767879,179357.689436516,188895.918539973
FT1564,563.103866568869,563.103784931963,563.162385353714,788.001673054502,763.685866214904,795.653761876096,4,1,0,2,1,1492411.37274619,101765.394232181,153907.26980166,151328.818270552,49942.0377671057,134489.663720038,113913.743979041,113445.358191135
FT1565,563.14120540726,563.141166815535,563.141470024125,1426.35755578802,1398.66690253341,1431.42141450803,3,1,1,0,1,5278307.73081784,853642.076963463,133443.291419045,112824.975186368,136703.551418832,155540.041519314,203116.331185155,306418.998694127
FT1566,563.16240345512,563.16240345512,563.16240345512,920.976137939203,920.976137939203,920.976137939203,1,1,0,0,1,488248.248705812,98256.5564343906,51714.395402698,89470.6450515344,107579.292775785,174914.628112699,107028.239836184,83716.3913105409
FT1567,563.147106998185,563.147106998185,563.147106998185,111.597925043679,111.597925043679,111.597925043679,1,0,1,0,1,45612.3694370447,698812.09027553,202461.000861266,212127.79672506,309202.684463806,195716.497930028,163022.65420766,156899.581554528
FT1568,563.380477865054,563.344074784901,563.416875347228,2958.99419596059,2931.58889969218,2973.68631876771,7,1,0,4,1,320781.031054691,120178.188018084,96393.9261918645,193088.550962753,231093.677372557,211093.616211493,128703.033785777,297337.389256867
FT1569,563.313129646821,563.271320787585,563.316678252459,1999.32221154967,1943.67168598412,2050.04807849434,6,1,0,2,1,2678466.5826953,23596.5275197083,141480.661179552,80692.8447286761,374954.437391274,458545.366034458,176872.817091014,212883.141189652
FT1570,563.183337212038,563.183337212038,563.183337212038,114.706886679883,114.706886679883,114.706886679883,1,0,1,0,1,44119.357399457,634325.107169538,275434.132699915,411432.826492746,545359.112351589,309734.109263474,562822.650044871,538660.626103752
FT1571,563.225097781039,563.225097781039,563.225097781039,1007.65986515895,1007.65986515895,1007.65986515895,1,1,0,0,1,150179.544433376,0,0,0,0,0,0,5916.81005891588
FT1572,563.505050768213,563.502151949849,563.505185272249,3109.89595712012,3106.28233350258,3111.33926058218,8,1,1,6,1,14842097.711652,300981.447135421,1871935.84144535,1173795.47593016,354584.919804683,764596.491914062,632817.94928247,1052657.82686061
FT1573,564.107121626705,564.107121626705,564.107121626705,797.408673048907,797.408673048907,797.408673048907,1,1,0,0,1,246557.382268031,16205.3137264995,34629.118015519,23647.6891408176,8130.43549271452,13815.7723352235,11335.6392666632,7750.7669823912
FT1574,564.144643818182,564.144643818182,564.144643818182,1426.35755578802,1426.35755578802,1426.35755578802,1,1,0,0,1,1468242.13091309,254823.990322924,28180.7487205071,4816.75019621846,23062.4375081292,19436.1793570951,23261.5451651135,93785.0883954224
FT1575,564.220513972519,564.144604904992,564.22061405516,1086.01408188489,1085.08265527926,1091.15761762771,5,1,0,3,1,867315.662615234,139412.875412231,191540.6906685,157392.289590695,120864.504343096,354517.589465331,116289.638462612,140487.854899779
FT1576,564.172921974087,564.172921974087,564.172921974087,990.394943842841,990.394943842841,990.394943842841,1,1,0,0,1,466512.883101856,0,2956.82571469178,6110.52844894473,0,8841.29745060344,5269.66934746273,3109.68559481337
FT1577,564.218663792947,564.218663792947,564.218663792947,2646.08901530533,2646.08901530533,2646.08901530533,1,1,0,0,1,532455.051306527,52723.4716856073,55137.5322032421,26464.7912175082,22274.3895997922,32429.2964360126,34368.2604616056,29558.2187796045
FT1578,564.238470110395,564.238470110395,564.238470110395,3072.98623571633,3072.98623571633,3072.98623571633,1,1,0,0,1,167394.822003417,0,5416.12481626697,1046.44244662012,0,2610.11351465979,1829.79087637434,2880.00959419682
FT1579,564.508303106652,564.508185009583,564.508414470236,3109.87065568038,3106.28233350258,3111.06598925448,6,1,0,5,1,5898138.39445205,133277.477133131,736342.555727534,414577.449305553,145671.413730134,285480.443546322,237410.163977325,396127.577421877
FT1580,564.784743418875,564.784743418875,564.784743418875,66.1488548941845,66.1488548941845,66.1488548941845,1,1,0,0,1,1608063.7053389,0,7229.21550013672,2235.19220264508,3695.50358734308,0,0,2915.8456049778
FT1581,564.714773361379,564.714773361379,564.714773361379,2647.08605090725,2647.08605090725,2647.08605090725,1,1,0,0,1,466627.132221231,24942.9466756043,30305.2247599005,22347.1169147262,16054.0912202023,29070.1500229675,38912.2042603289,27288.8096529411
FT1582,565.120385920936,565.120304676766,565.129031925483,1341.66651299833,1251.53316675744,1418.12108426531,7,1,0,2,1,151347.533551027,93928.6110486955,69670.2174116707,54832.2838219926,668371.544976103,5684643.86477391,70212.9162626904,63933.8078016967
FT1583,565.120336269154,565.099219221314,565.156712425106,1110.58810463111,1044.091555958,1176.21410316395,9,1,0,3,1,1817328.84158691,210519.480616008,748081.490249634,68798.2734598682,4037626.34274273,18939928.6875908,96772.0499163736,99940.3988704071
FT1584,565.048321892914,565.048255295474,565.04837330942,110.575963716947,109.366504867111,113.217235545996,4,0,1,3,1,509454.919538265,702861.896877402,476939.409349922,718596.237748086,351185.993891501,658746.625473399,114402.831743499,43640.2179551834
FT1585,565.25064528219,565.250605755266,565.258102294632,1890.82981306233,1886.94143968763,1892.36859068183,8,1,0,6,1,2371934.59174984,81767.4181686551,651344.198693284,849721.162292787,3752624.84631699,4502528.03343748,466804.546704105,564106.61337891
FT1586,565.287091865328,565.229465902687,565.359749099772,1989.52755248126,1958.324270948,2027.33808072531,6,1,0,3,1,84316.4648437506,7149.20873243302,21900.81895261,27975.4029950502,427935.249665714,448995.303545736,12871.0666278336,328731.504424805
FT1587,565.217537241716,565.217537241716,565.217537241716,1234.87969962494,1234.87969962494,1234.87969962494,1,1,0,0,1,202834.221848957,0,0,0,0,2625.72310245448,4717.19647814895,11481.744720954
FT1588,565.359789106755,565.359789106755,565.359789106755,3062.00283356915,3062.00283356915,3062.00283356915,1,1,0,0,1,221054.171015623,0,11554.4881265411,2984.98789545387,8346.81418415166,11052.6663147481,2204.40678921776,9091.71285677191
FT1589,565.193024412722,565.193024412722,565.193024412722,1415.71863673487,1415.71863673487,1415.71863673487,1,1,0,0,1,588744.735275795,114227.694031188,146672.153346824,98911.8396037196,127716.536981054,166798.844900533,151415.864308171,112704.223074975
FT1590,565.435004589507,565.424295936492,565.445713242521,2974.48443310596,2961.92800722784,2987.04085898408,2,1,0,0,1,294662.308387045,0,1700.30432266042,0,0,1299.69538406318,0,695.840892968991
FT1591,565.511351001799,565.51081976091,565.511882242687,3108.08282878803,3106.28233350258,3109.88332407348,2,1,0,1,1,1215472.93692619,18514.1186788245,123493.421162113,88680.1124594666,25347.2681924639,53835.7392527925,41860.1897261862,90862.0071788482
FT1592,566.123872994036,566.102731874595,566.160317588113,1113.26977892242,1044.091555958,1176.21410316395,8,1,0,3,1,437570.826060485,28664.2635395291,133778.814392904,3355.49768969997,1029028.86379357,5147863.41147375,9941.20484473637,0
FT1593,566.1458772907,566.124260884408,566.167493696992,1291.87307538296,1272.52866639504,1311.21748437088,2,1,0,1,1,133732.042809712,6841.90905084096,0,3237.026528346,10673.1155533289,1196141.95117532,3867.74487644172,17800.066324603
FT1594,566.123860411127,566.123860411127,566.123860411127,489.199409674609,489.199409674609,489.199409674609,1,1,0,0,1,3388806.12967562,140134.585306482,172695.661274432,233360.226019584,285344.005297467,369541.754784351,158079.950237824,134546.815018289
FT1595,566.123874077322,566.123874077322,566.123874077322,574.635184212523,574.635184212523,574.635184212523,1,1,0,0,1,2972510.63754622,148108.555535889,184744.033359542,255237.831516868,266912.320156605,369140.408273703,116618.892127271,107919.71533002
FT1596,566.152237322992,566.152237322992,566.152237322992,807.646287856463,807.646287856463,807.646287856463,1,1,0,0,1,325380.922994873,0,0,3786.66487013151,0,9458.89863237086,2978.64645087772,6011.84972534132
FT1597,566.254195883499,566.254185516522,566.254485808746,1890.51595997223,1889.3938179261,1892.36859068183,3,0,0,3,1,378237.406948122,12509.0009237243,202498.204451149,217851.528688743,1041159.11673177,1226655.05015624,142002.55506527,124492.710932075
FT1598,566.272559340446,566.272559340446,566.272559340446,1795.28344874164,1795.28344874164,1795.28344874164,1,1,0,0,1,139107.897895508,2770.22652301346,0,0,0,0,0,0
FT1599,566.21443576103,566.21443576103,566.21443576103,724.84595323206,724.84595323206,724.84595323206,1,1,0,0,1,812753.158489746,3277.76065677663,0,0,0,2944.37560185511,0,0
FT1600,566.346887692258,566.346865950777,566.347023978577,2962.99677244242,2961.03647618257,2964.00984778049,7,1,1,5,1,493955.273850582,316140.592185054,426869.726243487,464243.793774661,333227.038070679,355849.441043524,206442.671302437,301578.427212959
FT1601,566.342144737062,566.342144737062,566.342144737062,2241.37941930903,2241.37941930903,2241.37941930903,1,1,0,0,1,268289.519832835,110497.049438676,104161.613102269,99001.7800103065,109127.089352911,135694.357791331,96265.8029340762,101356.688644287
FT1602,567.1148177275,567.114796762054,567.126030261653,1125.28351558339,1099.41013662681,1175.11345404053,6,0,1,1,1,119994.278531167,529501.225441673,455642.571747958,363036.041627951,468419.174654051,1191445.93921524,409203.264673007,484594.884424883
FT1603,567.113233338664,567.113233338664,567.113233338664,1377.33303044388,1377.33303044388,1377.33303044388,1,1,0,0,1,833873.16394653,10385.0580131481,5368.36428631689,3282.34693090843,0,14732.7667917325,0,0
FT1604,567.254152032585,567.254152032585,567.254152032585,103.947738068775,103.947738068775,103.947738068775,1,1,0,0,1,307464.617833694,0,0,0,0,0,0,0
FT1605,567.369833636365,567.369737882883,567.369945814101,3111.72094277625,3111.06598925448,3112.53775737451,7,0,1,6,1,79163.0778945522,209549.8929481,487680.299864497,357524.088548862,390071.709346923,412361.914966225,244870.102069561,385670.006781181
FT1606,567.260532681806,567.229900137698,567.315672086169,1890.33984050889,1851.76001649421,1925.38476407769,5,0,0,3,1,12831.7380157935,0,9621.79542644088,2226.7886072461,143038.022857667,2915235.81419978,4884.57438892694,159838.036187502
FT1607,567.3546277317,567.3546277317,567.3546277317,2237.7106171956,2237.7106171956,2237.7106171956,1,1,0,0,1,1177763.88431153,173987.423989156,277740.889513072,156222.82548228,141585.960989256,235651.85423442,218125.80260771,351914.948490748
FT1608,567.536452008564,567.536335691031,567.536556033447,3198.41990085941,3187.80431282713,3199.81061902733,8,1,1,6,1,1109002.25549816,240094.351315614,1265323.10200765,1229517.17988948,1426088.21298229,1379263.95049673,1415867.80858397,1364052.98332683
FT1609,567.441183990803,567.439907884064,567.442460097543,3008.7718363271,2989.12799893069,3028.4156737235,2,1,0,0,1,763363.104115516,0,0,0,0,0,0,0
FT1610,568.052805838989,568.052805838989,568.052805838989,736.370820477878,736.370820477878,736.370820477878,1,0,1,0,1,11586.0850792939,175421.291282348,0,0,0,2469.41283909268,3896.3128573855,0
FT1611,568.116151150008,568.116151150008,568.116151150008,1379.63622040963,1379.63622040963,1379.63622040963,1,1,0,0,1,177178.103637897,2260.11537422926,0,0,0,0,0,9026.97886133036
FT1612,568.266221075668,568.266221075668,568.266221075668,2886.94055149027,2886.94055149027,2886.94055149027,1,1,0,0,1,175100.056287977,0,0,919.042415848208,0,461.788246397028,0,2291.06146351294
FT1613,568.367642334116,568.362390946255,568.372893721977,3085.43450454516,3058.33125171581,3112.53775737451,2,1,0,1,1,1688413.58761861,640.322387227499,148994.158277997,0,0,0,0,0
FT1614,568.539640797301,568.539546224195,568.539729309569,3198.27297498028,3187.80431282713,3199.28088551135,7,1,0,6,1,381288.726959755,103348.221792546,434463.216951504,453977.008278813,505918.819113962,463687.497161124,536514.388516565,505658.202350263
FT1615,568.443096521503,568.443096521503,568.443096521503,3028.4156737235,3028.4156737235,3028.4156737235,1,1,0,0,1,268256.684045411,0,7204.75308810177,1211.51945741773,0,3829.16887362655,0,0
FT1616,569.094054644999,569.094053614823,569.094087918412,702.315006600054,699.986578505955,703.273072980059,4,0,1,3,1,215093.005389974,3636402.68970704,1659184.79526457,1377430.93711143,1659243.41903013,1978052.6199348,749905.360352515,717059.949720801
FT1617,569.136315196971,569.136315196971,569.136315196971,123.169160099718,123.169160099718,123.169160099718,1,0,1,0,1,14030.6974074827,594414.991362768,240615.433441571,253139.367899215,393737.23571885,211639.674847522,325948.850015392,319250.122334426
FT1618,569.09410771601,569.094045445788,569.164564278333,1197.02111299001,984.124556044875,1288.27459201152,34,1,1,5,1,291974.478217775,7572450.3508059,3298914.99201799,4023616.0688141,4861148.40492188,4409950.15935509,826880.66754818,1369156.72722312
FT1619,569.193722977465,569.115214947553,569.272231007376,911.104422474993,899.954685405798,922.254159544187,2,1,0,1,1,98366.2875242512,0,3540.66915568602,2464.62711627749,0,577042.494316407,0,0
FT1620,569.385525945759,569.365990958032,569.398352588597,3025.50204843485,2999.01281486738,3058.33125171581,10,1,1,6,1,473496.869185101,490801.319909857,1287428.99879291,933562.736629728,969112.487026361,989771.739201659,562199.036862977,938117.229486957
FT1621,569.370390441764,569.37037425103,569.370406632498,2236.70299258137,2233.95468344087,2239.45130172188,2,1,0,1,1,3463038.06469509,62778.9414257359,151902.353030786,86382.9299334803,43166.2936581546,96890.6633811554,92248.3312338135,103834.084338381
FT1622,569.354898508877,569.354898508877,569.354898508877,1972.2853732094,1972.2853732094,1972.2853732094,1,1,0,0,1,333799.762051834,0,0,0,0,5946.66426466757,0,0
FT1623,569.455801459315,569.455801459315,569.455801459315,3060.32478513107,3060.32478513107,3060.32478513107,1,1,0,0,1,154977.424129229,0,5110.32364064888,0,0,0,0,0
FT1624,570.162334251341,570.1044402532,570.162403656653,911.442043547113,896.931418278917,912.085762661185,5,1,1,3,1,1672690.62237146,382664.562849933,266110.20963501,260959.596436879,238864.111932714,175622.421092028,167782.016518615,112060.685357014
FT1625,570.136166580228,570.097697150183,570.136304277015,785.687348730731,702.998337081699,816.964807041844,5,1,1,1,1,808552.118373019,947677.082558593,270980.309724651,266674.904856018,72465.670826629,64670.4872335224,54407.9025464908,95661.7744821533
FT1626,570.09779028841,570.09779028841,570.09779028841,1219.42942315811,1219.42942315811,1219.42942315811,1,0,1,0,1,65988.0056913004,1695347.52287575,855698.428031116,716413.014303413,759921.39477829,677342.06147645,511591.825322224,428384.543077811
FT1627,570.0977437425,570.0977437425,570.0977437425,1288.27459201152,1288.27459201152,1288.27459201152,1,0,1,0,1,62105.8026685416,2268772.88820116,1034801.58935637,740029.197116433,919357.081024237,808538.38069053,443906.899514038,463684.710275327
FT1628,570.104387357218,570.104387357218,570.104387357218,1027.88149856079,1027.88149856079,1027.88149856079,1,1,0,0,1,587965.708761506,0,5228.15617541289,0,0,3083.2985980467,0,0
FT1629,570.388571693761,570.388510414563,570.388672620916,3025.39948436041,3024.94710306007,3026.79873754371,7,0,1,6,1,89696.3344344514,126291.490993654,401255.213383571,313735.585808773,316181.180356819,344668.194238281,125080.755273437,299128.872423968
FT1630,570.3652699284,570.269057093391,570.373413069257,2153.74783178164,2067.65514988697,2233.95468344087,5,1,0,1,1,4209492.63586884,28738.6360255253,91962.8158706225,9395.94613579573,195170.787364066,40688.6373706281,79026.524428892,140615.349387881
FT1631,570.605964961608,570.605964961608,570.605964961608,744.09817952816,744.09817952816,744.09817952816,1,1,0,0,1,407872.168787873,0,0,0,3397.98625312531,0,0,0
FT1632,570.605990355521,570.605990355521,570.605990355521,896.931418278917,896.931418278917,896.931418278917,1,1,0,0,1,850666.374937865,0,2045.43573859827,8324.36624697661,0,0,6033.45632646742,3510.8499233435
FT1633,570.605922076524,570.605922076524,570.605922076524,1027.88149856079,1027.88149856079,1027.88149856079,1,1,0,0,1,237410.119604492,0,0,0,0,0,4421.71679613372,0
FT1634,571.123637783084,571.123144998843,571.128577183731,105.141397455748,67.3491315307419,111.25503139793,14,1,1,6,1,671894.163748995,5159882.14170304,3959336.68811492,3511950.79247986,4501656.46510453,2629971.91874125,3629190.99188374,3558588.89727168
FT1635,571.109750475826,571.109736582174,571.109960505006,857.026979724869,855.740023431484,862.357767794176,8,1,1,6,1,857497.19760117,7500157.88086144,4188582.66028959,3806586.87723958,4230105.10504209,4634008.43405816,2173769.13606383,2028793.75137695
FT1636,571.109761338699,571.109740635589,571.109882512638,942.950288070773,940.705051327335,978.568959270727,7,0,1,5,1,858556.58855608,3769885.30358523,2369915.74757665,2402157.88346819,2223547.7885127,4087585.89909775,1462346.82148739,1416803.70464714
FT1637,571.28955086725,571.289504289114,571.289798690565,2958.99419596059,2905.76237629313,2961.03647618257,9,1,1,6,1,20095230.8882537,205984.430925854,425987.830712887,455234.778925779,326570.533081055,780817.792237303,381689.853611324,442237.790003312
FT1638,571.19989307178,571.109689573658,571.224969885203,1054.63461584803,1052.7633137219,1098.30645168276,8,1,0,5,1,2240301.92917279,0,200595.790032227,1021291.19215494,0,173500.115096029,482629.09242114,415545.449179515
FT1639,571.167307320315,571.109697388532,571.237556689333,718.184325665634,708.242822811981,754.72721153262,4,1,1,1,1,332859.689872437,2263905.74712348,39413.1017792163,42632.2851460613,999361.025707397,39887.5815987955,60502.1473770036,54705.8131827127
FT1640,571.280017809805,571.280005137717,571.280030481892,2421.39853474928,2419.23859826076,2423.5584712378,2,1,0,1,1,444584.151140624,97168.9799065745,201518.391894532,178976.218561848,188556.182256241,212604.980216851,213206.289864511,291465.718988423
FT1641,571.40126733384,571.401098057888,571.40760877154,3043.01257418916,3040.66290616019,3048.88243174569,8,1,1,6,1,657870.709252688,247064.858804273,1154901.65525936,868571.900279479,697670.086863612,957950.871413576,645442.901366035,929037.435634757
FT1642,571.437505220804,571.43746626367,571.437544177938,3217.11574517924,3209.16826118805,3225.06322917042,2,1,0,0,1,3970299.22905336,3517.09662073379,25143.3217220611,14086.480040755,13086.5416328537,14544.3151038442,8636.87270573656,24543.0401930932
FT1643,571.325930293603,571.325930293603,571.325930293603,2446.82800454632,2446.82800454632,2446.82800454632,1,1,0,0,1,110174.719443361,12698.7112177009,27391.6817757923,17078.9405264276,15158.8683833104,22139.9689009843,22123.3137262181,30637.1445895652
FT1644,571.465293404332,571.43544975552,571.495137053143,2990.80750147677,2964.90199977835,3016.71300317518,2,1,0,0,1,1919517.97844575,0,0,1919.74147909859,0,0,0,0
FT1645,572.132184795127,572.127558639792,572.13238504705,105.861903660899,103.351920805285,111.25503139793,7,0,1,6,1,112763.423794162,761210.952068787,600211.536935972,581233.022042141,528560.506002043,374170.097894098,408024.448430054,453924.244624093
FT1646,572.113347072996,572.113267278684,572.113563642022,857.558288016097,856.011752565458,858.978144917901,5,0,1,4,1,230773.538706791,2275872.40794922,1301270.8220415,1142587.27386359,1247871.21655083,1376963.18101318,678075.758356004,653697.030406624
FT1647,572.115487412329,572.115457015403,572.115517809256,612.951276506231,582.776490759892,643.12606225257,2,1,0,0,1,1139745.65061676,13930.8989293559,14395.80701598,11559.2091031027,17644.3070628742,5113.68307369814,11304.4980598743,6018.27623529789
FT1648,572.13512304055,572.13512304055,572.13512304055,1791.39721785659,1791.39721785659,1791.39721785659,1,1,0,0,1,224543.447277833,6963.69812823956,16367.3828929276,0,0,0,0,0
FT1649,572.228310628468,572.228310628468,572.228310628468,1055.24391998083,1055.24391998083,1055.24391998083,1,1,0,0,1,519119.24483817,2730.31123134327,37436.721037603,17287.4581293708,11167.0179468638,29171.681725696,92861.0307427225,118318.547273615
FT1650,572.404268147022,572.292941102631,572.404445554915,3043.21931733204,2947.37683296817,3046.44701031091,7,1,0,6,1,5740233.22546474,99832.0882878574,381382.875663774,263771.256772458,170311.226470641,352554.965703939,194551.602671142,288516.61018609
FT1651,572.183770233927,572.183770233927,572.183770233927,126.535297995497,126.535297995497,126.535297995497,1,0,1,0,1,21861.3259597176,563174.721829834,114917.760807086,195032.479716113,171076.012767632,158570.396895935,256700.514582158,169210.655331244
FT1652,572.298196983513,572.298131964293,572.298231159019,1072.50006823211,1070.06043922044,1073.0143876855,6,1,0,5,1,1004962.59926847,0,414212.007031249,253871.050693359,306532.085568576,169842.53576172,155741.868140189,159112.297470701
FT1653,572.440627898947,572.440597524164,572.440658273731,3217.11574517924,3209.16826118805,3225.06322917042,2,1,0,0,1,1501043.20123963,1073.06422661857,8271.30782075191,2700.01163723697,1768.07657154545,5043.0102924413,990.116241614433,5360.7631609543
FT1654,572.453823455112,572.453599292588,572.498352072438,3036.56480153228,3016.71300317518,3039.42307083599,3,1,0,1,1,715267.853266786,56551.4280490809,162628.146362415,89930.2423106435,89425.4255409501,106862.745427993,58911.0945906555,118614.779672535
FT1655,572.942495438757,572.942495438757,572.942495438757,64.872470984916,64.872470984916,64.872470984916,1,1,0,0,1,682442.180926281,4860.05844374094,3729.61533518501,2207.95623061164,4776.88187309745,0,6354.75635334137,0
FT1656,573.124352775239,573.099259173317,573.167642425534,670.480434557754,593.956723838064,693.838718252678,9,1,1,2,1,5880971.543677,2150446.66399359,1259091.03703867,1065280.89833685,1195645.61510352,1033884.85576808,903017.218679134,992044.141611704
FT1657,573.122894420071,573.120955011331,573.12540939378,747.758730849612,745.53909849167,769.342661301649,5,0,1,3,1,397065.165245651,4277578.43495449,1896254.91338818,1672891.19666051,2030721.39717516,1985467.39335838,1414757.92572337,1718509.81463337
FT1658,573.125409973387,573.125409973387,573.125409973387,1174.7061050041,1174.7061050041,1174.7061050041,1,1,0,0,1,1426628.82015959,611793.541223036,488870.665631806,418808.901875167,573231.778741188,467916.369868142,422917.322241356,466088.243986513
FT1659,573.065624092033,573.065624092033,573.065624092033,1112.79420496318,1112.79420496318,1112.79420496318,1,1,0,0,1,350510.112028619,8166.94663595495,0,16098.5598674885,0,0,0,0
FT1660,573.086614383016,573.086614383016,573.086614383016,1586.98736649554,1586.98736649554,1586.98736649554,1,1,0,0,1,214260.456303221,10131.8565496464,0,0,0,0,3423.82751604277,0
FT1661,573.12536891838,573.119751302649,573.172460892222,850.504703031422,793.521900798314,933.411802895979,12,0,1,3,1,353229.726417708,1783521.49848492,688712.172350721,711936.015450092,1061959.98207045,600145.23456817,639241.885202318,818953.232686542
FT1662,573.29238597185,573.29238597185,573.29238597185,2362.52836208697,2362.52836208697,2362.52836208697,1,1,0,0,1,601683.922649274,26079.321881678,99437.8223590502,93129.2328574309,88120.6550149637,85074.5602071226,118706.225425777,103164.643021954
FT1663,573.292380741417,573.292380741417,573.292380741417,2434.69065954191,2434.69065954191,2434.69065954191,1,0,1,0,1,293278.912944392,179747.598891253,289504.209791808,263128.490684742,269502.404381321,236377.18450219,219569.668468381,237634.880191297
FT1664,573.249412175264,573.249412175264,573.249412175264,2027.43544008616,2027.43544008616,2027.43544008616,1,1,0,0,1,2842362.64857179,2502.14982096727,11678.4096799965,5152.85997893743,3375.90977555464,3010.42372702887,12927.9917067164,385.970344897809
FT1665,573.277070328419,573.277070328419,573.277070328419,1419.8955736141,1419.8955736141,1419.8955736141,1,1,0,0,1,495939.258223879,57422.9056291059,40524.1836860636,15580.3787293995,32337.4327713632,14165.3991842626,128343.990387993,92321.7197073299
FT1666,573.416871929997,573.415108586108,573.417012271079,3007.63601867252,2991.56687690047,3014.855948268,13,1,0,6,1,132645.53882483,204520.469935986,692565.147890621,680162.21046565,691039.463055752,1192441.12233886,665879.480724611,656490.473594195
FT1667,573.332060978975,573.331906131965,573.33232221109,2869.09374448025,2866.2678623885,2870.5914980088,7,1,0,6,1,242768.655834964,62089.8170330257,280965.611612077,343527.141870119,342962.5228125,490747.848559694,622969.744726565,1070887.24117563
FT1668,573.295914727554,573.295780202377,573.380427451458,2568.65201308689,2475.45137861011,2570.4828171884,6,1,0,5,1,366546.19323317,121254.100709613,169807.030727143,248268.213846904,609637.222945658,497511.702836159,482484.676874994,297653.756745797
FT1669,573.301874525968,573.301874525968,573.301874525968,1072.48855713123,1072.48855713123,1072.48855713123,1,1,0,0,1,319448.07000799,0,142391.830535491,94241.8237670566,104807.973567855,62383.8637576262,30243.3849785152,65008.1318011249
FT1670,573.380407101297,573.380407101297,573.380407101297,2313.97819107873,2313.97819107873,2313.97819107873,1,1,0,0,1,219262.839188365,0,0,0,0,0,0,0
FT1671,573.453159303487,573.453159303487,573.453159303487,3284.61363933535,3284.61363933535,3284.61363933535,1,1,0,0,1,4036147.19548907,13872.4738990634,52517.3900103894,18989.1407878808,4680.11514931083,19141.4017869826,15320.0229586574,23002.4691598046
FT1672,573.447534046341,573.437952684286,573.457115408395,3068.8203504106,3039.42307083599,3098.21762998521,2,1,0,1,1,173894.676256385,0,139262.425965169,0,0,784.743067375324,0,0
FT1673,573.453058833461,573.453058833461,573.453058833461,2967.81068725419,2967.81068725419,2967.81068725419,1,1,0,0,1,490988.205121662,0,0,921.219823054204,2035.43845531431,0,0,0
FT1674,574.129031995895,574.129031995895,574.129031995895,1176.74025595838,1176.74025595838,1176.74025595838,1,1,0,0,1,120372.296940104,19178.8671524378,29513.7926661386,47577.2437054102,14221.9873164218,18021.1554795538,25204.8218245752,31632.2783158401
FT1675,574.129086144506,574.129086144506,574.129086144506,668.848447977078,668.848447977078,668.848447977078,1,1,0,0,1,1742494.12603125,377143.030869833,564282.039821292,406995.456832102,326642.565262502,390547.159076399,323775.64025445,398877.018942382
FT1676,574.295487951722,574.295487951722,574.295487951722,2362.52836208697,2362.52836208697,2362.52836208697,1,1,0,0,1,142312.062057495,2118.7882748291,23129.6863415736,29447.7654251209,23415.9304776256,19710.0078008019,21019.5925524864,27550.8406662558
FT1677,574.252636178559,574.252636178559,574.252636178559,2027.43544008616,2027.43544008616,2027.43544008616,1,1,0,0,1,778607.765206913,0,2525.12237011456,2198.9031969903,1429.51082145661,0,1918.41759998941,4905.78526135957
FT1678,574.280199355891,574.280199355891,574.280199355891,1419.8955736141,1419.8955736141,1419.8955736141,1,1,0,0,1,144385.569639757,8864.05059358272,0,0,0,0,4459.44015743503,5863.29740596962
FT1679,574.419962735525,574.313074164627,574.420077989582,3007.21926008279,2992.68286383983,3069.41312546386,9,1,0,5,1,386287.459732421,76498.4779578286,266350.832128098,220309.821023685,219284.418854983,432913.474214474,221789.044741455,146918.986002604
FT1680,574.323773785462,574.323748281038,574.323804050519,2119.31336402172,2117.97855263159,2120.06254341548,4,0,0,4,1,160570.329713113,85268.8957099971,167370.890507814,146404.568932169,500533.705984233,549623.274033202,150110.43308248,147907.402753909
FT1681,574.456300092942,574.456300092942,574.456300092942,3280.09940405328,3280.09940405328,3280.09940405328,1,1,0,0,1,1712917.95847455,2777.63923303213,26320.8075076504,4329.71885350217,2371.96925976063,4489.4463143384,498.511689668327,10581.018714825
FT1682,574.456248733638,574.456248733638,574.456248733638,2967.81068725419,2967.81068725419,2967.81068725419,1,1,0,0,1,196675.357964256,0,0,0,0,0,818.076170928187,0
FT1683,575.015355967584,575.014329273575,575.019058527767,73.8009433175717,66.1488548941845,90.4098393050314,8,1,0,5,1,1163612.93270512,148026.352315594,768019.857796441,1086925.66285278,571043.541362816,1250278.83037759,407364.479941101,327927.387100697
FT1684,575.167604107551,575.167604107551,575.167604107551,1103.8896824389,1103.8896824389,1103.8896824389,1,1,0,0,1,199285.020156249,5239.56938890132,0,4910.47549147294,0,0,0,0
FT1685,575.162301553511,575.162301553511,575.162301553511,853.703936825789,853.703936825789,853.703936825789,1,0,1,0,1,41892.2087110278,353422.316856115,45474.0014085991,69566.20493578,73679.966465236,73653.240515885,70218.2204509549,82765.1905748322
FT1686,575.183458644315,575.183392757041,575.183516062264,127.563908287464,123.931828895373,179.111860144771,11,0,1,5,1,203478.629088589,1341068.16056563,866350.999509511,1109527.80206763,1335312.75452604,790768.955605821,1918654.22502816,1528383.93049419
FT1687,575.279458999854,575.265137724459,575.281391828217,2090.28194342595,2067.65514988697,2129.2783459334,5,1,0,3,1,103351.037017299,2432.63083983944,19289.1960742545,1471624.03274726,2099151.16127033,1251615.4359647,10832.3608941232,23978.9528833932
FT1688,575.28038225377,575.280232761495,575.357216705782,2232.0428977348,2223.96390381511,2233.44936999934,3,1,0,2,1,978653.268254217,8623.6435716409,194135.345495562,628887.05916652,62365.2158820026,5005.4777028627,17985.4531733901,28237.6650897102
FT1689,575.35204474623,575.308065144531,575.396024347929,2483.78852071887,2475.45137861011,2492.12566282764,2,1,0,0,1,1568989.85343973,0,1884.01115461956,3574.30824554367,1056.76292397216,3230.45946857582,2912.36591116075,1912.71824667578
FT1690,575.225312823293,575.225312823293,575.225312823293,1083.34394343306,1083.34394343306,1083.34394343306,1,1,0,0,1,1859231.41828125,16069.7249956369,61484.8226660288,22659.6383322586,36397.7528027262,19977.7867479203,53324.7070636431,67697.6068317584
FT1691,575.395954842897,575.395954842897,575.395954842897,3107.76171372841,3107.76171372841,3107.76171372841,1,1,0,0,1,225210.12362671,11531.54289793,25452.21727612,12573.5681601869,19057.0128265167,18102.0303158607,10628.605180322,16796.3396134603
FT1692,575.449414884558,575.449414884558,575.449414884558,2973.68631876771,2973.68631876771,2973.68631876771,1,1,0,0,1,145398.337904831,0,0,0,0,0,0,3035.93399651736
FT1693,575.445331974349,575.445331974349,575.445331974349,3094.98784727913,3094.98784727913,3094.98784727913,1,1,0,0,1,243734.312852784,1320.87749780341,1676.65535122674,3025.86153553569,1266.59719633087,10503.2048412421,2185.2596457048,4341.31885107593
FT1694,576.107769805509,576.107769805509,576.107769805509,1039.64062689399,1039.64062689399,1039.64062689399,1,1,0,0,1,640092.368941734,3877.74191986388,18483.3195690769,17912.7661257081,19808.18140577,2826.28185954323,0,2438.88477214031
FT1695,576.212649374717,576.212649374717,576.212649374717,1000.96597580665,1000.96597580665,1000.96597580665,1,1,0,0,1,374321.235401,0,0,0,8885.46340023209,0,8236.02261547425,4933.01684282367
FT1696,576.228574724176,576.228574724176,576.228574724176,1085.08265527926,1085.08265527926,1085.08265527926,1,1,0,0,1,546874.112684543,0,15194.495191046,0,0,3614.69293947466,6300.56447520624,14903.2955374997
FT1697,576.375709470717,576.375709470717,576.375709470717,3060.32478513107,3060.32478513107,3060.32478513107,1,1,0,0,1,145108.707700193,5228.11082757617,31369.839644674,8980.31488962512,25164.2481316823,34639.4495187934,22679.7097503243,30792.9491240871
FT1698,576.399093201529,576.399093201529,576.399093201529,2475.45137861011,2475.45137861011,2475.45137861011,1,1,0,0,1,412789.955452532,0,0,0,0,1229.80434456485,1241.91825260007,0
FT1699,576.50016866203,576.50016866203,576.50016866203,2973.68631876771,2973.68631876771,2973.68631876771,1,1,0,0,1,117635.961881512,0,16413.7794242699,4617.69615444565,0,2117.93043473642,0,14657.3982986
FT1700,576.609337006657,576.609337006657,576.609337006657,1039.64062689399,1039.64062689399,1039.64062689399,1,1,0,0,1,219483.448663738,6987.74571914256,0,9322.63171078102,0,0,5243.50765886606,0
FT1701,577.135649762486,577.135623390778,577.135676134194,919.242122143587,917.508106347972,920.976137939203,2,1,1,0,1,656477.281075895,939640.163928838,29218.9000599382,7734.6990623501,18599.1988958653,16084.4182521063,36590.2201368118,34985.3974777397
FT1702,577.135635997305,577.135595718056,577.135676276554,743.208300381606,738.703606249765,747.712994513447,2,1,1,0,1,1166528.59197926,2567735.85092774,35373.8084112755,0,7360.00879103745,4348.15546554443,49484.9531304255,13106.9398478253
FT1703,577.135621552739,577.135621552739,577.135621552739,1029.56425207809,1029.56425207809,1029.56425207809,1,0,1,0,1,108015.271536389,294943.02871449,31907.1289272496,21596.4865866214,35441.5744314683,24700.9870756902,58513.8477543236,29079.4504112349
FT1704,577.269421268382,577.269332470178,577.269577225453,2769.06088020558,2735.6152516795,2775.65646671835,8,1,0,5,1,2794475.08348631,118276.084125337,216447.051594799,277081.360527834,210563.214975585,220191.060843834,362950.641307899,365860.857614692
FT1705,577.156806481614,577.156733764691,577.250733451644,1449.38596925233,1444.49845861219,1458.1542902943,5,1,1,3,1,3150731.95591551,1120061.14717577,156091.531143217,199584.286071448,227271.937634303,1088965.46391146,873439.846999996,1440235.38294852
FT1706,577.230884484312,577.230873450461,577.230895518163,1956.12760388748,1956.12261432496,1956.13259345001,2,1,0,1,1,822126.610107422,92473.3701308712,5104.31195079415,0,0,45024.6047415412,188758.848908444,208813.424947916
FT1707,577.287444915529,577.287249455325,577.33759449154,2125.09493644479,2122.78131881314,2164.64939764758,9,1,0,6,1,1473929.87790413,129885.797966558,748604.921580519,804969.2287793,1892000.20473794,2315787.17037658,744584.931854927,932937.650506882
FT1708,577.375416708089,577.375326336089,577.375573869739,3099.7870817224,3097.88972693991,3100.28652073848,7,0,1,6,1,108655.22889382,227640.063758952,247404.311891277,554753.238940423,333225.935894878,966583.029841311,203959.775696413,668266.393159619
FT1709,577.204366083279,577.177929973799,577.204406319944,1007.81364313442,1007.38052831803,1072.34129781541,3,0,1,2,1,251606.073483624,610582.920691405,252102.184294758,162057.39203455,163484.711641846,143007.693645021,141887.052272958,106227.033619866
FT1710,577.42097568523,577.42097568523,577.42097568523,2977.55151165471,2977.55151165471,2977.55151165471,1,1,0,0,1,25069487.9110858,3233.32961263091,67850.5304946497,2483.16857669237,1750.13685581802,0,2543.88996482482,9534.77613336584
FT1711,578.13937994886,578.139341071928,578.139418825793,919.242122143587,917.508106347972,920.976137939203,2,1,1,0,1,187422.379127572,240024.338955034,7125.88099605532,5668.66494237921,25575.0700999257,5218.21005570274,18711.1770163419,15989.0315726049
FT1712,578.160376338694,578.160308882556,578.254050338829,1449.97569322845,1444.49845861219,1458.1542902943,4,1,0,3,1,829338.877402381,279534.039432388,41996.2837688677,40099.2814163975,28591.1838976714,203519.224908853,215854.209920654,397481.871132161
FT1713,578.290490955862,578.290459489013,578.290511795412,2125.09493644479,2124.36270030608,2128.07801102545,3,0,0,3,1,252985.15832056,27107.8745456317,111610.374666339,167034.417610279,438335.064527495,589903.460118911,159489.180010441,222717.671785764
FT1714,578.180774346172,578.139267502417,578.222281189928,734.058118367026,728.274987777109,739.841248956943,2,1,1,0,1,1948114.61486124,780631.824548932,0,2344.86657200092,4648.90262338871,0,0,1803.36562076526
FT1715,578.207916530101,578.207916530101,578.207916530101,1007.81364313442,1007.81364313442,1007.81364313442,1,0,1,0,1,39067.1599772426,142577.569586182,56470.8236528299,32321.7321832818,48532.8099915345,43026.93814761,30212.011762585,20580.675688389
FT1716,578.272701321713,578.272701321713,578.272701321713,2768.25973993609,2768.25973993609,2768.25973993609,1,1,0,0,1,791597.666755665,33179.9820612256,94906.623949073,139061.694973316,79130.2997803437,109942.627350628,162745.452013256,180676.613392654
FT1717,578.234322411325,578.234322411325,578.234322411325,1956.13259345001,1956.13259345001,1956.13259345001,1,1,0,0,1,257072.009985351,21767.4632263693,0,4012.22623795447,3936.27347445429,11192.450716787,57443.8508404521,64509.513868001
FT1718,578.378457232084,578.378406943816,578.378558726764,3099.7870817224,3098.17003559837,3100.1879395014,3,0,0,3,1,28118.2593788696,82550.3614445376,91074.7194724842,173807.711705875,117848.779538308,295332.690027467,73499.383597946,184106.854171144
FT1719,578.428722195787,578.428722195787,578.428722195787,2977.55151165471,2977.55151165471,2977.55151165471,1,1,0,0,1,9317675.01309953,6061.78710175889,63754.0911031953,9053.48263607855,0,12377.2830870369,3154.87007519029,16822.7031580178
FT1720,578.701055870163,578.701055870163,578.701055870163,64.872470984916,64.872470984916,64.872470984916,1,1,0,0,1,311433.195880168,0,44249.0865209492,24008.6696962479,10966.0868185736,28915.6148593919,10065.5519921861,0
FT1721,579.136094410678,579.136094410678,579.136094410678,1540.97465915168,1540.97465915168,1540.97465915168,1,1,0,0,1,2064351.94983553,255380.674081326,64406.5863545143,48050.1294165718,72109.7735197555,79808.1992098752,93366.7357343903,77341.0781046724
FT1722,579.135905170906,579.135905170906,579.135905170906,1216.40327068397,1216.40327068397,1216.40327068397,1,1,0,0,1,813702.059260562,159628.346827207,116680.159010858,111239.680704864,140122.267044276,166063.727891876,146903.285598135,136997.611246025
FT1723,579.206086826901,579.193476759859,579.22542694884,736.61148988902,728.274987777109,807.646287856463,3,1,0,1,1,1303240.63183824,1244.56209345581,2336.66634842977,0,0,725225.995841278,3129.29552746881,2156.6956210187
FT1724,579.208742525084,579.208738196671,579.208746853497,1440.72316357239,1440.69456348793,1440.75176365684,2,0,1,1,1,155813.715504513,110987.646807861,122108.778344473,97204.9279662383,96626.29616899,855078.240839842,175838.844600052,257214.265267483
FT1725,579.17828474618,579.178215776332,579.178353716028,111.494314571571,109.937371484072,113.051257659069,2,0,1,1,1,127490.922196754,1107824.82222458,375247.485099322,517016.761480336,685021.464913421,612943.022864473,699582.685303133,588427.607402966
FT1726,579.266383380282,579.266383380282,579.266383380282,1619.24223311411,1619.24223311411,1619.24223311411,1,1,0,0,1,517671.174221194,45517.401875381,33670.1074383926,62113.0906969713,18662.5291534557,113712.169060567,62067.9819406824,46792.6323947261
FT1727,579.233336788042,579.233336788042,579.233336788042,1326.88000947865,1326.88000947865,1326.88000947865,1,1,0,0,1,256705.254110661,0,3840.68175515614,0,0,0,8786.27645514846,3406.55296836753
FT1728,579.2850531368,579.2850531368,579.2850531368,2869.09374448025,2869.09374448025,2869.09374448025,1,1,0,0,1,1545209.61848366,37950.8233117179,99726.6807150236,90759.3811996239,36614.8239697671,88359.1225611295,93803.1802021047,110382.510605151
FT1729,579.183574134778,579.183574134778,579.183574134778,324.180937876936,324.180937876936,324.180937876936,1,1,0,0,1,287480.0985,2244.96274757627,0,0,0,5161.00134995906,4945.0224681939,9226.01867553194
FT1730,579.331074901511,579.331006953773,579.331113540226,3119.17426163302,3117.99347509912,3121.86817767324,4,0,0,4,1,19908.430873352,80628.2727469368,168507.765857726,184320.606413899,178444.16839393,280970.458422154,237770.426234786,280212.182475329
FT1731,579.26639096792,579.266379703079,579.318051343709,1996.94122025767,1941.05990856102,1997.27300767384,3,1,0,2,1,72277.0952246108,53282.573636538,179473.126746196,178749.424363778,791219.985729982,881121.31229074,183452.202058086,191791.911545339
FT1732,579.208773657617,579.208764285706,579.208783029528,1091.60156134692,1090.36165202078,1092.84147067307,2,1,0,1,1,698825.573854978,60446.8945388652,71927.0572481162,43465.0313118921,30422.8098994483,869180.482479073,59318.661395347,38349.9600835414
FT1733,579.352130455522,579.352087946551,579.352172964493,2232.5716883477,2232.45205634357,2232.69132035182,2,0,1,1,1,206620.673586924,162056.026818644,239559.795206702,120324.007831056,72130.8940145163,149673.216887144,146154.127624153,177330.97083736
FT1734,579.437409742205,579.434682732561,579.44013675185,2998.82863686355,2973.68631876771,3023.9709549594,2,1,0,0,1,10889594.2442553,0,0,0,0,0,0,0
FT1735,579.91915335763,579.91915335763,579.91915335763,1375.93170103465,1375.93170103465,1375.93170103465,1,1,0,0,1,197812.979280272,2456.13900896486,0,0,0,0,0,4236.49517950034
FT1736,580.058840343663,580.058840343663,580.058840343663,116.681947348244,116.681947348244,116.681947348244,1,1,0,0,1,756434.092849186,3848.37720980976,0,0,0,2697.70310923082,4442.33355014631,29192.14840052
FT1737,580.288461726492,580.288461726492,580.288461726492,2869.09374448025,2869.09374448025,2869.09374448025,1,1,0,0,1,362238.123173829,5883.5495069674,13548.4598854324,20217.5829070423,8680.41917642518,17088.3445789431,12759.481247949,22539.1604912513
FT1738,580.20976292526,580.20976292526,580.20976292526,809.942842098279,809.942842098279,809.942842098279,1,1,0,0,1,266173.409821665,0,3395.04387772659,0,0,0,2947.85646618898,0
FT1739,580.36243693328,580.36243693328,580.36243693328,3023.9709549594,3023.9709549594,3023.9709549594,1,1,0,0,1,136103.867734374,28813.5255822182,45571.3423201599,30978.2940185791,17172.5954525641,13221.5302136174,6740.00830942297,19282.1183541254
FT1740,580.362530719193,580.362530719193,580.362530719193,3284.61363933535,3284.61363933535,3284.61363933535,1,1,0,0,1,4957348.15293292,79314.9249317598,68094.3647430452,30760.259235188,12867.3811908984,30794.3900805747,23742.2904118545,26079.1034943689
FT1741,580.44070461841,580.44070461841,580.44070461841,2973.68631876771,2973.68631876771,2973.68631876771,1,1,0,0,1,3694968.66084839,1304.13132515103,3626.78799994636,1313.17326794928,0,1646.77663666295,0,3096.45428255217
FT1742,581.172720968192,581.172674466815,581.17279799748,607.981775142503,602.485074476566,613.251476739698,8,1,1,6,1,430494.204163696,597681.534542384,1798183.54771387,2122709.70441193,2084150.07450292,1525969.63929961,2001003.22748511,2060870.71940657
FT1743,581.281983384482,581.281922428615,581.282003930341,1901.44085850906,1898.26008127527,1902.70477612395,6,1,0,5,1,314106.639023437,3955.08058728289,187924.739080529,167786.787874349,664613.75627841,900170.887296879,104658.475656129,187010.773620903
FT1744,581.272035529422,581.272002950046,581.272061273928,910.499398012987,910.031303796794,914.629570097686,4,0,1,3,1,96798.2020010055,691724.966105767,322170.072618963,232484.444642478,115580.221250841,184569.667460688,218105.039174805,128523.923011318
FT1745,581.094154385523,581.094117716461,581.178081867551,1147.29122474567,1145.44022408503,1163.4264066104,4,1,1,2,1,549426.345455232,894875.556523436,537198.280244141,462534.103479465,543383.999645835,439110.427453884,326182.987540126,315458.929100034
FT1746,581.224433661767,581.224433661767,581.224433661767,1270.80854761924,1270.80854761924,1270.80854761924,1,1,0,0,1,257859.979586589,194076.633480551,45949.0726362642,0,16597.4166818016,18930.4134708614,11847.0494036432,0
FT1747,581.282203182295,581.282203182295,581.282203182295,1625.98753107902,1625.98753107902,1625.98753107902,1,0,1,0,1,282010.588264318,389798.645772005,184459.745924723,276964.491179364,130609.553543509,139485.584593152,196743.583844878,209511.743999164
FT1748,581.368355197865,581.368093295992,581.368617099738,2228.50267343828,2226.19254964609,2230.81279723048,2,1,1,0,1,557273.353206131,144404.385459498,236047.990220877,91146.0244340212,74917.8443718095,143432.342213388,150013.853664292,137421.096949178
FT1749,581.365954065083,581.365954065083,581.365954065083,3286.35639955282,3286.35639955282,3286.35639955282,1,1,0,0,1,1429668.02281043,26649.1768656735,16116.2420713648,6885.11214816377,2327.19360922607,6538.97199435129,1604.59038535001,6266.00027114718
FT1750,581.300566243409,581.300566243409,581.300566243409,2975.40167374927,2975.40167374927,2975.40167374927,1,1,0,0,1,343603.340834966,6351.6664407506,8907.17994222332,4718.10203994919,4820.22851220746,4426.34819406605,5927.58979860282,7779.91562807687
FT1751,581.455933057711,581.449198558558,581.458027382654,3040.81422320297,2973.68631876771,3045.18729264354,5,1,0,2,1,7577119.52720367,49006.694128783,288913.821587221,85245.4113338048,11871.2706787148,167126.220876119,22764.8520034017,108811.156368211
FT1752,582.104264227984,582.097692742009,582.110835713959,1175.23348166512,1146.22690410075,1204.24005922949,2,1,1,0,1,411532.071983795,196375.371578612,6845.54764290862,4587.53291893736,3430.35485469953,0,0,0
FT1753,582.176298689882,582.176222292603,582.17634471553,608.092628143747,605.850243451645,609.662019307018,6,0,0,6,1,91169.8153467056,145641.279003717,382189.660941017,369549.48293457,487334.027970183,347761.563749664,496353.43496306,489781.548665597
FT1754,582.232986869283,582.232923661862,582.233001889137,2072.57900531142,2070.80354853069,2074.19175881438,3,1,0,2,1,109569.513798832,26358.2572980447,14280.0100233934,37817.7774168144,282236.52488092,208541.107177735,10792.4060482658,3882.55377125231
FT1755,582.191691093286,582.191691093286,582.191691093286,878.103230284113,878.103230284113,878.103230284113,1,1,0,0,1,1411189.08675911,7023.78554566753,87324.8969777825,31908.2434735204,25689.5163189996,28586.6351517946,37817.8151603198,42171.337753869
FT1756,582.378187207691,582.378187207691,582.378187207691,3098.08687320768,3098.08687320768,3098.08687320768,1,1,0,0,1,142266.595732421,0,0,0,0,0,1190.53437931637,0
FT1757,582.458968071924,582.458968071924,582.458968071924,3047.24518919193,3047.24518919193,3047.24518919193,1,1,0,0,1,2876446.8682041,13016.1740528463,110847.597841168,28277.2780417653,0,61158.9856801835,5120.2238836459,41985.2677372278
FT1758,583.123851897213,583.123629299858,583.124084383891,113.647088535667,105.351434046779,127.563908287464,13,1,0,6,1,1697047.16628228,5378.15844339035,2227576.63888672,3994857.5222033,4124076.64872449,1911427.77941209,3323131.216424,3706365.55346977
FT1759,583.109916707601,583.10988595526,583.109952405201,1202.19238758575,1198.03652737524,1204.90537615213,8,1,1,6,1,946192.141176954,8796460.40942307,6085056.44624739,4771214.32384114,4412118.52043525,5277439.34833427,3183594.59554269,3149353.35703125
FT1760,583.109918997105,583.109887423632,583.110047216673,1045.79502590283,993.350699158616,1069.15677408309,6,0,1,2,1,382222.018860558,2635697.03497944,1753137.96980681,1493746.09886011,1623351.21595358,729153.484236334,1136655.85919822,1126607.12043091
FT1761,583.128619772753,583.128619772753,583.128619772753,736.370820477878,736.370820477878,736.370820477878,1,0,1,0,1,25077.3977298265,262643.113444011,1256.96082683479,3843.36084403418,3588.86871751487,12436.7271211383,2049.49901001085,0
FT1762,583.201499094876,583.201383714956,583.20159248848,2270.579763183,2268.79324094489,2293.11552936624,5,0,0,4,1,8043.8614672804,5155.90088605661,88382.5804816531,266922.645293448,505175.688156563,319322.995200738,456495.178260214,328074.221486812
FT1763,583.12808258386,583.109867510869,583.194789025335,889.313509335018,879.708209572997,911.222411263563,4,1,1,2,1,264360.457019474,1852806.83105469,1054385.45470755,4996.40237562188,633784.727011769,0,7471.4681910448,11560.3803973207
FT1764,583.203692360459,583.086587645572,583.280916697974,1379.63622040963,1341.69110389128,1418.12108426531,3,1,0,1,1,343769.468944703,27819.9745733198,65234.1949340916,46512.8133276613,83404.3688346963,668522.920231935,63110.3554462773,39723.0306270001
FT1765,583.400898653598,583.400898653598,583.400898653598,2556.7971022148,2556.7971022148,2556.7971022148,1,1,0,0,1,1279334.52542992,0,0,0,0,0,12673.1454356157,0
FT1766,583.400955665682,583.400955665682,583.400955665682,2647.08605090725,2647.08605090725,2647.08605090725,1,1,0,0,1,154433.00027427,0,0,790.915064460833,0,0,1411.5110774224,1938.47753753042
FT1767,583.316262842843,583.316262842843,583.316262842843,3110.68414394332,3110.68414394332,3110.68414394332,1,1,0,0,1,371836.475549314,510.661874406538,1105.07120767149,0,0,0,1381.19155878388,0
FT1768,583.203703791499,583.203703791499,583.203703791499,1215.26028913217,1215.26028913217,1215.26028913217,1,1,0,0,1,1407483.4341797,89597.2351243807,45838.8631338285,18965.9833120333,41759.1054199841,60333.0468642059,67903.0745365799,66201.0081680628
FT1769,583.338661791795,583.338661791795,583.338661791795,2839.71235315636,2839.71235315636,2839.71235315636,1,1,0,0,1,323634.544146023,745.558449576098,891.629561058984,688.859368606849,0,1115.1362439268,0,1862.23108023273
FT1770,583.437409446057,583.437409446057,583.437409446057,3373.77090271106,3373.77090271106,3373.77090271106,1,1,0,0,1,549645.181384666,11660.4601263955,36215.3407024183,25840.9191739651,21547.7742471413,24328.4208455142,24074.7715293092,32876.9801373722
FT1771,583.495009998666,583.468063512585,583.531246435416,3016.71300317518,2999.01281486738,3082.52356118968,5,1,0,0,1,10816080.4019239,0,34749.7849237032,16248.1325870368,3807.50676856538,13110.0774465466,3542.79182738249,29854.5654158425
FT1772,584.113223877093,584.113193812388,584.207307316323,1202.54396597698,1198.31980459479,1215.26028913217,8,1,1,6,1,311769.405438704,2712977.59586538,1822460.79721549,1401930.57606282,1429845.13460938,1411771.68570243,853208.056468601,1065721.78337983
FT1773,584.404416741893,584.404416741893,584.404416741893,2556.7971022148,2556.7971022148,2556.7971022148,1,1,0,0,1,524075.185077796,0,0,0,0,0,1528.68919226291,0
FT1774,584.498291325582,584.474692368816,584.534473810064,3016.71300317518,2999.01281486738,3082.52356118968,5,1,0,0,1,4384670.97300948,0,13830.3910315119,5185.34656196,0,6103.70410970077,0,10619.1860060848
FT1775,585.123743509776,585.121815879328,585.126116465827,951.082302392911,923.852727366873,979.524909255127,16,1,1,6,1,5742106.22335358,43023225.0615484,36564422.1344631,30123060.4890892,28810247.0896648,26676454.5948086,38351568.1900388,38981814.5941711
FT1776,585.124314152395,585.12155435896,585.125933527965,816.474388614524,813.087442207327,853.703936825789,12,1,1,6,1,4550254.76551103,16737732.2738428,14977257.6309824,9707698.88593791,8961841.89648707,10025515.8105011,9603959.70977308,11405724.012395
FT1777,585.240594528415,585.144497519237,585.240960876033,1288.05173319725,1282.24790679647,1321.84843213233,9,1,1,6,1,13591014.8371515,290887.912527831,1557229.21181354,675491.497478335,800952.782029946,1491226.04721354,1734629.67470215,2087149.38437499
FT1778,585.240591073227,585.144473036957,585.240615302433,1217.22052340502,1146.99699458982,1219.14275334605,8,1,0,5,1,6296433.68432376,227089.7518512,986006.04040178,459628.485416667,480461.21657351,938552.291183036,1122012.45421142,1317616.34047241
FT1779,585.167991132197,585.083485351128,585.288107143131,150.478907347134,63.989191135315,173.614918320523,6,1,0,3,1,907831.79613501,193554.538248981,605937.011073497,823848.396281526,974227.894095395,635549.18813431,1167673.92316927,1600052.96774995
FT1780,585.240591507864,585.22205660485,585.241118158791,1669.95336802292,1668.99468390105,1756.27678256525,5,0,1,3,1,164139.162796146,467255.882661134,335637.931854717,180984.067376382,93208.9440944596,501826.395670604,131215.493292482,106009.679711899
FT1781,585.17730201403,585.17730201403,585.17730201403,2186.67490065995,2186.67490065995,2186.67490065995,1,1,0,0,1,209098.266354571,937.450981406745,11965.3918114966,1832.02272794595,31560.8675768656,40170.4128127534,31191.9682526967,46152.2886537513
FT1782,585.223929190912,585.223929190912,585.223929190912,2656.21067249407,2656.21067249407,2656.21067249407,1,1,0,0,1,508404.248071291,22023.985042368,36462.4807615836,30284.6032113191,19366.4412557435,26254.3752955227,35338.3005648264,34402.8060946033
FT1783,585.416589423744,585.416527222012,585.416662169375,3172.22977077254,3171.63049199565,3174.41842696956,4,0,0,4,1,161045.302985828,133100.144709389,135703.359863524,167340.894073662,293342.488278618,314042.92233023,136995.801492048,167808.324323614
FT1784,585.219472645056,585.183149601864,585.240688905934,805.749927972501,737.253575814108,811.299239440401,3,1,0,1,1,350808.107338802,21610.9108053608,1434.75540831088,0,7724.89786519508,1119748.17464312,0,5178.66666130861
FT1785,585.183212289093,585.183165992464,585.183258585721,1033.57747010145,1032.81478813078,1034.34015207212,2,1,0,1,1,289461.608049318,23901.9915978253,70885.4016623002,73096.5293961115,143167.52068253,419467.179260253,82647.1277285781,85821.7861163916
FT1786,585.335003067084,585.304988101931,585.365018032237,3052.7343034687,3045.18729264354,3060.28131429386,2,1,0,1,1,358487.263743802,1260.80930514327,0,166412.110707519,0,0,0,0
FT1787,585.328544488344,585.328544488344,585.328544488344,2898.35359569867,2898.35359569867,2898.35359569867,1,1,0,0,1,2750783.73948253,10336.0491323402,86668.6322845336,51766.0894248627,47533.2919318473,46717.0455429235,31212.0876208464,57585.1545565471
FT1788,585.240744221642,585.240744221642,585.240744221642,922.221690038466,922.221690038466,922.221690038466,1,1,0,0,1,150804.054463551,12755.1419935764,8452.85041161742,4482.75261602658,8072.91093783008,23506.4131794921,9836.11504428021,25487.3932727808
FT1789,585.380186160529,585.36265964484,585.415362819107,2649.53782979849,2626.71428294347,2658.75331494237,3,1,0,1,1,2971610.21856012,13270.7445169957,77575.8730582209,29353.4663675183,664687.09392446,43207.1751371412,27515.4286723573,34880.5943911307
FT1790,585.486952046772,585.480333910629,585.487104300603,3109.88332407348,3041.54233233345,3111.33926058218,9,1,1,6,1,6189164.18024808,407914.556240786,1873435.9956421,1237319.62096703,379881.663108719,790536.42968572,706758.097717285,992637.844125378
FT1791,586.128823453262,586.128767136114,586.129009895334,925.813845550635,923.852727366873,974.82894916701,10,1,1,6,1,1667826.79153528,12828966.4090758,10693371.390761,9103687.34039258,8403757.67657813,7935171.37535936,11250084.12256,11600927.2551131
FT1792,586.128788165896,586.128781094159,586.129875067833,815.13625141817,813.087442207327,823.686431692608,8,1,1,6,1,2111906.43225029,4939951.09051562,4393748.57291993,2782509.23357744,2492151.98318215,2930196.4675293,2689425.91073785,3154936.79115017
FT1793,586.243910043861,586.243861472428,586.244744174175,1285.9118430167,1215.26028913217,1289.39468608591,5,1,0,3,1,3449199.4636297,95448.9794870003,361640.37308146,151421.821439764,174295.811299703,314570.408305664,374894.80981815,453119.884361046
FT1794,586.199327512181,586.047993670999,586.291541615211,124.610430878051,105.556834578964,173.614918320523,3,1,1,1,1,184736.906052037,125773.43545731,37263.5663706507,42542.4344420562,36291.4254742066,1332892.91897348,54911.7473346227,45594.2788746889
FT1795,586.383769320677,586.366365764939,586.420155681682,2649.53782979849,2626.71428294347,2656.21067249407,3,1,0,1,1,1117727.61874626,1482.32043933608,36393.7857882712,3623.16766406785,175710.339102538,2439.97169918818,1411.92974221318,11281.679023009
FT1796,586.33212161001,586.33212161001,586.33212161001,2898.35359569867,2898.35359569867,2898.35359569867,1,1,0,0,1,900951.597778783,4163.32326305624,22347.382532475,2092.8792537292,7936.07728771636,5721.79484277504,5947.00798624057,8417.28959189833
FT1797,586.324033460424,586.324033460424,586.324033460424,1560.16929034134,1560.16929034134,1560.16929034134,1,1,0,0,1,283171.415976888,0,0,0,0,2680.55916123029,0,0
FT1798,586.480156335372,586.469628082601,586.490789714582,3088.71908868943,3069.41312546386,3111.06598925448,14,1,1,6,1,3459617.70667577,172837.745241476,782300.43164234,501343.053394547,331455.21822286,378032.08482788,277604.27512423,393306.074822027
FT1799,586.354685189262,586.354685189262,586.354685189262,1341.69110389128,1341.69110389128,1341.69110389128,1,1,0,0,1,496981.621304088,3732.05767596797,0,0,0,4331.68265399913,0,0
FT1800,586.767401119264,586.766497220966,586.768305017562,66.1108012578289,64.872470984916,67.3491315307419,2,1,0,1,1,1346790.11048406,0,267225.961801916,10387.5507574266,0,0,3640.50556953925,6323.51264000476
FT1801,586.841927582733,586.841927582733,586.841927582733,64.872470984916,64.872470984916,64.872470984916,1,1,0,0,1,540105.724081808,0,3804.67990207577,7984.32071311264,5031.07707697527,8714.88936859729,23827.3550336457,0
FT1802,587.134121320865,587.105132897551,587.134950437402,925.752679573265,923.852727366873,952.967488482123,8,0,1,6,1,172900.178321986,3136742.90239614,2682387.07702996,2383983.61355499,2331556.87419387,1903353.99298462,2755291.09652618,2725464.21091923
FT1803,587.131277335344,587.115374765724,587.131364344517,815.484137941694,814.108918860567,845.289889722875,7,1,1,5,1,299020.12822168,1124296.93296861,1001310.05903153,597355.545421738,5276.16111628716,627794.282690808,615349.115855808,676433.272288275
FT1804,587.126437002285,587.126437002285,587.126437002285,371.782251331156,371.782251331156,371.782251331156,1,1,0,0,1,780951.093722348,147024.065426464,108688.265206849,112845.382010339,110960.955705528,80868.0367093942,85542.1365786604,109125.972819767
FT1805,587.126475138989,587.126475138989,587.126475138989,563.555316795331,563.555316795331,563.555316795331,1,1,0,0,1,272074.771730072,92525.9267278452,113427.594708143,118233.477109525,89107.1483327095,76552.3207796081,47585.7241447789,63369.8768665198
FT1806,587.256465271862,587.256423547945,587.256501574379,1705.39149111938,1704.61244759971,1707.3496256168,4,0,1,3,1,0,440032.914998608,231490.909515381,437774.725264719,216979.412194824,961266.412721403,51223.5330816484,93908.4959107305
FT1807,587.27513155551,587.275088061367,587.275682954201,2093.27025350548,2092.44503153999,2093.94117089907,4,0,0,4,1,85862.5752175799,214552.121160165,537694.832433467,1770266.5229213,3158400.54340935,1283867.64382552,107197.648900436,149313.514408865
FT1808,587.284638490705,587.284638490705,587.284638490705,1605.56185365632,1605.56185365632,1605.56185365632,1,1,0,0,1,167379.259023437,0,5769.19038355519,0,0,0,18212.275594339,9443.64319549504
FT1809,587.284637717229,587.284637717229,587.284637717229,2468.32123623952,2468.32123623952,2468.32123623952,1,1,0,0,1,428569.682631835,92476.4972272947,130543.774016854,115628.405736558,143221.316109543,119599.032986625,121902.322395048,103498.967946462
FT1810,587.359551241386,587.320939585181,587.359707626113,2284.62615370524,2241.37941930903,2288.65536860557,4,1,0,2,1,277343.551334641,128370.041309177,166618.172167425,161696.247904107,123840.650554636,133006.993881834,121486.847144465,130303.465147197
FT1811,587.344680680488,587.344680680488,587.344680680488,2951.887172275,2951.887172275,2951.887172275,1,1,0,0,1,593102.627866588,4522.77523954706,30306.1817425425,14942.2513034186,20432.7448859609,18760.3298687235,11593.3157523284,18434.917999188
FT1812,587.308075523658,587.308026137215,587.308240101295,2497.32400452998,2495.09894305129,2498.51687093977,8,1,1,6,1,644246.854349773,653801.284213117,567140.19739197,543206.178588867,512066.928458245,452569.717627933,425593.819873053,400085.350482274
FT1813,587.483158649625,587.472638975979,587.49359148599,3088.71908868943,3069.41312546386,3109.88332407348,4,1,0,1,1,1224092.45109375,0,162021.505194498,0,0,0,0,0
FT1814,587.428068611851,587.428068611851,587.428068611851,2660.40083430846,2660.40083430846,2660.40083430846,1,1,0,0,1,23671536.2729761,0,1424.23572832733,1202.07837470149,0,0,0,0
FT1815,588.110189997839,588.110132184818,588.110329903168,657.027416980319,574.905911229275,667.509313140001,7,1,1,3,1,2720613.79389312,251850.627811809,399238.505092075,419285.616758638,221667.919315094,187469.584380353,154698.787035613,149215.321238116
FT1816,588.13311613909,588.133057595431,588.134231787422,924.983862208675,921.807945844692,927.837326789269,4,0,1,3,1,23866.5228668871,410662.940058818,243914.763694964,207731.793688792,145750.514919434,176823.877597484,211818.650868296,254836.947228685
FT1817,588.278103208972,588.27806036897,588.278121326363,2092.44503153999,2091.72798150956,2093.94117089907,3,0,0,3,1,11269.4844731242,38858.8009961576,118831.153320464,365257.267786206,743471.935975876,238118.150832344,22814.8807449404,18248.9134131632
FT1818,588.242843274917,588.242843274917,588.242843274917,760.803531371863,760.803531371863,760.803531371863,1,1,0,0,1,281493.304422912,0,0,0,0,0,0,3449.70528880321
FT1819,588.31112427502,588.311119137248,588.311266511833,2498.0016614483,2497.91858016305,2498.14945652408,3,1,1,1,1,178944.957940064,148835.470661845,154649.895057253,150327.419434001,151772.03176091,151346.06141338,115230.006243896,142152.707176326
FT1820,588.347706411003,588.347706411003,588.347706411003,2951.887172275,2951.887172275,2951.887172275,1,1,0,0,1,140520.288085938,1285.57487399189,0,0,0,1098.11508654838,2334.40041627257,1867.12180973136
FT1821,588.330443130025,588.330443130025,588.330443130025,2881.98247108189,2881.98247108189,2881.98247108189,1,1,0,0,1,400642.334525551,0,8883.36210333392,1598.19135311787,1943.79920667867,1958.49915248288,0,2934.8310083291
FT1822,588.304480354695,588.304480354695,588.304480354695,1855.11929259213,1855.11929259213,1855.11929259213,1,1,0,0,1,552783.431976564,0,16341.4837438502,0,451.523330115473,3099.64183530289,0,6108.20829490571
FT1823,588.43563283045,588.43563283045,588.43563283045,2658.75331494237,2658.75331494237,2658.75331494237,1,1,0,0,1,9395768.25257739,0,4229.18839931283,0,0,1472.02123777645,0,0
FT1824,588.476143791039,588.476143791039,588.476143791039,3071.08828034096,3071.08828034096,3071.08828034096,1,1,0,0,1,182339.280133666,11524.9772676644,20470.7080853006,12229.7137206651,17387.9974145375,22559.6053414709,3486.17119054393,16749.6158350508
FT1825,588.915981905679,588.915981905679,588.915981905679,63.5275686712354,63.5275686712354,63.5275686712354,1,1,0,0,1,1622477.0052386,0,2151.86196253169,2240.86112266195,0,0,0,4709.94268069575
FT1826,589.120439219802,589.12035449081,589.120485936296,878.417712602504,853.703936825789,898.754876804722,5,0,1,1,1,173044.361188868,1107452.22073979,709285.563450434,633203.658121981,416704.672140627,632961.746889731,435853.53269297,385130.053507374
FT1827,589.117072903829,589.113618137912,589.120527669746,681.415720224098,665.398553016752,697.432887431444,2,1,1,0,1,451253.029470832,1384572.14411947,0,0,2703.33762541389,0,8546.72725172706,4888.30450250597
FT1828,589.113624058227,589.113624058227,589.113624058227,582.776490759892,582.776490759892,582.776490759892,1,1,0,0,1,448853.043979522,29984.6065859765,47557.3509862145,65420.3555537614,20660.3134543586,20783.2751848618,18606.6825536389,24656.2739959385
FT1829,589.120490640444,589.120490640444,589.120490640444,1009.73858090406,1009.73858090406,1009.73858090406,1,1,0,0,1,557370.868804686,233509.769807674,189716.521652475,170325.410570088,210367.975606285,183467.258131403,144749.994475023,138402.442300165
FT1830,589.292950270847,589.260417484534,589.295442556127,2164.98815907816,2155.7315350844,2243.4547942384,10,1,1,6,1,2061918.93044573,520588.480505672,2576050.70604152,11516597.4923385,21253899.1007737,12404143.8510188,1015882.4849958,1658153.16072028
FT1831,589.199172546112,589.162694262949,589.199201467285,155.368918740231,116.454037008462,157.755154301896,4,0,1,3,1,50734.8744394521,892265.9714375,312849.643006711,310067.414052118,563220.977851318,279599.171019731,1134952.72971565,1114923.70667444
FT1832,589.17805939085,589.17805939085,589.17805939085,1419.8955736141,1419.8955736141,1419.8955736141,1,1,0,0,1,332270.145246583,161493.386250711,4667.76894928781,8124.45336827061,0,104001.952227929,8850.26523700023,22748.6789982121
FT1833,589.178047758987,589.178011652818,589.361633579923,1272.71140369746,1220.0945358536,1339.81859205515,8,1,1,4,1,1696519.92397254,831075.774282226,633830.15476436,678793.574992189,1102598.49246383,483853.7442334,1626549.93345703,959960.42103795
FT1834,589.380659827001,589.349362605725,589.411957048278,2865.38696915741,2839.71235315636,2891.06158515847,2,1,0,1,1,715516.402516524,0,0,0,0,125183.387449543,0,0
FT1835,589.3600298002,589.3600298002,589.3600298002,3014.855948268,3014.855948268,3014.855948268,1,1,0,0,1,197219.07315223,0,14388.2490089881,6598.03780036231,7049.64955745517,4349.10636275401,0,12613.6519919622
FT1836,589.518386900671,589.518266433946,589.518490209534,3198.41990085941,3187.80431282713,3199.81061902733,8,1,1,6,1,558664.267739774,171036.529776437,1030144.42784408,995436.239400755,1044253.09098459,1072858.13661095,1094659.76628905,1088396.90883789
FT1837,589.336743251687,589.296202771797,589.375513584309,2237.7106171956,2175.52002633065,2239.45130172188,5,1,0,3,1,1122126.92333365,43967.6614812328,105214.105578612,27845.5506378491,8263.16418266764,2426672.59818481,92400.6266325606,151160.208178712
FT1838,589.448176504475,589.448156143515,589.448196865435,3585.88339164156,3583.580860717,3588.18592256613,2,1,0,1,1,1433648.25550426,196329.357115623,443380.651929822,285836.85492992,227109.908463917,274821.017005504,174911.042677255,348516.909024962
FT1839,589.446770555309,589.446770555309,589.446770555309,2735.6152516795,2735.6152516795,2735.6152516795,1,1,0,0,1,2274746.63595525,1364.22045557649,0,0,0,0,0,0
FT1840,589.437957018499,589.437957018499,589.437957018499,2658.75331494237,2658.75331494237,2658.75331494237,1,1,0,0,1,2009114.06071723,0,0,962.062383190463,684.775844703142,0,0,0
FT1841,590.29395684,590.292202968302,590.294169109874,2165.06882175687,2155.7315350844,2199.50782835901,7,1,0,5,1,443057.380347496,104405.421697065,599867.686293239,2832410.37328855,5448963.29315655,2971300.25490236,268129.730322927,320804.966027646
FT1842,590.246045857543,590.246045857543,590.246045857543,1400.06497031982,1400.06497031982,1400.06497031982,1,1,0,0,1,149033.815550781,0,0,0,0,0,0,0
FT1843,590.352501204364,590.352501204364,590.352501204364,2839.71235315636,2839.71235315636,2839.71235315636,1,1,0,0,1,219036.573825957,0,0,0,0,0,0,0
FT1844,590.479614037262,590.479460729507,590.483717358478,3096.94119732774,3095.88070914855,3100.02850273648,7,0,1,6,1,435429.554148266,1728533.18861188,840623.530302367,765646.91471515,441826.519329836,577885.498981937,280101.258733258,408735.351814008
FT1845,590.521630792178,590.521574957095,590.521713869743,3198.70580183905,3197.79863725847,3199.9643852575,6,0,0,6,1,92094.5916730513,66627.9484185671,335346.652985836,316948.119726568,378344.229046541,363747.873192027,422917.883734974,393298.403461916
FT1846,590.451130640929,590.451130640929,590.451130640929,2735.6152516795,2735.6152516795,2735.6152516795,1,1,0,0,1,788093.427868402,0,6043.55111596541,0,0,0,0,0
FT1847,591.098438826411,591.098261619702,591.09861603312,80.7497765781373,56.6285994572721,104.870953699002,2,0,1,1,1,0,138831.218677529,186507.005736437,211436.928043666,270548.817619524,239211.366775739,248669.09653546,159709.093205566
FT1848,591.09963633059,591.09963633059,591.09963633059,1100.65881265797,1100.65881265797,1100.65881265797,1,1,0,0,1,558147.35265808,119774.26137342,109621.643601053,68209.4775522887,88054.407405011,91425.7641687463,75598.2454617572,103196.742553066
FT1849,591.261861307889,591.261744461455,591.261934737524,3141.83931417224,3133.58875890455,3142.38855211242,7,1,0,6,1,13582838.5042352,121494.024087871,903538.775242233,414552.035304092,191246.575549754,342667.716105139,365941.717443304,616075.766367186
FT1850,591.290253558679,591.266411360563,591.290561224891,2165.8611612196,2107.09400811509,2167.05553178511,4,1,0,3,1,486540.883242184,0,6473.88975640377,1172995.29569865,2091574.72782076,1166410.82190308,4071.36234297041,3151.51947829235
FT1851,591.24869513126,591.248678371012,591.248758928221,2259.07205285005,2255.217811153,2259.6778654215,3,1,0,2,1,365557.484063285,39421.7800010285,139612.060043985,82929.0310535459,35358.3161060744,37274.0477132964,282599.676901551,100307.65529834
FT1852,591.178283481482,591.17823535101,591.178372033371,119.810618046962,117.2947590061,204.977562568295,9,0,1,6,1,315450.412144519,2768676.3089573,1433219.00999337,1802287.42947935,2178568.43511211,1948154.58687428,3345771.44004801,2791176.32538257
FT1853,591.354477297814,591.354477297814,591.354477297814,2778.02413006886,2778.02413006886,2778.02413006886,1,1,0,0,1,390776.617746097,37153.4239453776,76066.8283748854,50478.8176564366,53209.0455950166,90007.6668271636,46596.3823014081,75731.8812446484
FT1854,591.350562816771,591.350562816771,591.350562816771,2686.50333505957,2686.50333505957,2686.50333505957,1,1,0,0,1,319076.226729888,994.573856383139,10412.1803172933,5799.12228394024,3392.90912541434,3676.7772390898,3527.19046339774,7358.69165363133
FT1855,591.463844294381,591.412171227853,591.483281623602,3057.79492939086,2979.83030688569,3098.92832913542,14,0,0,6,1,115055.074333698,268567.168989938,304928.733687501,190816.056315731,787558.293063964,437179.263089842,982219.584483567,154543.143142089
FT1856,591.463804827527,591.463749284662,591.463968199954,2934.19246310892,2909.7193893435,2960.31719782716,6,0,0,3,1,350404.087652414,834309.692133142,7699.54702586666,615148.091340865,513926.037302908,578947.084379112,333219.605267335,223317.97231978
FT1857,591.369238203182,591.347586934751,591.390889471612,2260.36665840786,2233.95468344087,2286.77863337484,2,1,0,0,1,2758625.15574644,0,0,0,0,2544.71644704044,0,0
FT1858,591.460730448209,591.460730448209,591.460730448209,2737.96498317459,2737.96498317459,2737.96498317459,1,1,0,0,1,3173980.6929777,759027.115778447,12528.9780281984,81943.991385048,41720.7747025639,33185.3546009092,44433.0934589111,43546.0716979581
FT1859,591.770448170572,591.770206084585,591.770623363537,80.1283085613301,55.6424383491103,104.870953699002,14,0,1,5,1,12118.8625940346,778690.622889933,812949.946266227,801185.847808594,988935.204730168,646286.054604922,975241.660230685,957659.063750774
FT1860,592.265482253155,592.265392603003,592.265644785382,3141.83931417224,3133.58875890455,3141.83993029586,3,1,0,2,1,5100715.28918584,33811.0717181576,266359.963762573,131823.812545345,64220.1391443531,113943.558133855,122502.14013093,150692.543774414
FT1861,592.215657411694,592.215657411694,592.215657411694,1088.58816328454,1088.58816328454,1088.58816328454,1,1,0,0,1,1102570.87639453,62534.155300945,146836.621477462,109400.702188205,59469.6510428872,48439.358483378,94053.8236485377,40696.6861524369
FT1862,592.371213258547,592.370999380636,592.371427136458,2008.29681363931,1993.63165929076,2022.96196798786,2,1,0,0,1,2957890.30932128,24126.5917003377,135409.137590722,117958.216679718,57511.3030158809,100041.04832608,121562.450486903,127767.225822128
FT1863,592.466865159985,592.466865159985,592.466865159985,2737.96498317459,2737.96498317459,2737.96498317459,1,1,0,0,1,1155163.98898437,292547.251535463,0,24648.6709249758,10754.3643115909,2963.53798259137,14486.0944876309,12263.4205376169
FT1864,593.029826375795,593.029826375795,593.029826375795,70.0220095180855,70.0220095180855,70.0220095180855,1,1,0,0,1,1622942.95475506,0,6563.90448131176,0,0,2928.21598086311,115753.688507836,56493.0558253802
FT1865,593.151865313955,593.1517941111,593.151905880964,1100.65881265797,1100.33655636687,1179.95112084428,5,1,1,2,1,1246248.9927301,412139.892871093,160784.705050495,141969.812700058,496410.26536935,10974460.1029896,200424.454514189,175273.151484852
FT1866,593.151999265286,593.151999265286,593.151999265286,1460.44010863387,1460.44010863387,1460.44010863387,1,1,0,0,1,2096445.70372981,244820.672589317,93704.0448744945,74064.4273020996,131789.72593359,104470.963040168,144571.672735023,158817.515285066
FT1867,593.151834263134,593.151834263134,593.151834263134,988.186138134055,988.186138134055,988.186138134055,1,1,0,0,1,945631.819455687,110782.579882589,99738.4547181184,123426.195000866,135799.270714673,109752.40887653,116290.584380251,144135.335361422
FT1868,593.193983574433,593.157715832126,593.194190252353,113.170244827058,108.62680311266,114.961458677241,9,0,1,6,1,63191.0938079983,1052604.37490165,266583.387516113,520687.948261068,309448.949542332,654564.825568496,700552.87953731,602392.699052084
FT1869,593.282031920877,593.281967442532,593.288777879755,2111.37141978575,2109.80187165473,2113.66922890888,8,1,0,6,1,1231354.33724608,81523.2072128623,767005.508780056,938817.633352662,3951463.96161272,4649440.67515979,675242.889224001,922393.914841794
FT1870,593.264308515278,593.264232256896,593.264392021146,2402.37123524521,2367.5617457184,2413.02501514553,4,1,0,1,1,3339033.10670452,203960.692899229,1348781.91772714,429151.473684282,137539.861581821,506191.680693177,260091.371674358,337609.784918218
FT1871,593.273821595429,593.273675935481,593.27384877924,2749.36308796594,2748.62082954036,2783.80580581722,3,1,0,2,1,3963119.72595707,85392.8203746923,114145.21297672,161459.968538413,170131.894532633,135602.586244631,187359.923589619,196924.894742439
FT1872,593.268457079071,593.268457079071,593.268457079071,3133.58875890455,3133.58875890455,3133.58875890455,1,1,0,0,1,862072.258593749,4170.56829348741,44859.4394085231,20358.4246276262,7480.00953889018,8059.07685852628,14855.0603723702,29525.373574977
FT1873,593.318423801602,593.282068334446,593.354779268758,2209.13810612229,2193.90341912464,2224.37279311993,2,1,0,1,1,423908.932563924,10371.8745329592,56528.0577806672,63797.6514142284,29569.9467651328,155826.696445315,72415.0338194227,64548.326323773
FT1874,593.372065831341,593.36994723842,593.374184424261,1974.88212637039,1956.13259345001,1993.63165929076,2,1,0,0,1,743985.908235559,0,0,0,0,0,660.300684041928,0
FT1875,593.237787165043,593.218706684082,593.256867646004,1059.18246079994,1029.77675831534,1088.58816328454,2,1,0,0,1,502377.442255859,0,0,0,2618.9633396127,3331.76501054532,2528.91153265776,0
FT1876,593.398187473072,593.398187473072,593.398187473072,2977.55151165471,2977.55151165471,2977.55151165471,1,1,0,0,1,5776315.37771487,843.803741209269,0,0,539.736802948362,1257.00554449502,0,2906.94135310848
FT1877,593.47919499468,593.47919499468,593.47919499468,2806.1384363903,2806.1384363903,2806.1384363903,1,1,0,0,1,493200.556738767,1754.69271299915,19110.6314803951,4278.18708132054,0,1083.25509202493,863.642911922538,1389.98770985293
FT1878,593.470184674288,593.470184674288,593.470184674288,2737.96498317459,2737.96498317459,2737.96498317459,1,1,0,0,1,216039.33866862,50643.2376791608,0,0,0,462.257399367474,1668.83332129165,0
FT1879,593.369955080651,593.369955080651,593.369955080651,2072.60501857983,2072.60501857983,2072.60501857983,1,1,0,0,1,362631.569623139,4084.67104577768,9453.5305236142,1807.67175443867,35482.4099476226,36220.8457036253,16673.6176065881,4271.56270491909
FT1880,593.552033675292,593.552033675292,593.552033675292,3193.96526645308,3193.96526645308,3193.96526645308,1,1,0,0,1,608924.375499545,21900.7325439194,285849.318879448,108024.187692355,93426.3023937292,95814.9553488359,67019.6105531728,111789.045367426
FT1881,594.155092886683,594.154991802322,594.162182306038,1100.35046906992,1085.08265527926,1100.65881265797,3,1,0,1,1,317244.10186384,94229.5716954362,15015.1679757601,18702.7663720092,146577.703799943,2964583.81311914,27124.5085982983,31618.1433650776
FT1882,594.285531643799,594.285516042764,594.285908678914,2111.37141978575,2109.80187165473,2113.66922890888,5,1,0,4,1,273047.397528321,17596.9098608192,188117.048061726,239486.542561903,1036128.54208936,1328602.86057444,191639.824088224,230427.055885669
FT1883,594.267709448785,594.267693396648,594.267725500922,2382.75932740356,2367.5617457184,2397.95690908872,2,1,0,0,1,933123.150179693,16313.8213313805,102856.655979754,36771.092225496,12093.1370639915,37936.1552559525,28985.2968471184,50314.7165159199
FT1884,594.277362734684,594.277362734684,594.277362734684,2783.80580581722,2783.80580581722,2783.80580581722,1,1,0,0,1,1158791.10958727,42748.9441992782,16957.1835375181,61814.7581126103,37847.0418192681,45022.4310424263,29588.0250957564,30551.5818603791
FT1885,594.197201071091,594.197201071091,594.197201071091,114.706886679883,114.706886679883,114.706886679883,1,0,1,0,1,0,155520.634497559,31562.3166960085,70450.0753788197,82404.0661285676,100484.758173211,80529.4231984694,87346.2072312901
FT1886,594.378461020624,594.378461020624,594.378461020624,3373.77090271106,3373.77090271106,3373.77090271106,1,1,0,0,1,3025458.57450846,96015.3731151125,59341.6452712217,25439.863858891,19048.0225316836,25048.3945248583,12029.1735958205,26316.5001889797
FT1887,594.401704143893,594.401704143893,594.401704143893,2977.55151165471,2977.55151165471,2977.55151165471,1,1,0,0,1,2285790.94035808,0,2011.05701028497,0,0,0,0,0
FT1888,594.378429054672,594.378429054672,594.378429054672,3074.64851542181,3074.64851542181,3074.64851542181,1,1,0,0,1,1864976.45983528,49544.5001722074,53916.4190066265,24926.8611030101,5572.9809374339,52488.7420657358,7200.09309954941,12175.1795678843
FT1889,594.474886578022,594.474886578022,594.474886578022,2846.55869517469,2846.55869517469,2846.55869517469,1,1,0,0,1,194350.279971313,0,0,0,0,973.736091648028,0,0
FT1890,594.555517851519,594.555517851519,594.555517851519,3193.96526645308,3193.96526645308,3193.96526645308,1,1,0,0,1,214575.349976604,4155.98736674619,104914.864999655,36414.4862410102,29422.1602269421,34010.1682671666,21156.9356191791,36835.3070680055
FT1891,595.139000527105,595.12802577664,595.146546939283,1412.61263127871,1400.06497031982,1489.35959801106,9,1,1,4,1,23621977.416054,20558777.9391011,17188.6406827482,81514.1303261725,780376.144570317,752881.337383841,8555.02874946063,380215.505523841
FT1892,595.131304911695,595.131246894897,595.167679325134,1215.42847263518,1208.38336094656,1219.14275334605,7,1,1,4,1,2295046.51754466,644477.543271019,363435.549210342,912411.044478517,353400.194267748,2428633.66386567,577738.506002931,869033.870550784
FT1893,595.215356210835,595.167749749597,595.215433383305,948.668926839822,933.411802895979,1036.08061516036,5,1,1,1,1,821867.271286459,248397.29665256,2867.22488573951,3727.96787836711,0,5371614.15247058,3308.82832880041,4429.90930120863
FT1894,595.280185790862,595.280094858546,595.280276723178,2507.3039793784,2504.89126911213,2509.71668964468,2,1,0,1,1,588699.523856607,98766.8833698752,248235.82052913,120819.267790206,44118.3071995256,127898.270912036,96612.8392383111,94009.2740626204
FT1895,595.360828290363,595.360828290363,595.360828290363,2591.12385134103,2591.12385134103,2591.12385134103,1,1,0,0,1,1993940.03026978,0,96992.1211866858,98925.3025917726,39348.9385853869,126968.28488158,110646.740799959,160783.681555789
FT1896,595.381640951141,595.381640951141,595.381640951141,3074.64851542181,3074.64851542181,3074.64851542181,1,1,0,0,1,545518.303648395,14234.4417399574,5820.50526252798,4520.30151416615,4303.97043588089,10631.617111119,0,937.290243720661
FT1897,595.407197022063,595.407197022063,595.407197022063,2000.05023785712,2000.05023785712,2000.05023785712,1,1,0,0,1,1593723.46110718,42274.2625203403,85884.4472348693,52195.9099529465,80655.2065928889,60823.7146655847,50184.9276323093,57843.0439143121
FT1898,595.494886067785,595.494855163857,595.494916971712,2796.10019561791,2783.27255210566,2808.92783913016,2,1,0,1,1,275378.438258723,0,148139.270200193,0,0,3097.23926945027,0,973.370348799287
FT1899,595.3623158238,595.3623158238,595.3623158238,2475.45137861011,2475.45137861011,2475.45137861011,1,1,0,0,1,90194.7077968748,0,0,0,1992.52467943027,0,0,0
FT1900,595.663887894103,595.663816721974,595.663913572636,609.538387657719,604.498384114639,611.523042869292,6,0,1,5,1,336354.942544935,1060789.26877515,1431389.20271484,1654894.70194603,690321.576108561,724690.701908859,302587.622605019,270831.017810248
FT1901,596.13448822077,596.134440759751,596.134510174078,1215.26028913217,1212.24139889723,1216.23119999802,3,1,0,2,1,565093.688696059,148313.625027947,72649.4268194984,195602.168298349,69303.5986009075,94191.8163925803,114974.146106086,150756.072511718
FT1902,596.165642909662,596.165616498639,596.165690798884,608.499605025929,606.618343432408,610.054065499957,3,0,1,2,1,156641.650831504,477256.800987304,649330.804843629,655909.018154754,311037.393991674,374837.435217817,153292.844142191,129969.130016652
FT1903,596.134472456174,596.134441491356,596.134503420992,1405.0730796862,1400.06497031982,1410.08118905258,2,1,1,0,1,6568976.62282368,5779824.27777528,50547.6231377642,104441.30941845,32238.958880357,212806.396802883,201939.020777742,93317.7724398352
FT1904,596.230471538079,596.191873807226,596.269069268932,797.300956136854,786.765633429648,807.836278844059,2,1,0,1,1,377556.250611707,0,0,0,2458.07112150704,423613.582467219,0,0
FT1905,596.292704755437,596.292704755437,596.292704755437,2885.41580162565,2885.41580162565,2885.41580162565,1,1,0,0,1,562335.645918034,33211.4228315216,7252.7417524703,35180.2304269076,21707.8596027926,46451.3129505222,14118.1337228735,5626.82409776159
FT1906,596.170846558633,596.170846558633,596.170846558633,1034.70742361362,1034.70742361362,1034.70742361362,1,1,0,0,1,161025.799044968,4432.40192131101,9949.92245679537,4489.21274093264,3498.2291308146,32921.5790398718,28860.3884183445,5165.68527894317
FT1907,596.399776886964,596.399776886964,596.399776886964,2975.40167374927,2975.40167374927,2975.40167374927,1,1,0,0,1,117555.403562013,0,2421.92068171428,0,0,0,0,1724.32535162748
FT1908,596.393768771917,596.393768771917,596.393768771917,3145.78428098626,3145.78428098626,3145.78428098626,1,1,0,0,1,1552713.62273193,8088.8724302841,9948.25044746784,0,3369.92888903292,6240.69462001944,1719.45748733166,9676.75037962629
FT1909,596.363937875056,596.363937875056,596.363937875056,2591.12385134103,2591.12385134103,2591.12385134103,1,1,0,0,1,633931.315210193,0,25725.3879738189,19818.7838470898,15006.5271312546,32527.458356292,25233.9286730286,44742.9210988123
FT1910,596.301605077102,596.301575715829,596.301634438375,1065.65858742145,1064.00064448236,1067.31653036054,2,1,0,1,1,234966.455166015,0,104120.518630225,53043.3850821948,56029.4687815691,129449.460585938,96211.1639445518,46292.2346826842
FT1911,597.13638952963,597.136339004108,597.136440055152,1405.4107243287,1402.29860860952,1408.52284004788,2,1,1,0,1,1428891.71859513,1229851.86214472,349.888511755288,0,8696.91769798384,3639.39925530572,9778.80341729111,9903.9300407437
FT1912,597.172415263316,597.16179481174,597.219393066224,1212.68335045487,1165.39781248248,1248.45826195205,6,1,0,2,1,671356.283496094,0,3050.9626538603,10569.6393135747,0,1192567.92057813,6930.37917296622,408875.65553711
FT1913,597.267141655091,597.253183260461,597.267208428918,895.67681876603,857.400590069219,896.931418278917,3,1,1,0,1,1521117.62812954,556086.007512524,7472.37996160462,5279.98493434373,0,26835.9069940642,4116.57125665876,5280.7522885567
FT1914,597.219422483523,597.21938421108,597.219460755967,1096.79853426163,1096.62239581865,1096.9746727046,2,0,1,1,1,396705.004582773,243204.575515392,4521.07595413204,12477.9359278658,129718.921236952,1876042.87751497,16032.5626043046,14868.6490987868
FT1915,597.411923360731,597.411923360731,597.411923360731,3000.5576561714,3000.5576561714,3000.5576561714,1,1,0,0,1,343005.350620815,12617.4164807417,73907.1341417288,18637.2806946705,2765.15132359029,13519.6471975917,7837.84575159017,32296.1982581736
FT1916,597.397480410592,597.397480410592,597.397480410592,3145.78428098626,3145.78428098626,3145.78428098626,1,1,0,0,1,441255.991135555,2151.85095228982,1461.91337234629,1396.67417930948,0,2118.08547491703,0,1714.52944063543
FT1917,597.182988197456,597.182988197456,597.182988197456,1443.14225168946,1443.14225168946,1443.14225168946,1,1,0,0,1,539129.176404419,289355.811265364,125590.814716438,147194.579134656,179646.367246866,179921.167568864,199484.894116501,191082.952946093
FT1918,597.378027064452,597.378027064452,597.378027064452,2475.45137861011,2475.45137861011,2475.45137861011,1,1,0,0,1,908478.569764705,0,1659.94391180721,0,0,1322.94001366762,0,0
FT1919,597.453378250603,597.453375172859,597.453381328348,3273.14401972587,3261.67440011639,3284.61363933535,2,1,0,0,1,2083983.61691198,19020.4608488396,69989.0050809252,46236.5083638971,38261.5059332869,51941.4620872594,41085.1713314317,53397.5006733716
FT1920,597.470212677233,597.429761360312,597.510663994153,3034.57912380147,3023.9709549594,3045.18729264354,2,1,0,0,1,2265317.39735674,0,0,0,0,0,1250.65093745538,0
FT1921,597.438165203911,597.438165203911,597.438165203911,2488.61781209177,2488.61781209177,2488.61781209177,1,1,0,0,1,265569.361021235,1703.9760490457,34732.3351131703,2482.12372174165,0,6572.7733434123,7897.73182013618,16671.4365033059
FT1922,598.18631909033,598.186198698047,598.186439482613,147.144467827508,145.329807629223,148.959128025792,2,1,0,1,1,986378.025731323,123728.427968454,155547.272116302,156717.947273299,49616.5414623962,354149.973330056,388141.224844497,245145.666837611
FT1923,598.187961542926,598.187961542926,598.187961542926,1163.4264066104,1163.4264066104,1163.4264066104,1,1,0,0,1,125410.241109374,0,0,0,0,0,0,0
FT1924,598.27088508247,598.27088508247,598.27088508247,896.931418278917,896.931418278917,896.931418278917,1,1,0,0,1,439690.822990284,143621.785158459,0,0,0,4432.48680351084,0,0
FT1925,598.291285492046,598.291285492046,598.291285492046,2197.19725566152,2197.19725566152,2197.19725566152,1,1,0,0,1,211255.610351562,42599.2506058916,38178.1083212049,99670.5082966654,12577.9884274826,10306.3040947863,17038.3426606796,25054.8050225821
FT1926,598.415092818064,598.415092818064,598.415092818064,3000.5576561714,3000.5576561714,3000.5576561714,1,1,0,0,1,109749.86049235,4896.12269129127,26902.8689621946,4421.04695422685,0,6518.16620373869,0,7848.43253643185
FT1927,598.38134583369,598.38134583369,598.38134583369,2475.45137861011,2475.45137861011,2475.45137861011,1,1,0,0,1,311265.581791664,0,0,0,0,0,0,0
FT1928,598.462687259775,598.462687259775,598.462687259775,3250.6569063239,3250.6569063239,3250.6569063239,1,1,0,0,1,1699703.26806435,546.328691114813,3387.43876346763,4360.52809555758,1578.49151531449,3058.16460122965,4292.58634883204,2135.76480980201
FT1929,598.432991435358,598.432991435358,598.432991435358,3045.18729264354,3045.18729264354,3045.18729264354,1,1,0,0,1,862115.998922842,0,4417.17589662525,0,0,5655.71158756089,0,4814.94999635258
FT1930,598.687660572882,598.687660572882,598.687660572882,146.958532345571,146.958532345571,146.958532345571,1,1,0,0,1,383651.668455829,53076.5686557998,40569.9876318732,24853.8637082864,14613.0041663988,150373.614540753,140749.456309605,89932.5336682748
FT1931,598.959408129425,598.959408129425,598.959408129425,71.4926736122435,71.4926736122435,71.4926736122435,1,1,0,0,1,429215.954064567,6894.73905574048,4330.21729973892,0,0,0,0,4305.45344694121
FT1932,599.142653880221,599.105037697227,599.198854174169,1006.20908044022,910.031303796794,1160.87425596653,24,1,1,5,1,1003507.05641827,1901559.17697625,456454.021843913,1008655.96399612,1312766.60258903,628154.243083982,1358655.45591319,2010444.19824029
FT1933,599.144143417688,599.104869736283,599.183418373632,639.553803837907,620.094203371786,652.462406250682,10,0,0,6,1,0,132327.596364986,1137521.52733756,859448.734300343,753589.607593519,758567.084306395,561771.683016827,783799.932521122
FT1934,599.183584120844,599.183542939542,599.183616993226,332.193260264562,331.156268374044,333.186632615315,4,0,0,4,1,219003.714020097,107091.238683516,661259.325618896,678373.34226453,742330.269508268,553482.21271875,923815.72327474,1069972.29561991
FT1935,599.274883370674,599.27482764599,599.274903645891,2250.15063471834,2244.92111870202,2250.62910136036,4,1,0,3,1,139336.197677176,30832.7628690795,116641.547859678,51193.1333220278,66952.995444961,111555.306088089,179696.030223215,377361.60861389
FT1936,599.121656821188,599.119340231748,599.147181088833,108.820684775522,106.139081059966,120.784312183159,4,1,0,3,1,161957.470384921,10177.1261378768,518956.080371793,6811.67276806926,4364.14473003764,5501.07276427443,809215.019160436,1147422.87451572
FT1937,599.256189551862,599.256189551862,599.256189551862,1520.11931943207,1520.11931943207,1520.11931943207,1,1,0,0,1,597035.260456054,25890.656641593,81246.6534807699,6483.54532001602,8549.81679417301,69731.1353616913,33434.2368195224,23489.2587504114
FT1938,599.395876920098,599.320650512445,599.395964000023,3181.08350331884,3130.98967533102,3182.74068815856,6,1,0,5,1,850280.063714022,65097.9176417624,305983.184272275,202110.755904446,163123.581425238,256425.406453128,169052.731447741,245490.574218753
FT1939,599.395755688763,599.395755688763,599.395755688763,2556.7971022148,2556.7971022148,2556.7971022148,1,1,0,0,1,126891.218156551,0,1512.89079507603,0,0,0,3164.20484416557,0
FT1940,599.304538430667,599.304538430667,599.304538430667,2839.71235315636,2839.71235315636,2839.71235315636,1,1,0,0,1,248138.115370872,0,0,0,0,0,0,0
FT1941,599.438868059091,599.432610037881,599.4451260803,3063.85542691661,3045.18729264354,3082.52356118968,2,1,0,0,1,336280.853360876,0,0,0,0,1067.69455311827,0,0
FT1942,599.453407381146,599.453407381146,599.453407381146,2492.12566282764,2492.12566282764,2492.12566282764,1,1,0,0,1,98946.0199072252,2895.16765822702,26741.3334300126,7366.80259884274,3971.02139379046,4859.97610306386,12588.9968902592,27296.6353916894
FT1943,599.428232369928,599.428232369928,599.428232369928,2762.15638866632,2762.15638866632,2762.15638866632,1,1,0,0,1,753096.739651485,15100.3674083656,14983.1053069261,8407.8268228552,17741.5197384862,16192.9707816904,927.453771989871,5597.3975660889
FT1944,600.202042801459,600.202008189285,600.223794084479,1029.77675831534,1027.50776382089,1070.06043922044,3,1,1,0,1,424072.399855956,118027.59522815,0,0,10267.1107891466,4051.03905501796,3433.88853896446,36836.9421886917
FT1945,600.191584988062,600.191584988062,600.191584988062,105.520085978719,105.520085978719,105.520085978719,1,1,0,0,1,190127.945182642,0,0,0,0,0,0,0
FT1946,600.352442773332,600.352442773332,600.352442773332,2975.40167374927,2975.40167374927,2975.40167374927,1,1,0,0,1,171880.528466799,512.121237311064,1883.31376578465,0,0,0,0,0
FT1947,600.390856332586,600.390856332586,600.390856332586,1544.37238276262,1544.37238276262,1544.37238276262,1,1,0,0,1,3953109.05045358,0,26320.0018538279,4130.53433750046,0,53496.4830092359,20810.4039415331,81118.4026389438
FT1948,600.431849266483,600.431849266483,600.431849266483,2760.33687776577,2760.33687776577,2760.33687776577,1,1,0,0,1,244812.360443604,2555.03719062044,7510.02299825615,4786.00392393418,1625.64156245929,6362.48366992805,0,1955.56083375835
FT1949,600.830888873199,600.830888873199,600.830888873199,2241.37941930903,2241.37941930903,2241.37941930903,1,1,0,0,1,186752.937106666,0,0,0,0,1660.83196927769,0,0
FT1950,601.134728850991,601.134345115992,601.163033514611,107.211839990964,70.1504535698565,192.395527709756,20,1,1,6,1,9400479.80025621,9661642.33863699,6235899.07876759,6356409.78930759,5152128.55697279,8429204.24897939,7846375.66272214,6522777.68788104
FT1951,601.120608159667,601.084044663179,601.141895413493,960.176613533815,955.711053187375,1051.03292960763,11,1,1,6,1,1910781.10752344,8541111.36076975,6335467.76135625,5517883.92197657,4321093.38957553,6134100.74486755,4855140.85243521,4326206.39802735
FT1952,601.120513605023,601.12047482235,601.142226576855,697.570915016248,695.662506972176,743.043139863366,6,1,1,4,1,383749.022261535,3329446.65956414,1267268.91742251,1184236.35988309,1136036.02182791,1449718.97066697,915877.16173065,911619.203449157
FT1953,601.120572151962,601.12054232096,601.120590914167,771.837995430509,770.962104465147,773.201870170826,4,0,1,3,1,1221691.30411863,4288535.73892389,1565998.1264375,2335389.77188741,2128248.02902949,1611725.86486607,1727896.34653748,1669122.10164019
FT1954,601.251153392377,601.251028690403,601.290874642773,2363.06821305265,2304.23183000307,2384.94904033858,11,1,0,6,1,1806840.66603881,38303.1788750198,350006.172157288,1280016.32259747,1744754.56617188,1253124.759581,1498376.64354912,2143183.3907915
FT1955,601.176980222318,601.120663390464,601.229842705211,1400.91585377322,1384.95121848895,1464.62584069355,4,1,0,3,1,230575.268515624,4478.95741033526,0,0,318082.626829179,377777.685212402,4036.2068011284,791177.071934506
FT1956,601.134413322905,601.093002001746,601.175824644065,1536.26192682111,1534.39823530094,1538.12561834129,2,1,0,1,1,2627040.18757324,18005.4647386727,9523.8123513741,17089.0934393591,24147.3402029075,111458.766585693,21418.3536349315,14407.6210469085
FT1957,601.178211069812,601.17819177163,601.178230367995,1272.94445762848,1250.26716785156,1295.62174740541,2,1,1,0,1,283194.064060913,548731.374255861,68635.5218442296,107628.820767159,94521.2204774457,132110.145632474,148532.318468793,127240.028645119
FT1958,601.204720363083,601.204720363083,601.204720363083,1163.86658610268,1163.86658610268,1163.86658610268,1,0,1,0,1,46207.568051738,271896.970431886,54371.0902357695,53771.7132696448,39848.2188259316,54165.726306186,82989.5980685146,72586.5597719336
FT1959,601.323836293833,601.323610427335,601.411619351074,2557.89077271404,2556.17171561483,2560.70647920595,9,1,1,6,1,1657306.78066839,2129588.9282576,1903281.68081301,1690314.7986373,1625092.34983663,1538815.78760704,1492849.82502704,1362609.63617513
FT1960,601.396470307226,601.396470307226,601.396470307226,3062.00283356915,3062.00283356915,3062.00283356915,1,1,0,0,1,183376.519955076,20289.6085553648,46099.7381692934,40324.2309522984,54379.8042820874,56081.8453923831,35325.7163682337,57000.560857305
FT1961,601.346289826621,601.317258456585,601.375321196657,2288.58530072643,2286.77863337484,2290.39196807801,2,1,0,0,1,1126028.04041616,0,0,0,0,0,0,0
FT1962,601.42442466467,601.42442466467,601.42442466467,2971.72352501174,2971.72352501174,2971.72352501174,1,1,0,0,1,5669086.61287442,1500.23446411491,8159.86374944058,0,0,925.990095204461,0,562.041682174335
FT1963,601.44333615797,601.443225701123,601.460919837219,3088.73657183898,3082.52356118968,3106.28233350258,9,1,1,6,1,1874862.96769251,383033.624344072,894735.616779123,727455.443151866,809468.872440589,853528.364276122,879304.451680505,869763.317485153
FT1964,602.124083607426,602.124026930021,602.124217352476,957.759787008378,937.798329819829,980.471223182628,9,0,1,6,1,628201.514590956,1450915.23847717,1928732.31900893,1667400.18138916,1498681.80550937,1381803.1578591,1463604.0834313,1341895.18347005
FT1965,602.138106171333,602.137843089982,602.138814104962,109.366504867111,107.149739077254,113.217235545996,7,1,1,5,1,1764254.62534938,1730613.42708239,1079021.41792684,1159339.90046891,3326.81975596012,1452180.83538393,1310306.0263198,1066962.46446889
FT1966,602.125519879019,602.125519879019,602.125519879019,769.653479473231,769.653479473231,769.653479473231,1,1,0,0,1,1361487.8523778,67578.6090496866,108881.221794415,124618.047601637,39058.4079020958,64928.873164998,38430.4958329306,45241.0160658396
FT1967,602.100649697153,602.100649697153,602.100649697153,1534.39823530094,1534.39823530094,1534.39823530094,1,1,0,0,1,482648.172388391,2122.05903032427,3691.22433511864,0,0,3244.44337410821,0,0
FT1968,602.254203687446,602.254178922928,602.293791616957,2362.58877613654,2304.23183000307,2365.25902201955,5,1,0,4,1,484951.222912813,5729.37973848104,136332.690470526,340800.992192171,490984.062989499,311951.155331221,392512.25404977,587927.435863036
FT1969,602.232193544706,602.232193544706,602.232193544706,851.604978291726,851.604978291726,851.604978291726,1,0,1,0,1,0,118923.18306429,156329.231204931,129675.101014845,78519.7080966604,54911.6157103562,33023.3288981538,24921.7250932191
FT1970,602.239563142941,602.239563142941,602.239563142941,1750.89742211334,1750.89742211334,1750.89742211334,1,1,0,0,1,888942.389260822,2934.20808466678,0,0,0,0,5016.5466141272,0
FT1971,602.326903541825,602.326780907377,602.41478838626,2558.73869190048,2555.38151253647,2560.70647920595,9,1,1,6,1,492550.958046878,651783.397235115,554514.925341804,515988.314984354,480621.554679364,434954.346788741,412961.083462802,375937.757990113
FT1972,602.194595080002,602.194426844873,602.194597977198,117.352254241597,112.460881472289,128.242118291754,3,0,1,2,1,53203.9378934486,994203.273603597,342378.206619636,399515.411523291,406838.793101424,353635.517542476,689590.922291382,335301.90294802
FT1973,602.334053276882,602.334053276882,602.334053276882,2144.37417994069,2144.37417994069,2144.37417994069,1,1,0,0,1,182351.793774038,0,24357.4545292913,0,0,4497.52785352678,7388.29676195372,29887.5499119781
FT1974,602.446499813836,602.446392967579,602.464156897749,3088.83029814572,3088.11071649875,3106.28233350258,8,1,1,6,1,693987.331165673,129007.709567505,282545.446069337,227612.727646487,284042.672613524,281212.768833008,308081.818990073,283757.555919937
FT1975,602.378413456418,602.378413456418,602.378413456418,2286.77863337484,2286.77863337484,2286.77863337484,1,1,0,0,1,385849.106445318,0,39296.8464369719,3712.43443308902,2569.2443087588,10780.7393389864,2436.47526370166,0
FT1976,602.427665820851,602.427665820851,602.427665820851,2971.72352501174,2971.72352501174,2971.72352501174,1,1,0,0,1,2244303.95295901,0,0,1916.33227107527,0,0,0,1150.79947590139
FT1977,602.736689559054,602.736689559054,602.736689559054,64.872470984916,64.872470984916,64.872470984916,1,1,0,0,1,2569211.19551803,0,78298.4866679016,98579.1181195069,16191.3533190031,108391.018894982,26438.8291339215,34143.2025318355
FT1978,603.138294929178,603.135835101692,603.143479825775,111.597925043679,107.149739077254,111.597925043679,3,1,1,0,1,263393.106624594,395396.196362166,13717.5827992648,10517.4518856164,4856.08212939678,5680.04260388832,9925.74490343579,6165.18163958807
FT1979,603.098351494903,603.067513052699,603.129189937106,1218.45272281164,1206.48807746595,1230.41736815732,2,1,1,0,1,36733971.7696885,213839.651191,132587.793986659,84438.55520359,85078.9221386897,92276.3782133181,66070.7748302141,74744.5769307712
FT1980,603.146678369986,603.136167505894,603.157189234077,1341.11959501652,1322.90875472772,1359.33043530533,2,1,0,1,1,1247067.33579939,0,2521.72384055527,3156.85123349894,18037.0252957628,1052710.29956999,24171.0884110124,13026.6550405982
FT1981,603.136355328865,603.136355328865,603.136355328865,1132.84516025245,1132.84516025245,1132.84516025245,1,1,0,0,1,2515915.13059693,161772.660514811,141655.918738437,91918.0016279253,165570.886322796,164047.356620651,157442.994428418,130502.480941973
FT1982,603.071963929849,603.071963929849,603.071963929849,1588.89548396791,1588.89548396791,1588.89548396791,1,1,0,0,1,1375885.34218331,0,0,6102.70810571458,2596.67618682492,7687.22893333095,4625.16818803715,0
FT1983,603.269891428474,603.269770781105,603.276698423624,2178.11157084641,2176.12966323615,2179.45058692564,4,0,0,4,1,0,96169.6700717972,216823.8364209,646338.239264321,477317.551777338,165019.151028645,16426.3337019447,10585.1598325866
FT1984,603.178328870819,603.178328870819,603.178328870819,453.29082706011,453.29082706011,453.29082706011,1,0,1,0,1,57422.7971771927,826740.927378383,187845.931662373,460601.225786255,355490.308876507,479477.696145878,363155.214923095,456147.851306087
FT1985,603.308720621933,603.306171115409,603.390941731698,2256.87110395008,2254.05699477124,2290.39196807801,6,1,0,4,1,154090.04947327,28486.9215553034,122925.202587889,584409.426159665,1111427.07524543,536474.048334962,57244.7059114469,73176.354371566
FT1986,603.25112192476,603.25112192476,603.25112192476,1076.09329445951,1076.09329445951,1076.09329445951,1,1,0,0,1,2470985.42396763,10849.0124932754,71236.2420363878,2061.62354306054,0,20971.6431116674,62990.5743814394,76567.440690752
FT1987,603.178234568155,603.178234568155,603.178234568155,119.810618046962,119.810618046962,119.810618046962,1,0,1,0,1,91059.0935487657,692277.835451549,547774.411134244,678207.167054367,971726.08914072,557814.079395178,971849.896832536,1023766.47396282
FT1988,603.40911028795,603.390972150156,603.427248425743,2553.81706525836,2550.83702830192,2556.7971022148,2,1,0,1,1,629986.027639248,0,0,1219.45313569156,1056092.41130409,0,0,3619.98869840529
FT1989,603.465942218596,603.434238555727,603.497645881464,2985.22668062706,2969.89570508271,3000.5576561714,2,1,0,0,1,3441951.88594953,0,0,0,0,0,0,0
FT1990,603.427284418343,603.427284418343,603.427284418343,2662.6380593274,2662.6380593274,2662.6380593274,1,1,0,0,1,213510.125061032,0,1476.0908454213,0,0,771.648047501039,0,0
FT1991,603.463593012467,603.463593012467,603.463593012467,3106.28233350258,3106.28233350258,3106.28233350258,1,1,0,0,1,238392.613952641,683.847081127851,2139.10218518166,2429.41967084058,1481.7473271142,712.068878930887,1548.67776767871,0
FT1992,604.139550096386,604.139550096386,604.139550096386,1227.97772269685,1227.97772269685,1227.97772269685,1,1,0,0,1,10705765.2887842,22680.2119848313,55572.7570889903,0,9995.84650780224,24751.9635158027,56485.6152756821,60661.5053622576
FT1993,604.070379041137,604.070379041137,604.070379041137,114.706886679883,114.706886679883,114.706886679883,1,0,1,0,1,11975.0429658029,494510.599585254,290794.150498373,300284.700766758,185416.637136535,218141.366075774,6451.82839580151,0
FT1994,604.079515736554,604.079515736554,604.079515736554,1588.89548396791,1588.89548396791,1588.89548396791,1,1,0,0,1,139216.305541991,0,0,0,0,0,0,0
FT1995,604.21873339908,604.21873339908,604.21873339908,1930.36774545987,1930.36774545987,1930.36774545987,1,1,0,0,1,365059.221805889,1825.64744489319,12802.330492803,2309.96087339664,13285.521286465,40857.1207472715,40161.4870240126,51382.6768243797
FT1996,604.25484084662,604.25484084662,604.25484084662,1076.09329445951,1076.09329445951,1076.09329445951,1,1,0,0,1,538017.726484026,0,2665.2436410551,0,0,0,3693.31529439222,0
FT1997,604.351463268728,604.35115824784,604.351768289615,2142.52099545375,2131.29415912585,2153.74783178164,2,1,0,0,1,1901037.5366211,1730.83441031555,0,0,3310.11031067472,4298.97171147977,2086.80264674651,720.931753788199
FT1998,604.412671170485,604.394623801977,604.430718538993,2553.81706525836,2550.83702830192,2556.7971022148,2,1,0,1,1,253641.781503908,994.388979178922,0,1415.18425895741,399031.100462848,0,0,0
FT1999,604.44594636302,604.44594636302,604.44594636302,2969.89570508271,2969.89570508271,2969.89570508271,1,1,0,0,1,1155683.07774442,0,0,0,0,0,0,0
FT2000,604.480185774799,604.480185774799,604.480185774799,3060.32478513107,3060.32478513107,3060.32478513107,1,1,0,0,1,145830.206523436,11914.7882014655,51500.5457112586,7212.27800997559,14356.2442987309,25235.432873241,13803.74891682,27190.6105911244
FT2001,604.738965228781,604.738965228781,604.738965228781,66.1488548941845,66.1488548941845,66.1488548941845,1,1,0,0,1,421875.924539233,0,0,4898.63578247416,0,0,5175.25298318778,0
FT2002,604.962072956854,604.962072956854,604.962072956854,70.0220095180855,70.0220095180855,70.0220095180855,1,1,0,0,1,381858.308775529,8944.10597136961,5792.85210536111,0,0,0,31818.5080074202,6388.9031944926
FT2003,605.173176523657,605.092260672893,605.209652901214,1227.97772269685,1083.34394343306,1258.77123169991,13,1,1,6,1,2245838.72584015,857662.965566755,875866.098530269,2018546.56206415,934887.963410461,536987.173596566,1197544.23438247,1171724.39841646
FT2004,605.194497498028,605.194310665518,605.194652299423,117.851048459069,112.460881472289,125.742755767241,6,0,1,4,1,81283.4222566592,741830.841097204,566631.529963026,609902.409600124,911442.254001183,550181.232247359,1371039.96497156,849345.396981641
FT2005,605.241475290444,605.241401653972,605.241520339302,3011.07894404339,3008.32515878859,3012.97588448991,3,1,0,2,1,5625014.31308589,44519.9616616733,301670.241834157,192069.959169882,113009.944704941,182249.849169476,207727.067625508,363403.338737502
FT2006,605.406526381178,605.406426430658,605.40672540858,3182.46683448022,3172.29037688332,3261.04506190691,10,1,1,6,1,3643901.18373659,1803782.01804621,2232248.9344779,3782919.92285159,3013055.45282753,5611822.59840152,1900288.17628419,6243940.92020089
FT2007,605.406561989313,605.382929594331,605.406730826059,2575.29338478065,2556.7971022148,2576.6909155827,5,1,0,4,1,347077.011700558,76678.9089278629,302092.189383848,220313.458633943,300705.027282718,283604.913430017,196599.823553298,196735.632962738
FT2008,605.28246921141,605.282429773339,605.307308738562,2167.05553178511,2164.87390025541,2237.7106171956,3,1,0,2,1,293572.139910464,7759.726287468,130113.60090863,223998.130577405,261647.597563919,592266.274409184,168345.232227309,191738.844698111
FT2009,605.323273058251,605.323273058251,605.323273058251,2839.71235315636,2839.71235315636,2839.71235315636,1,1,0,0,1,367262.692517866,0,0,0,0,1273.87107687146,1169.6701834121,0
FT2010,605.450054642361,605.449098828213,605.479162130483,2971.72352501174,2963.6162575704,3041.54233233345,3,1,0,0,1,5319580.12027735,0,1445.33923668204,0,0,1251.21837371579,0,0
FT2011,605.442884618318,605.442884618318,605.442884618318,2658.75331494237,2658.75331494237,2658.75331494237,1,1,0,0,1,1026741.63428799,0,1122.0502857616,685.907961090635,0,0,2186.68794374851,0
FT2012,606.075210558918,606.075079947092,606.075267792969,109.554002390215,107.273940904673,113.217235545996,5,0,1,4,1,337766.199123365,1964640.77658465,1715865.99132141,2513550.45260789,1171708.69608769,859799.353979883,297487.243785579,291900.162267348
FT2013,606.176220106021,606.095556089897,606.176321269925,1255.15962674825,1201.94160944084,1255.94992270334,4,0,1,3,1,0,149162.146987304,131073.734333293,408521.167085939,229145.333742011,241810.533038321,299452.407396168,248241.605715739
FT2014,606.244548975138,606.244548975138,606.244548975138,3012.97588448991,3012.97588448991,3012.97588448991,1,1,0,0,1,1360673.73459735,12636.4033930967,113600.322282291,49071.2843793136,19803.1264803443,46117.3045193034,44166.508464707,84178.5916550076
FT2015,606.409795966944,606.409723574348,606.409987611751,3182.42180492577,3172.29037688332,3247.90649568669,9,1,1,6,1,1284360.07876249,660807.536022953,757594.352604172,1384927.19018556,1114770.59528846,2052275.71738885,649019.956798006,2263194.74280134
FT2016,606.386168072875,606.386168072875,606.386168072875,2556.7971022148,2556.7971022148,2556.7971022148,1,1,0,0,1,130754.130519134,0,0,0,0,1852.73263289361,0,0
FT2017,606.349980572533,606.349980572533,606.349980572533,1523.83738785026,1523.83738785026,1523.83738785026,1,1,0,0,1,615166.566922973,5267.98108359958,16330.5590589314,4353.44959238857,0,7359.16999436212,4247.85843832784,6257.90452362579
FT2018,606.458990070638,606.458990070638,606.458990070638,3041.54233233345,3041.54233233345,3041.54233233345,1,1,0,0,1,2078331.81136558,0,13766.7374802273,0,0,0,0,0
FT2019,606.482550632961,606.482550632961,606.482550632961,2963.6162575704,2963.6162575704,2963.6162575704,1,1,0,0,1,689125.919392905,0,2320.40215209268,0,783.829996055246,0,0,0
FT2020,606.857927347976,606.857927347976,606.857927347976,66.1488548941845,66.1488548941845,66.1488548941845,1,1,0,0,1,411860.423718122,7812.78407611547,67458.6615210565,25133.8692467491,3999.94091683928,0,34786.3695384719,11836.756199118
FT2021,607.107428020367,607.107419209851,607.107485816013,925.070706978883,923.178979421583,926.713026842698,5,0,1,4,1,11949.4865326601,772381.892545688,503100.511883594,334459.596554513,113669.595773573,267143.674382701,208076.66516099,133783.381346325
FT2022,607.167380158217,607.167380158217,607.167380158217,1477.84687437623,1477.84687437623,1477.84687437623,1,1,0,0,1,696215.165222169,274633.070490621,137402.953904708,131883.664518919,156607.266083097,106279.812881198,195819.414450997,194944.900741739
FT2023,607.167315562122,607.167315562122,607.167315562122,1393.72304240429,1393.72304240429,1393.72304240429,1,0,1,0,1,177928.734970729,420027.358324111,204548.908170596,247011.041931556,428526.181291343,323582.869661106,276090.784793606,304979.21775142
FT2024,607.168611387918,607.168611387918,607.168611387918,1161.66488549302,1161.66488549302,1161.66488549302,1,1,0,0,1,89449.5618046867,0,9745.73214593998,0,5433.73048521092,0,0,0
FT2025,607.173235994943,607.078143664094,607.209617531693,113.051257659069,109.366504867111,155.438405602058,11,1,1,5,1,227548.331350087,906967.768454506,357112.483868319,369242.591606297,554326.430851695,659376.637126465,704529.998974166,579756.157004996
FT2026,607.256858804563,607.256722543606,607.256894740194,3064.78223072829,2973.68631876771,3067.40321403767,7,1,0,5,1,7114200.40511712,43331.8444903443,577694.783568632,240388.192462625,131703.371156856,200467.926800536,185896.174899117,359224.667626952
FT2027,607.261395681635,607.26135182568,607.2614533302,2094.74061823365,2093.13929640652,2095.75543427349,3,1,0,2,1,1898056.09934269,86036.0716110072,102375.546851734,148218.571555405,269029.679423382,292155.049732666,105917.730023446,121797.568632025
FT2028,607.413630305038,607.413597997426,607.413702071808,3182.31617810062,3181.83020280895,3182.53852936136,4,0,0,4,1,80400.0190617927,112522.203331939,153761.556892464,221985.19567383,141670.699141032,349474.215212971,116585.515025521,367748.468242187
FT2029,607.240133699063,607.224897650667,607.24022017978,1100.65881265797,1022.02348785858,1167.75942655965,5,1,1,1,1,5933893.68528906,602545.94850586,47718.3390030926,36203.8496383965,6621.07433410302,977816.382968749,77325.9287108932,61499.4340849003
FT2030,607.380537125496,607.362333117603,607.39874113339,2654.14557237043,2649.53782979849,2658.75331494237,2,1,0,0,1,1599023.53063069,0,2135.48611244285,0,0,598.272544804065,0,1096.92579718929
FT2031,607.422425946646,607.422257590458,607.422558586044,3335.13727642935,3300.55861021022,3338.14219478388,10,1,1,6,1,5464949.89555539,272446.871207387,1402039.50406301,692953.85634006,341383.50450134,1050847.65938323,510698.884332384,864649.193494499
FT2032,607.495129700421,607.443428444651,607.531406690605,3005.99726021899,2918.15960014616,3037.74755507375,5,1,0,0,1,35188303.8492695,2013.67686801388,3792.38792730927,953.096372217857,0,0,1784.95884642628,1488.89691011272
FT2033,608.243798393107,608.243798393107,608.243798393107,1100.65881265797,1100.65881265797,1100.65881265797,1,1,0,0,1,1894484.96921126,156694.897872627,17038.4007797691,0,4719.48790255088,72424.1677253788,10475.9945372444,0
FT2034,608.260458449733,608.260458449733,608.260458449733,3067.00338120852,3067.00338120852,3067.00338120852,1,1,0,0,1,2622287.18660642,11658.434134247,193183.907513826,87007.3043792832,36731.9808872557,82169.517305822,65453.1202213156,154896.571822592
FT2035,608.260205628406,608.260205628406,608.260205628406,2975.40167374927,2975.40167374927,2975.40167374927,1,1,0,0,1,119073.173375002,0,6205.85953343703,0,610.901570861914,1047.98216789309,4970.48552732267,7534.93947144635
FT2036,608.265220940498,608.265220940498,608.265220940498,2093.13929640652,2093.13929640652,2093.13929640652,1,1,0,0,1,440717.11396672,17239.7552944327,11513.5569649838,35295.583706752,65679.1495217054,90991.2558079021,28913.0748251675,29944.7528607394
FT2037,608.329765732995,608.329696872787,608.402169586042,2668.93927611342,2649.53782979849,2671.35098226515,6,1,0,5,1,564668.389619135,60039.7966354254,146175.959076431,127877.296927896,153405.952204048,139966.187773925,148001.110919849,233004.12681846
FT2038,608.42595079535,608.425696074955,608.426010511761,3334.2407849923,3334.15114508277,3335.74776420922,3,1,0,2,1,1953623.08938055,122726.264282025,485279.34681125,258712.63615669,130484.472592864,346311.584010775,167975.993267214,281645.724209966
FT2039,608.486343259276,608.47439364609,608.498292872461,3013.43777700222,2989.12799893069,3037.74755507375,2,1,0,0,1,14913916.8227796,0,0,0,0,0,0,0
FT2040,608.490313787675,608.490313787675,608.490313787675,2646.08901530533,2646.08901530533,2646.08901530533,1,1,0,0,1,441722.140258789,0,0,0,0,0,0,0
FT2041,609.147156477811,609.147156477811,609.147156477811,1465.93343607141,1465.93343607141,1465.93343607141,1,1,0,0,1,470726.285915042,183854.552517882,54080.4894359806,40013.1076343824,96260.6447829594,75644.6297625335,97790.13400367,48726.3816137746
FT2042,609.189405087302,609.189312221094,609.189447473135,111.25503139793,105.520085978719,111.597925043679,3,1,1,1,1,723016.566069141,755595.069554638,308794.87048983,449861.965495539,587167.225755306,666595.108014951,508577.209748609,421546.957514062
FT2043,609.269533324395,609.269520389548,609.269546259241,2391.96997575733,2370.91493636913,2413.02501514553,2,1,0,0,1,3267102.1234194,281301.435136323,355879.067698433,212325.565558936,112100.697275669,516227.321793491,127874.31404988,131059.878831613
FT2044,609.217242116689,609.217242116689,609.217242116689,862.357767794176,862.357767794176,862.357767794176,1,1,0,0,1,678986.012055858,0,3316.61319222765,0,0,0,3505.18077531186,3659.19182053312
FT2045,609.263800096221,609.263800096221,609.263800096221,3067.00338120852,3067.00338120852,3067.00338120852,1,1,0,0,1,446501.964360348,798.376308883005,34491.6356786878,8013.26712996281,3897.48246162418,6400.89260575692,6188.70007992693,21920.5035486886
FT2046,609.180796446286,609.180796446286,609.180796446286,712.079589023027,712.079589023027,712.079589023027,1,1,0,0,1,116833.74979541,0,0,0,0,0,0,1766.91508033717
FT2047,609.313615136853,609.31358824543,609.313657949253,2126.58647373512,2124.91124242259,2128.60187399585,4,0,0,4,1,196424.041107604,10598.3670325183,289618.479363338,157517.639322917,734215.674218753,947681.012824224,238320.297307404,297242.162973257
FT2048,609.410378316821,609.410378316821,609.410378316821,2658.75331494237,2658.75331494237,2658.75331494237,1,1,0,0,1,15320141.1272134,570.016458032153,0,1509.01780802887,0,0,1186.31331858904,1865.93406790364
FT2049,609.495413156448,609.480341202883,609.510485110013,3043.31499340972,3037.74755507375,3048.88243174569,2,1,0,0,1,3383684.59665694,0,0,1122.58156863696,0,2501.48495167893,0,0
FT2050,610.096287499861,610.06025486106,610.096385978444,616.726662825958,611.405841586456,617.584537912244,3,1,0,2,1,777009.347095605,274288.272994613,422101.311071399,433276.713739659,92477.2385978508,278288.645715341,201684.284886968,235070.032914208
FT2051,610.060179948029,610.060091516107,610.06026837995,217.613758740791,216.183660726036,219.043856755546,2,1,0,1,1,1773301.79688945,328527.285996311,206089.979976563,304168.499507957,166183.382251213,192876.61453948,185918.329678132,266779.748967022
FT2052,610.264055579867,610.263957670736,610.264194151446,2291.06003450834,2288.14232438563,2291.73829520888,3,1,0,2,1,126287.832903183,0,13010.8494339729,28728.4949031089,241391.017977673,148136.791544868,0,12838.1288503412
FT2053,610.220259919256,610.220259919256,610.220259919256,862.357767794176,862.357767794176,862.357767794176,1,1,0,0,1,164691.129465998,3862.91605563992,0,0,3755.44249360892,0,0,0
FT2054,610.419127140241,610.416046833154,610.419300821954,1546.91018557189,1544.12518567966,1550.88650618569,6,1,0,5,1,22011116.3802149,14589.0350113484,497399.8203125,726967.859454666,596596.021054827,1413208.26497375,1405678.2858374,2085851.34999999
FT2055,610.40444118031,610.391129560502,610.417752800118,3080.53691408572,3075.81044201454,3085.2633861569,2,1,0,0,1,476056.968653568,0,1052.51288075251,3181.13330436716,0,4492.96305154222,1227.36097204242,819.179981964974
FT2056,610.360753256812,610.316721711907,610.404784801717,2150.30748138772,2125.09493644479,2175.52002633065,2,1,0,1,1,164483.131652828,0,0,0,135370.063588169,0,0,0
FT2057,610.417603495088,610.417603495088,610.417603495088,2658.75331494237,2658.75331494237,2658.75331494237,1,1,0,0,1,5940821.39744549,707.901622922404,5275.39063853863,0,0,0,0,0
FT2058,610.352987728862,610.352987728862,610.352987728862,1973.36837033608,1973.36837033608,1973.36837033608,1,1,0,0,1,123178.597376573,0,0,2577.81282209929,0,0,0,0
FT2059,610.357953426648,610.357953426648,610.357953426648,2865.47841042464,2865.47841042464,2865.47841042464,1,1,0,0,1,261574.278009794,0,5003.77535364465,0,0,0,1952.77239046104,0
FT2060,610.505836460253,610.505836460253,610.505836460253,2649.53782979849,2649.53782979849,2649.53782979849,1,1,0,0,1,2884538.57127494,0,2267.38420697817,0,0,0,880.561639522469,872.132141150841
FT2061,611.043920048443,611.043920048443,611.043920048443,271.476228281969,271.476228281969,271.476228281969,1,1,0,0,1,1174458.88782664,11785.0620225621,21360.6676585901,11208.3927904248,2691.62436586428,6298.86937353574,8461.65726736302,12975.1621722062
FT2062,611.151819205266,611.145244590835,611.15335362353,152.675277071994,119.810618046962,153.766843103009,6,1,1,3,1,3528868.27740332,1781254.53461121,1572133.47475372,1562299.68278368,9535.61560404212,2298271.44889988,10801.8686573932,26512.156617697
FT2063,611.149887138735,611.137529599454,611.162244678018,673.433802497279,650.538663159256,696.328941835302,2,1,0,1,1,906619.495560059,1350.45913242291,1276.10590508218,3253.34730950774,2440.10778931252,617456.354638785,0,2762.99436378401
FT2064,611.284606634278,611.284530372182,611.284611437231,2515.9098209098,2514.33221251204,2522.20150384996,3,1,1,1,1,734786.275048831,372130.931784667,235256.745323721,269111.579509747,112419.972763352,754330.686408425,106972.10281657,88110.1190362735
FT2065,611.256428243363,611.198836655596,611.256619931331,1430.95495831558,1386.00208209942,1492.82251356619,3,1,0,1,1,1924119.29571518,19729.8717966802,6049.59902166979,6665.00464751055,2613.93983998887,2427359.36044643,28765.7275185282,3802.48119634655
FT2066,611.200098829354,611.200098829354,611.200098829354,1088.58816328454,1088.58816328454,1088.58816328454,1,1,0,0,1,742295.527592075,81595.6396538899,112440.997591955,62415.4615976693,51482.8396809005,21836.7010124049,30642.9447283446,33651.6149661186
FT2067,611.398822922681,611.39872361071,611.407659086031,3088.73657183898,3075.81044201454,3089.93624191384,7,1,0,6,1,308966.40422601,123632.695243302,288063.183340733,205525.704653933,195799.41991238,222689.46914506,215730.626928156,239210.77717275
FT2068,611.422662051061,611.421672324151,611.422727366059,1546.17611271058,1544.37238276262,1548.44511465957,5,1,0,4,1,7613514.6622924,0,137619.92483259,209631.326893897,178920.17475142,404862.114775638,420115.928127927,671579.221328121
FT2069,611.429967110274,611.429965204478,611.42996901607,2736.79011742705,2735.6152516795,2737.96498317459,2,1,0,0,1,1082461.28050894,0,13519.9753580521,0,1638.96415066961,0,0,1066.66149471233
FT2070,611.466674492872,611.423990064286,611.509358921458,2654.14557237043,2649.53782979849,2658.75331494237,2,1,0,0,1,1519327.47936911,0,0,0,0,0,0,0
FT2071,611.440151954135,611.440151954135,611.440151954135,1334.1827799989,1334.1827799989,1334.1827799989,1,1,0,0,1,1498845.61876326,0,33250.2216663268,0,12509.7248449599,45618.9100057819,6311.79142214626,0
FT2072,611.402084043065,611.402084043065,611.402084043065,2523.54869388531,2523.54869388531,2523.54869388531,1,1,0,0,1,186291.677304687,4453.00986754099,0,1326.66303726471,2485.29474987823,7435.75017899115,38000.1753680654,26630.7919181344
FT2073,611.431190171462,611.430378380477,611.505178289292,3082.52356118968,3079.50764233854,3085.31835445584,3,1,0,1,1,3080995.4832817,84170.9474119068,161069.427729032,128282.51662176,77604.563810285,150862.61775664,98759.7606749504,144782.371802918
FT2074,612.148661008366,612.148538852445,612.14873253635,150.805758247988,131.235613386314,153.766843103009,4,1,1,2,1,668595.645947577,373538.222149443,237495.465916131,198766.416424893,154569.960930706,429258.146426604,65371.3634464818,31638.2726290066
FT2075,612.23539144358,612.203698170785,612.267084716375,1098.84581080115,1088.58816328454,1109.10345831776,2,1,0,0,1,229908.515274325,0,0,0,3037.8760069419,0,0,0
FT2076,612.259936957909,612.259936957909,612.259936957909,1430.95495831558,1430.95495831558,1430.95495831558,1,1,0,0,1,369852.435620114,2793.39185765325,0,0,0,10364.2335736838,0,0
FT2077,612.32876676017,612.24490342789,612.41263009245,2213.37895846679,2190.34971370448,2236.4082032291,2,1,0,1,1,176386.26468099,0,203530.033089193,0,0,1567.3014456563,3870.69507173603,3036.78470301777
FT2078,612.228519590706,612.228519590706,612.228519590706,105.520085978719,105.520085978719,105.520085978719,1,1,0,0,1,124939.595892041,0,21498.1524383804,5071.25902158339,3819.01598455882,44664.0551265602,0,3280.89934890718
FT2079,612.433366494508,612.433366494508,612.433366494508,2737.96498317459,2737.96498317459,2737.96498317459,1,1,0,0,1,366646.381352539,0,0,0,0,2253.85312920403,0,0
FT2080,612.433695751263,612.433695751263,612.433695751263,3079.50764233854,3079.50764233854,3079.50764233854,1,1,0,0,1,964749.414576781,24285.456468847,64002.0830013241,43710.7209295051,13078.8179748757,52785.6795981171,27770.4773116454,42062.5312795296
FT2081,612.425286799017,612.425286799017,612.425286799017,1544.37238276262,1544.37238276262,1544.37238276262,1,1,0,0,1,1133231.65763672,0,8585.46649243374,10399.4054901805,6181.4631333275,31984.9960591484,54412.1944927701,87552.4568605453
FT2082,613.163099521559,613.163009855008,613.16314410116,258.618078906945,221.644941904479,307.091904876114,7,0,0,3,1,77185.8580004442,363025.128190052,628845.972805624,897436.794054688,1151681.93728373,693449.0403026,1050247.01925866,1106544.14024649
FT2083,613.136127714601,613.136127714601,613.136127714601,1826.97546771407,1826.97546771407,1826.97546771407,1,1,0,0,1,619251.719644253,2750.59443056637,60969.5931692797,55074.6122622342,61989.8051852308,49259.3258996782,37152.1763753273,68053.4419092243
FT2084,613.120805391502,613.120678392091,613.120906698725,919.404135002348,844.310575832932,1000.53054816933,13,0,1,3,1,107054.449647984,1073514.71341029,659419.282827667,558531.464843448,657351.266046548,663026.447779154,484820.070267693,423092.162983043
FT2085,613.167750878482,613.120777332359,613.215140613122,1060.12633808831,1048.35738412042,1071.51223497272,4,0,1,2,1,0,1272879.57447656,7580.67523981329,0,908729.997253419,3938385.86112416,4453.27266365658,11152.8358418635
FT2086,613.264048325368,613.263877989975,613.265143488066,2250.70425093957,2248.7523676489,2253.95830892306,3,1,0,2,1,433189.224287861,68433.8013832323,112631.217600591,183021.792109059,676992.770856126,683545.422931423,86011.1713739984,123752.26339855
FT2087,613.272127753429,613.272127753429,613.272127753429,1745.10790262506,1745.10790262506,1745.10790262506,1,1,0,0,1,847416.951522865,67006.213127511,109378.733569651,36304.7913268285,73390.6829900692,119170.26358626,34609.876270404,44983.4530215144
FT2088,613.214598315646,613.214598315646,613.214598315646,1411.27222093089,1411.27222093089,1411.27222093089,1,1,0,0,1,567255.913586427,102968.690492406,35048.3137290761,36372.7804455985,45300.47694209,92523.9232078639,31105.0681729087,50872.3923282996
FT2089,613.280903005237,613.280903005237,613.280903005237,2448.30601762737,2448.30601762737,2448.30601762737,1,1,0,0,1,164541.537552317,0,0,0,0,0,0,1126.45888125649
FT2090,613.375376900109,613.244114143591,613.37556483711,3112.2708971746,3111.69119211566,3130.98967533102,6,1,0,5,1,534341.401883682,150963.762919171,288436.56702215,224212.355512974,210520.755188211,237211.359930622,148356.937282116,217859.214108041
FT2091,613.385797618492,613.385797618492,613.385797618492,3000.5576561714,3000.5576561714,3000.5576561714,1,1,0,0,1,216505.32674262,2174.65791784701,5346.42248932048,3146.46698726632,835.35283709663,1792.356119906,0,3776.64202657526
FT2092,613.354918538594,613.33524325825,613.374593818937,2262.93435968024,2241.37941930903,2284.48930005145,2,1,0,0,1,1366201.1142321,0,3134.15002084001,0,0,0,0,0
FT2093,613.4439766913,613.4439766913,613.4439766913,2737.96498317459,2737.96498317459,2737.96498317459,1,1,0,0,1,2356823.38131531,0,4035.61036403935,1255.87069011255,1891.56555167718,451.654772374083,1488.10188667681,1724.89863148307
FT2094,613.351941872207,613.351941872207,613.351941872207,2477.17501358917,2477.17501358917,2477.17501358917,1,1,0,0,1,221954.148044621,1062.20312996045,0,1722.80018835208,3202.71297786419,0,2189.06395532884,786.296098408288
FT2095,613.430718735989,613.430718735989,613.430718735989,3079.50764233854,3079.50764233854,3079.50764233854,1,1,0,0,1,1195858.89905687,15916.3811004168,54020.1915006294,39055.5003318846,36797.6013853809,32214.8728080433,29623.9817710364,39190.9585505901
FT2096,614.139355343965,614.139355343965,614.139355343965,1826.97546771407,1826.97546771407,1826.97546771407,1,1,0,0,1,150712.76907552,0,7425.90591393455,0,5459.40661671955,0,0,6483.20608758237
FT2097,614.19456201151,614.194401871161,614.1946450966,127.563908287464,125.742755767241,128.242118291754,7,0,1,6,1,92799.2315827456,211561.566784357,344359.570496094,573489.844008092,643527.362346454,482611.229609375,1138452.27280939,709851.647501189
FT2098,614.232144943658,614.218419807562,614.232208992428,1113.36789712951,1071.07788010138,1116.01545144467,3,0,1,2,1,49412.5074827888,221526.040845478,151566.809660035,167175.731672004,113375.602413605,1183350.99166316,36608.4436941396,43129.148427836
FT2099,614.322772229893,614.267125833518,614.378418626267,2269.28215758801,2255.81681918132,2282.74749599471,2,1,0,1,1,433013.713578053,0,0,0,0,133445.002826484,0,0
FT2100,614.331903224776,614.331903224776,614.331903224776,2905.76237629313,2905.76237629313,2905.76237629313,1,1,0,0,1,470289.640415953,0,2289.46336495522,1354.90668587064,0,20223.855449936,0,1766.34126604054
FT2101,614.448831193871,614.448831193871,614.448831193871,2737.96498317459,2737.96498317459,2737.96498317459,1,1,0,0,1,835681.263574222,0,1817.64212228782,0,0,0,0,0
FT2102,615.004541970292,615.004541970292,615.004541970292,64.872470984916,64.872470984916,64.872470984916,1,1,0,0,1,630240.365166377,0,2778.50384497443,6520.17013019669,8705.44275041273,9543.10697977937,160241.640647158,95129.0870275212
FT2103,615.165568902599,615.134937033194,615.168372603087,1113.77260123117,1020.64399212203,1191.71362762692,8,0,1,2,1,7563.89095862836,345533.241640629,29250.1463170034,20690.7252423742,1101211.28317439,1044385.9583916,42392.0367815799,39290.521532651
FT2104,615.15156915029,615.15156915029,615.15156915029,2197.19725566152,2197.19725566152,2197.19725566152,1,1,0,0,1,866304.665115684,0,36591.2414340045,29920.4683085804,45320.4497920893,85752.3049596844,78680.9979958128,72055.5243119344
FT2105,615.266503739667,615.266430765644,615.266669385633,2439.02289433045,2438.32844359161,2440.6018533647,5,0,0,5,1,0,9383.33033359671,130014.64868275,271658.408578657,464065.198974606,364867.681641372,374713.313115989,396495.91105041
FT2106,615.148232434664,615.066525737339,615.22993913199,758.683130113873,736.370820477878,780.995439749868,2,0,1,1,1,0,278092.0574744,3410.32674730174,0,5626.73220667305,149480.052748633,4240.28297772082,4494.26171033766
FT2107,615.339244334385,615.339175445372,615.33927915791,2670.55780114426,2669.11448818707,2674.79722750504,5,1,1,3,1,162761.787883301,175244.262026368,170874.557161462,118991.312399554,179778.910562962,148867.308616472,181005.234671454,147467.813151613
FT2108,615.264052313325,615.264048891097,615.391033705314,2113.66922890888,2111.37141978575,2175.52002633065,3,1,0,2,1,267880.136091309,0,75270.2477169778,78466.0401322357,311487.240720484,469182.611600067,45533.9332741479,61385.5495124416
FT2109,615.390883880323,615.390883880323,615.390883880323,2286.77863337484,2286.77863337484,2286.77863337484,1,1,0,0,1,5009405.92565361,1936.46935200372,28499.710521434,0,0,2323.90363687871,0,2372.1602681595
FT2110,615.462617737145,615.462617737145,615.462617737145,2799.19717318032,2799.19717318032,2799.19717318032,1,1,0,0,1,1049438.84288406,0,2146.71517643943,1247.0793061915,0,0,0,0
FT2111,615.534252290141,615.534252290141,615.534252290141,3193.96526645308,3193.96526645308,3193.96526645308,1,1,0,0,1,297871.808119765,9955.0464421944,78564.7367265057,49459.7512438374,52838.3538762084,59756.2155581038,34038.8314535117,70346.1376160626
FT2112,616.141589765068,616.141589765068,616.141589765068,871.063833031665,871.063833031665,871.063833031665,1,1,0,0,1,112154.622498046,4018.25731813151,8409.67101677905,6423.94821296334,8748.35780199615,10166.3281395801,0,0
FT2113,616.154902488242,616.154902488242,616.154902488242,2197.19725566152,2197.19725566152,2197.19725566152,1,1,0,0,1,283773.341657508,0,3032.77781535079,3402.22049060003,5326.71011764393,16433.802695822,17688.0676122651,13852.4856895248
FT2114,616.174373821355,616.174373821355,616.174373821355,148.959128025792,148.959128025792,148.959128025792,1,1,0,0,1,558806.875648828,13175.94075435,27740.4448804534,28775.6311500954,0,110799.013762616,58455.5432414433,43574.0467101451
FT2115,616.247846861307,616.247799863693,616.247885676404,963.085657981551,961.575642768923,966.658132531712,6,1,1,4,1,249815.282498498,1439412.52778142,1072071.3233382,967202.069972854,481580.199466959,496169.738254622,422869.716337825,358802.972503025
FT2116,616.394443751591,616.394443751591,616.394443751591,2286.77863337484,2286.77863337484,2286.77863337484,1,1,0,0,1,1930863.16732423,0,8351.09467308759,0,0,0,0,0
FT2117,616.480365352155,616.480342996178,616.480387708131,3290.8138709014,3284.61363933535,3297.01410246746,2,1,0,1,1,6461613.89957143,8277.86120220213,365612.507534466,130033.470402813,57895.2021135623,107212.600242824,92430.3172921899,181281.023458866
FT2118,616.676151468262,616.676151468262,616.676151468262,148.959128025792,148.959128025792,148.959128025792,1,1,0,0,1,205392.588763916,2466.92179001752,14693.9420155035,0,0,44936.0412136845,6279.55126804058,11865.7848365512
FT2119,617.08971916743,617.082237195809,617.092112684914,1206.7527447095,1202.27160131818,1221.3771403396,6,1,1,3,1,13672947.7190128,491535.010541551,555674.715146488,537879.002114868,6276.33024484043,674329.356777522,0,7864.72513450928
FT2120,617.155355985528,617.134168222226,617.157859617934,71.6721770697596,58.372329270262,117.068394947835,3,0,1,2,1,0,206479.960820615,0,795869.434397768,0,0,128382.214859104,0
FT2121,617.130841649075,617.130841649075,617.130841649075,2054.03938250103,2054.03938250103,2054.03938250103,1,1,0,0,1,601227.020130199,0,83873.8584499005,77994.1030729728,77530.0073208909,74312.0706892302,60132.6340043425,105262.249287286
FT2122,617.130764698952,617.130764698952,617.130764698952,1976.38635965014,1976.38635965014,1976.38635965014,1,1,0,0,1,89764.2831914069,1932.71829227978,0,0,8430.30756909011,21452.5777406305,8165.73434853069,5659.24836450469
FT2123,617.130963093223,617.130963093223,617.130963093223,1874.58634437337,1874.58634437337,1874.58634437337,1,1,0,0,1,1460800.13336087,16786.9514553698,212787.930476534,144135.07745421,130314.41849371,141107.645714298,151836.921632216,184154.680573434
FT2124,617.251437237671,617.236186882775,617.251510336584,961.918059771501,886.895533079168,963.573283931848,4,1,1,2,1,257471.651525504,322010.73826888,274515.784822322,199918.521966797,132141.32057542,100053.604039179,127142.47804211,48141.1312769134
FT2125,617.358464724546,617.358277953386,617.358559577094,2876.30720962854,2875.9695742833,2878.74723799139,7,1,0,6,1,299993.213983151,51092.5062082301,372718.040260355,422186.236151596,353750.114870845,658055.995111604,807222.921164563,1168521.96882045
FT2126,617.212973126011,617.179312552962,617.303630914218,1484.5253748286,1439.18377278328,1575.6420140358,8,1,1,4,1,455585.759619142,425010.694975965,169871.710184732,645942.166074218,113805.720425684,5608768.63565428,224918.398912463,229882.768085885
FT2127,617.4068475525,617.398498122477,617.407129868816,3042.65567420258,2971.72352501174,3043.21931733204,6,1,0,5,1,1490166.3603996,103874.22108956,331881.984431149,250311.020080566,187430.612684659,238826.595423585,191792.318337384,156618.991840818
FT2128,617.387800309223,617.274320014997,617.38902897406,2782.31846443042,2756.62621971191,2792.8399767312,4,1,0,1,1,503480.907724615,0,274982.808608195,6042.24390986493,1973.96786739674,0,3068.31354836641,3644.893907455
FT2129,617.402948052618,617.401287619903,617.404608485334,2300.37841222678,2286.77863337484,2313.97819107873,2,1,0,0,1,1193247.67533773,1813.22021302646,8926.6495620028,1342.17101735843,0,4416.35500679465,0,3720.74197581832
FT2130,617.406281462189,617.406281462189,617.406281462189,2477.17501358917,2477.17501358917,2477.17501358917,1,1,0,0,1,788215.947871091,0,7724.79012252375,1365.14650697882,6424.22612931304,1731.05028513376,2669.55012876011,1829.20266209734
FT2131,617.483570340606,617.483570340606,617.483570340606,3286.35639955282,3286.35639955282,3286.35639955282,1,1,0,0,1,2425169.37397373,1965.14326351854,128359.504570226,38926.8425759443,10267.5258881036,35214.7503989449,26254.9655050543,52563.8857519366
FT2132,617.422962565169,617.422624269962,617.464168909751,3087.16121969007,3058.33125171581,3090.20475102095,8,1,1,6,1,562332.309507019,452190.719204061,779054.212899908,523705.997240603,626079.019427492,751442.838911626,513175.294925992,792312.682939876
FT2133,617.477706140574,617.477054968582,617.478357312567,2797.03201992132,2783.27255210566,2810.79148773698,2,1,0,1,1,1023673.44476648,0,162189.557848306,0,0,0,0,0
FT2134,617.479355048664,617.479355048664,617.479355048664,2963.6162575704,2963.6162575704,2963.6162575704,1,1,0,0,1,123269.076647136,0,1260.95736102983,0,0,0,0,0
FT2135,618.091143822831,618.091143822831,618.091143822831,1205.90464804101,1205.90464804101,1205.90464804101,1,1,0,0,1,2893918.99756032,5710.80828411993,0,2930.50209292483,0,0,0,0
FT2136,618.40173866517,618.40173866517,618.40173866517,2971.72352501174,2971.72352501174,2971.72352501174,1,1,0,0,1,579014.471967237,0,770.670901112671,939.700033088011,0,937.322634675242,0,0
FT2137,618.361730859428,618.361689391233,618.481660019609,2876.95717848595,2810.79148773698,2878.74723799139,4,1,0,3,1,403208.285971567,12092.3860254538,106053.527580034,117652.403171074,120636.345421656,157423.126785036,235283.289027385,292424.304782904
FT2138,618.478027080612,618.467270043651,618.478092452596,2990.30482848444,2962.89016307201,3058.33125171581,3,1,0,1,1,172082.713248513,72770.7933190832,147768.200892355,112227.184291964,381043.389957325,338601.691710403,336694.527512521,601660.520302735
FT2139,619.0404518013,619.040397234892,619.040912108985,1206.48807746595,1204.24005922949,1208.56478080046,5,1,1,3,1,1161804.8289563,244350.065947267,208404.764632902,381540.618730929,14248.6053451749,119838.644516602,21086.3761242732,0
FT2140,619.261505102893,619.261417736668,619.261701721777,2184.94309503521,2183.5567481645,2186.67490065995,8,1,1,6,1,190128.225067136,910832.879584957,688493.268220404,1080036.22158009,1550230.56375,1430311.68955079,1353729.88830605,1483187.18659426
FT2141,619.173602477251,619.173447728233,619.173771169092,116.730618940005,114.706886679883,126.226863922538,8,1,1,5,1,671222.925192261,1646003.13773774,899165.79112345,702745.031917791,2032601.58547719,647947.54139209,1558501.93316773,1501937.88998131
FT2142,619.188761184814,619.098202175699,619.18881890108,1164.30808048328,1140.72028319104,1204.24005922949,10,1,1,4,1,351963.587908938,3182758.3965861,447334.675799146,1233813.6189152,1649031.43693298,1552317.54744945,990575.334754403,1248337.76450195
FT2143,619.289495527384,619.289495527384,619.289495527384,2891.71445249184,2891.71445249184,2891.71445249184,1,1,0,0,1,3393333.30733599,32804.5922797898,49030.543157368,128354.570982568,41683.7402062989,55792.245615471,33203.2235866313,41764.5111131879
FT2144,619.280044852875,619.280044852875,619.280044852875,2446.82800454632,2446.82800454632,2446.82800454632,1,1,0,0,1,124614.425035806,0,7090.98588172386,1131.72279229171,0,0,0,0
FT2145,619.410958300916,619.410958300916,619.410958300916,2975.40167374927,2975.40167374927,2975.40167374927,1,1,0,0,1,352965.344796322,1636.18539332219,0,0,1127.86035338331,3310.55040991384,4570.09282167373,0
FT2146,619.422160657038,619.422029542952,619.422329588136,3331.85890273548,3302.88194314866,3333.51558299037,9,1,1,6,1,14286438.3603214,358633.356652023,2531724.07270616,1138354.05304362,595073.009628906,1263881.44004991,864485.539344792,1483629.44763314
FT2147,619.422127701985,619.422127701985,619.422127701985,2403.5933663732,2403.5933663732,2403.5933663732,1,1,0,0,1,2376235.58592355,2606.3078567923,71291.8875285876,1404.69500561149,4832.82242837381,11947.713419637,4595.34315358685,22356.8150394581
FT2148,619.420996379164,619.420996379164,619.420996379164,2488.61781209177,2488.61781209177,2488.61781209177,1,1,0,0,1,1901757.64897984,1261.86583411667,1351.66338738947,0,0,0,872.689797997461,1348.77058130971
FT2149,619.422054152892,619.422054152892,619.422054152892,2313.14078252915,2313.14078252915,2313.14078252915,1,1,0,0,1,884760.807250736,0,40314.3429990799,6266.83916221913,0,1733.02758289567,8275.02698903674,19871.1863610969
FT2150,619.443281350488,619.44318339831,619.479542469325,3078.68840333182,3049.78513321064,3093.46149231038,10,1,1,6,1,11342164.0803516,972521.388208006,2974103.39483725,1787224.95429112,1365796.9922443,2076652.19630445,1557548.87108094,2357396.95408352
FT2151,619.608575714577,619.608437053276,619.608773798186,99.6662474505616,98.025554740577,104.870953699002,4,0,1,3,1,3784.95810822655,154911.996914323,227653.525039148,276667.345877425,202476.30952522,150702.651551613,244684.016970702,151632.206150516
FT2152,619.56771615985,619.56771615985,619.56771615985,3207.47898892013,3207.47898892013,3207.47898892013,1,1,0,0,1,785743.38982715,0,65999.5753774071,32719.193843439,19832.7477858348,14909.9838361971,10919.2276656134,14458.229015335
FT2153,619.859695625759,619.859570916162,619.859810809541,100.167868302108,80.6148023623846,104.870953699002,3,0,1,2,1,3052.36417434974,136093.733740863,163261.980416905,215904.391267557,256829.916564812,123343.952825838,133195.559032121,164983.582896167
FT2154,620.264747751732,620.264671571255,620.264767566701,2183.96676861914,2183.14897774208,2186.2049434126,6,0,0,6,1,46635.9271432757,260658.597177489,179294.853316097,200788.153087769,369126.415691245,406599.150978782,388554.370579423,316578.430743962
FT2155,620.208996268555,620.176599904822,620.241392632288,111.801888042858,107.149739077254,116.454037008462,2,1,1,0,1,181199.849145077,195678.746727539,0,0,0,0,0,0
FT2156,620.191949163215,620.191920490597,620.191977835832,1163.44146554821,1142.06334664424,1184.81958445217,2,0,1,0,1,0,783736.432210896,107203.941943234,292808.787432562,288761.015066844,387485.657906134,227401.663608541,340208.880172134
FT2157,620.292811000239,620.292811000239,620.292811000239,2891.71445249184,2891.71445249184,2891.71445249184,1,1,0,0,1,1049745.15469056,4224.28202987861,12613.1880763211,31941.1518350801,9758.75201474855,17992.2454541782,2720.44009346757,7954.61830086182
FT2158,620.446786198535,620.446686490888,620.447046827398,3078.68840333182,3075.81044201454,3079.31211100266,8,1,1,6,1,4074446.27104492,338396.633662109,1228564.93790939,648806.933072101,481205.213579541,732861.866196003,518238.129178874,923151.42690662
FT2159,620.425629662194,620.425521004432,620.425831964234,3328.83169843135,3302.88194314866,3331.96298410555,7,1,0,4,1,5696277.390076,172624.347256047,1016020.52162033,433273.75053636,251600.837107219,444652.900572512,348194.027381502,544702.081458843
FT2160,620.425588568854,620.425588568854,620.425588568854,2403.5933663732,2403.5933663732,2403.5933663732,1,1,0,0,1,901655.972222016,0,15986.8442986232,1474.56014956647,0,5987.75764230274,2147.31402639878,5746.38276088735
FT2161,620.425652402787,620.425652402787,620.425652402787,2488.61781209177,2488.61781209177,2488.61781209177,1,1,0,0,1,592423.47380533,0,1439.32001725369,0,0,0,0,0
FT2162,620.425519733745,620.425519733745,620.425519733745,2313.97819107873,2313.97819107873,2313.97819107873,1,1,0,0,1,274481.204570833,0,0,0,0,0,0,0
FT2163,620.438976273525,620.438976273525,620.438976273525,2914.91320844254,2914.91320844254,2914.91320844254,1,1,0,0,1,322810.44273982,0,4482.04680224009,6520.7612300966,0,2588.85460698989,1935.9767807413,2931.28855493808
FT2164,620.571292132224,620.571292132224,620.571292132224,3205.8615559955,3205.8615559955,3205.8615559955,1,1,0,0,1,265350.656890194,0,12103.2981085974,3732.06582395639,0,1216.48081344711,1275.78558299045,0
FT2165,620.941236139687,620.941236139687,620.941236139687,71.4926736122435,71.4926736122435,71.4926736122435,1,1,0,0,1,211022.82832989,0,0,0,6136.97695032568,0,0,0
FT2166,621.189002844618,621.188802081707,621.189175359722,131.874783211089,111.316193186481,152.396418683095,14,1,1,6,1,1776064.82189713,2687295.98139047,1197257.34868308,1513718.23955878,1294312.97065173,1845545.14747598,2102737.1646457,2235979.02952734
FT2167,621.236243087357,621.236126926196,621.236399039644,2927.61314052821,2886.94055149027,2929.6482756589,4,1,0,2,1,3752200.87704774,36480.6704907703,309966.624396568,185468.84191111,100331.283545313,161021.786468083,149927.613222683,173933.184594725
FT2168,621.238390937526,621.219534007327,621.257247867726,1507.1353800674,1504.2151491325,1510.0556110023,2,1,0,1,1,132900.971120956,0,0,0,0,308920.837148437,0,0
FT2169,621.242111404413,621.242111404413,621.242111404413,1086.51563721207,1086.51563721207,1086.51563721207,1,1,0,0,1,233260.526715819,13422.2250041887,18949.5633780763,3784.09724482765,0,0,5777.19704916524,19223.3325095207
FT2170,621.257272524758,621.257272524758,621.257272524758,1373.89060780625,1373.89060780625,1373.89060780625,1,1,0,0,1,479091.59840622,0,0,3908.78396426211,11429.8392365681,0,5855.21330914634,5390.0406518289
FT2171,621.273937449998,621.238736499448,621.321241300208,2270.579763183,2239.40595415354,2317.05160318131,3,1,0,2,1,206931.896337892,1756.01141525344,0,3778.61624173854,0,823790.923525952,126678.316334636,0
FT2172,621.40169350877,621.40169350877,621.40169350877,2430.58706937749,2430.58706937749,2430.58706937749,1,1,0,0,1,144350.336686706,30033.8620329706,102410.062628222,66152.8928058711,68115.2057794395,93837.3215357528,55615.2455086206,60081.2828173232
FT2173,621.43814554781,621.437961025978,621.43825184005,3396.62890667872,3377.09254682428,3401.02430933935,9,1,1,6,1,12086786.6050293,913663.701040301,1943135.89035413,1498846.65793168,1193548.97341156,5047794.71505174,1570066.377314,2097979.42944392
FT2174,621.438071088016,621.438071088016,621.438071088016,2493.72265856194,2493.72265856194,2493.72265856194,1,1,0,0,1,1901596.81003905,0,58147.1387161025,0,3028.37711143655,2489.46789934123,22029.6864784858,30622.4950588522
FT2175,621.459197665554,621.429789577231,621.459516813217,3084.37610371529,3041.54233233345,3085.31835445584,9,1,1,6,1,42923635.7470658,3724420.30246395,9320169.01586387,5780526.15269832,4338407.81720554,7124452.47891222,4683727.48046875,7565490.47304639
FT2176,621.690610768355,621.690610768355,621.690610768355,148.959128025792,148.959128025792,148.959128025792,1,1,0,0,1,736392.526902618,99619.3511910037,77625.2547694878,75158.731894685,13955.4210678911,284556.581844168,234316.089421527,114343.145173185
FT2177,622.239787982556,622.239787982556,622.239787982556,2929.6482756589,2929.6482756589,2929.6482756589,1,1,0,0,1,1357791.81230109,12673.0143274174,125786.335895955,67434.2145434031,43663.8120514847,44619.8305666362,58695.5720403938,94980.9801299536
FT2178,622.272508284519,622.272508284519,622.272508284519,1153.04048415594,1153.04048415594,1153.04048415594,1,1,0,0,1,166204.116754014,0,6740.64714642867,0,0,0,0,0
FT2179,622.441602322608,622.441403867586,622.441698036181,3397.49773196144,3377.09254682428,3401.02430933935,9,1,1,5,1,3438791.75854306,326565.64532233,718188.945198396,521972.64620323,411245.131430469,1937625.86982097,507887.047553168,788072.719556521
FT2180,622.462723899174,622.433209060955,622.463020688216,3084.37610371529,3041.54233233345,3085.31835445584,9,1,1,6,1,15510840.6431094,1281899.36458835,3196949.26163461,2091505.59042255,1526684.92006911,2568448.80002102,1629379.52587891,2737935.24761929
FT2181,622.441516892085,622.441516892085,622.441516892085,2493.72265856194,2493.72265856194,2493.72265856194,1,1,0,0,1,726168.658016875,0,20103.466579161,0,0,0,2332.30079228627,5244.49351405458
FT2182,622.827035692978,622.827035692978,622.827035692978,64.872470984916,64.872470984916,64.872470984916,1,1,0,0,1,940057.794677727,8703.40556496848,33582.985224515,23471.1105302932,8913.56154489703,5322.12664237885,46879.1089887336,25200.9514716551
FT2183,623.16263611288,623.147400788349,623.162676620293,981.197427866653,965.293160423478,1025.36017183765,3,1,0,1,1,490302.759536342,85337.9013922786,171061.623701492,230862.645747016,737913.602294922,214552.893065485,285175.494347453,266325.943229622
FT2184,623.130181951615,623.126311551596,623.134052351633,1349.40222069943,1338.63379287876,1360.1706485201,2,1,1,0,1,1788693.4058991,1144313.75404389,7166.55189861993,788.634723144772,13884.3429312851,9029.5477962743,913.155633411567,9790.10417682503
FT2185,623.162772430978,623.162772430978,623.162772430978,645.155591858038,645.155591858038,645.155591858038,1,1,0,0,1,943204.51198883,21522.7622996753,11861.1184586092,4183.14498124535,21500.8923535432,8313.26567678513,12405.4515948493,9357.46122705647
FT2186,623.162712423883,623.162712423883,623.162712423883,1522.15576203596,1522.15576203596,1522.15576203596,1,1,0,0,1,549015.58286358,277176.946546414,132116.84605384,173187.526934641,158785.680580174,143112.218008643,295023.823487704,314037.919002973
FT2187,623.169466692094,623.141422332436,623.221020198072,1138.05123608831,1081.33836340209,1171.77182152878,7,1,0,3,1,436639.597377928,125203.110296805,601929.483936584,918458.090463534,1341774.93042179,19777838.2709106,1081694.58666992,995231.999492583
FT2188,623.252208210768,623.252072248174,623.252344173362,3072.0710397963,3071.15584387628,3072.98623571633,2,1,0,1,1,3072797.43456247,11324.8235218432,175294.327176515,96930.0935707216,37655.0795739833,95319.971477658,55251.2378952202,132860.146464987
FT2189,623.170306132503,623.141578097614,623.199034167392,1703.6944139464,1680.6511759606,1726.7376519322,2,0,1,1,1,0,130906.793776043,0,4029.51890914824,10538.6154442368,308083.305154745,2627.75531263696,0
FT2190,623.154020866918,623.103100466527,623.204941267308,85.6328049675644,56.5587232552457,114.706886679883,2,0,1,1,1,0,485809.896293978,0,0,2981.78098299662,540043.030800122,7928.34381444982,2264.5838253021
FT2191,623.293142833647,623.293142833647,623.293142833647,2107.09400811509,2107.09400811509,2107.09400811509,1,1,0,0,1,392953.331416015,11025.162329804,87936.1907257353,85762.5759617617,110685.673466272,151122.901451886,94627.8399281049,105726.751810567
FT2192,623.305941648449,623.305652291043,623.393681601527,2558.96242081478,2555.38151253647,2647.08605090725,10,1,1,6,1,363561.749153644,330704.734017805,218798.257567854,197001.263183593,158156.23011914,139694.189459092,174688.88478782,134031.889896683
FT2193,623.3810329061,623.293168727083,623.417330007774,2331.32180777468,2282.74749599471,2397.55284496551,10,1,0,6,1,1180219.1105735,234054.779932701,751338.002237943,295376.848508524,398463.437432392,393511.679539133,517973.489418531,664334.148828534
FT2194,623.345323789172,623.273019803368,623.345559803059,2875.06052987403,2864.68334516187,2929.6482756589,6,1,1,4,1,667489.711758752,733176.992842607,595540.18457756,805958.603135584,503835.980923159,764873.936214181,716183.730119328,909279.481473356
FT2195,623.402277335966,623.402277335966,623.402277335966,2005.665684997,2005.665684997,2005.665684997,1,1,0,0,1,622198.591888666,11289.3458229442,34669.0894051344,26802.3900982503,41679.5876232112,43124.802367614,38896.2813812319,32181.2464593882
FT2196,623.26005588677,623.26005588677,623.26005588677,1380.99868603934,1380.99868603934,1380.99868603934,1,1,0,0,1,154761.776612548,0,4577.36897333136,4683.51647754302,0,0,0,0
FT2197,623.465648181665,623.464539557621,623.466166823732,3083.79732268412,3081.19298507675,3085.31835445584,8,1,1,6,1,3307894.63671026,182042.50167033,659453.094592848,330607.759980469,219489.482425435,464701.843441629,233347.590473819,477923.521403518
FT2198,623.490110755686,623.453564904338,623.490188333917,3153.45767335612,3151.84973689302,3176.37297939392,7,1,0,6,1,1131777.84098226,159939.928298485,488405.122567613,338015.15051645,370738.194948604,311937.519825721,221990.133194988,384473.306640625
FT2199,623.432654131864,623.432469211828,623.598888565638,3252.98384500227,3251.32072455889,3341.62972919226,8,1,1,6,1,193596.753184723,169408.220758461,591250.217263341,425296.361775249,408622.211887205,414204.004583495,284226.406296386,396783.075505719
FT2200,623.438411651923,623.438411651923,623.438411651923,1956.13259345001,1956.13259345001,1956.13259345001,1,1,0,0,1,744813.93058008,3955.46962919502,13262.151542606,14709.4377964055,18779.3373285681,28426.396134657,4643.80980197676,0
FT2201,623.45194798261,623.45194798261,623.45194798261,2495.97132181642,2495.97132181642,2495.97132181642,1,1,0,0,1,1505612.23073404,0,126852.422791302,19525.6635773456,3161.2350917465,25578.3808680506,34003.7037513686,71195.103633052
FT2202,623.453661704759,623.453661704759,623.453661704759,2370.91493636913,2370.91493636913,2370.91493636913,1,1,0,0,1,125469.936694339,0,26073.9910487938,0,0,0,0,0
FT2203,624.111282052451,624.110982690277,624.169594857301,76.6030543356225,52.6484048149463,148.959128025792,23,1,1,6,1,632977.423216553,2492194.4936628,2511658.84773721,2512524.13813616,3068549.24866214,2534475.69436079,2900064.68743073,3264686.48237826
FT2204,624.15800801281,624.15800801281,624.15800801281,713.94255546965,713.94255546965,713.94255546965,1,1,0,0,1,161796.179771259,0,0,0,0,0,2158.51119733169,0
FT2205,624.166172029146,624.166172029146,624.166172029146,645.155591858038,645.155591858038,645.155591858038,1,1,0,0,1,265303.279968919,5325.74348209046,0,2403.27568192269,0,0,0,0
FT2206,624.129759339398,624.129759339398,624.129759339398,1361.52645012722,1361.52645012722,1361.52645012722,1,1,0,0,1,490750.609827802,27677.0245906103,5411.8499406498,10475.6585698481,0,0,3910.58487634757,6282.13783804653
FT2207,624.255355463052,624.255355463052,624.255355463052,3072.98623571633,3072.98623571633,3072.98623571633,1,1,0,0,1,1091160.7000706,1176.00521240686,68026.7767120612,32762.3235170211,6983.02776113226,28951.554582836,14731.3511335671,41901.7548499531
FT2208,624.3842505613,624.384200590239,624.384253527627,2331.019210182,2330.46808934606,2332.57470304789,3,1,0,2,1,408264.711979671,75924.2734201511,240158.742869314,105120.280889357,148089.545672078,144743.753220281,204245.077221926,223270.89391493
FT2209,624.40538870258,624.40538870258,624.40538870258,2005.665684997,2005.665684997,2005.665684997,1,1,0,0,1,205935.478133299,0,5601.08169080155,0,3822.74413659639,5055.02702600244,0,5959.41608877591
FT2210,624.43053481088,624.425289147631,624.435780474128,3262.30110487296,3254.52454621703,3270.07766352888,2,1,0,1,1,1176491.92528921,1690.76310583852,229611.463675535,0,0,3247.4776523063,2650.55526506881,749.814041584392
FT2211,624.475123881576,624.456780449658,624.493467313495,3165.09588047425,3153.81878155458,3176.37297939392,2,1,0,1,1,379037.404152835,690.656776008222,166022.915140787,0,0,1166.62943551035,0,0
FT2212,624.456877352646,624.456877352646,624.456877352646,2495.97132181642,2495.97132181642,2495.97132181642,1,1,0,0,1,570664.417081393,0,53778.5249447959,1930.41869664599,0,6647.96996633629,2547.34267144154,20237.9753838335
FT2213,624.441602765722,624.441602765722,624.441602765722,1956.13259345001,1956.13259345001,1956.13259345001,1,1,0,0,1,216272.14046224,0,0,0,0,0,0,0
FT2214,624.612668081457,624.612451980876,624.718399059511,76.5574277955991,52.4358932620187,104.870953699002,15,1,1,5,1,1497128.3494602,1007094.28883906,1025841.94536491,1160929.09907504,1106902.77901092,1042098.82699015,1052742.62242938,1233521.60656465
FT2215,624.82882455379,624.82882455379,624.82882455379,64.872470984916,64.872470984916,64.872470984916,1,1,0,0,1,198722.346565831,0,0,0,0,0,0,0
FT2216,625.096230222616,625.096118732635,625.153464998368,735.471689709786,728.094603531928,823.686431692608,11,1,1,6,1,2410732.89695722,567690.880223404,824620.521943268,1348927.46408539,947869.051525736,833875.009322936,882751.689370001,1050658.77794271
FT2217,625.141848837788,625.141848837788,625.141848837788,1367.42395670067,1367.42395670067,1367.42395670067,1,1,0,0,1,825249.774920572,462376.835762187,26519.0520220621,54241.3562319531,33684.7189150359,53223.0740749415,56925.9952166173,99518.4188453842
FT2218,625.162859934386,625.162859934386,625.162859934386,500.239905308119,500.239905308119,500.239905308119,1,0,1,0,1,27985.9282992295,309672.568900147,265370.319245203,338379.241565587,510400.640519754,354778.573862733,381101.166362287,477362.537831114
FT2219,625.141943482914,625.14181280608,625.178228904301,1047.11881318546,984.582722370423,1049.11163595816,3,1,1,1,1,857592.323023164,3680319.52827009,114387.327824391,103629.983334643,143935.939238184,404110.090802156,176623.269386119,160695.054384079
FT2220,625.171905025055,625.11837026966,625.225439780451,1200.39005279332,1172.80238288979,1227.97772269685,2,1,0,1,1,1500806.6400534,0,0,4947.0635241523,0,1078941.63079427,0,0
FT2221,625.246873864872,625.246873864872,625.246873864872,379.612752835494,379.612752835494,379.612752835494,1,1,0,0,1,423223.534209066,0,67195.5820211662,74507.3711691699,91682.7819795174,85085.5412845383,71834.0889781618,79684.7910937224
FT2222,625.267583727362,625.267583727362,625.267583727362,2592.90550949194,2592.90550949194,2592.90550949194,1,1,0,0,1,423561.551504691,639.017893533794,34471.1240758578,7641.47497979835,0,1378.78322109224,2453.93356447536,17658.5872381089
FT2223,625.34504270275,625.34504270275,625.34504270275,2914.91320844254,2914.91320844254,2914.91320844254,1,1,0,0,1,316508.968640358,64548.5681398885,21443.351122216,11130.0270382605,13509.0721495709,75251.0087240392,5878.00391617537,8952.57679376508
FT2224,625.360074790471,625.360074790471,625.360074790471,2239.40595415354,2239.40595415354,2239.40595415354,1,1,0,0,1,416863.742548079,52220.6800055234,94464.8566145222,94367.7403567422,81458.6282908743,113788.693622961,102502.197321236,109708.031518144
FT2225,625.448128253496,625.448093494798,625.542158003682,3147.43188027211,3041.54233233345,3149.77146690519,9,1,1,6,1,495296.861780661,139271.23273178,633424.06433716,519025.238437502,530747.791192932,510078.958229165,287202.315547572,420794.655057467
FT2226,625.38823878914,625.38823878914,625.38823878914,2658.75331494237,2658.75331494237,2658.75331494237,1,1,0,0,1,4198674.04441083,0,3360.08576308593,0,0,1042.18449388218,1610.30507137996,0
FT2227,625.469266199562,625.469155861836,625.469376537288,2507.02963871694,2498.14945652408,2515.9098209098,2,1,0,0,1,158661.994459329,0,91462.0927743465,6707.16541313182,2763.76327515391,10072.1915722378,25725.8258977462,19237.2586595229
FT2228,625.424441347785,625.424441347785,625.424441347785,2969.89570508271,2969.89570508271,2969.89570508271,1,1,0,0,1,1358262.30504558,1758.21185103974,0,0,1889.7938651927,0,0,1006.01054972518
FT2229,626.14506568586,626.145029156975,626.145102214745,1047.77574474098,1047.11881318546,1048.43267629651,2,1,1,0,1,211928.694251053,1026138.45308385,21534.3472437575,9376.59721603717,31721.6734557015,43402.2242445222,28988.4652935624,3120.520611585
FT2230,626.137322910148,626.137322910148,626.137322910148,823.686431692608,823.686431692608,823.686431692608,1,1,0,0,1,289273.792425631,0,0,3198.98237470092,8051.40415655023,3315.21921543755,0,7148.63173925784
FT2231,626.228529356209,626.202501009814,626.254557702604,716.269379723059,695.927269557099,736.61148988902,2,1,0,1,1,265605.351704911,0,0,0,0,1174965.37697768,0,0
FT2232,626.391619943374,626.391619943374,626.391619943374,2658.75331494237,2658.75331494237,2658.75331494237,1,1,0,0,1,1640204.087947,0,1029.26700854739,0,0,0,0,628.392515575187
FT2233,626.451578432246,626.451561231995,626.451595683835,3147.77013733877,3147.74293537753,3148.25309668542,3,0,0,3,1,28935.1816610964,83115.7095518114,250189.29670573,143193.980168235,111947.089960937,185826.636230691,119826.26243829,183388.160263702
FT2234,626.427832605774,626.427832605774,626.427832605774,2969.89570508271,2969.89570508271,2969.89570508271,1,1,0,0,1,597656.047851562,0,0,3630.26750732129,0,2215.34306919084,0,0
FT2235,627.151476351752,627.151473162738,627.151715091916,2061.91666676788,2061.33337241721,2063.38755183132,3,1,0,2,1,1571113.70587241,0,185206.537317651,130569.619203386,155161.792689732,167879.406225584,240058.409038197,311803.493374727
FT2236,627.144901252781,627.132512183209,627.157290322352,656.341788652446,651.236734044616,661.446843260277,2,1,0,1,1,814574.47963241,0,2133.71015725931,0,3463.38537417311,2029687.2531119,2608.98918059194,2759.06269643011
FT2237,627.151440656231,627.151440656231,627.151440656231,2549.32967927663,2549.32967927663,2549.32967927663,1,1,0,0,1,264224.552184102,0,3177.29255725188,0,0,932.633486317442,0,0
FT2238,627.151441980951,627.151441980951,627.151441980951,1953.77363090709,1953.77363090709,1953.77363090709,1,1,0,0,1,201936.320535018,0,13204.9493355616,29379.612778528,32660.5135590921,42513.6382019705,24950.7553547752,25574.3457637562
FT2239,627.164971469492,627.164650664621,627.277811845589,1098.01366314721,1058.22759087772,1160.87425596653,7,1,0,2,1,802004.489476562,0,0,0,752540.997165725,839945.378440296,3519.40929524534,3785.83653183722
FT2240,627.270260702993,627.270033725482,627.270399345078,1855.11929259213,1826.97546771407,1878.83026349937,3,1,0,0,1,5808234.2259411,17957.9433162004,180738.207868281,79701.6898542745,9754.08032984136,31546.9624125136,155802.646285968,124104.897907467
FT2241,627.230096579708,627.230058620843,627.230134538573,1270.9095779263,1270.80854761924,1271.01060823336,2,1,1,0,1,644107.899134117,394852.878544923,18298.5085550938,14250.8144417672,5257.69364082673,5531.31261196006,15089.0920553967,18055.7015610076
FT2242,627.251249329255,627.251240894171,627.251257764339,1387.06562985732,1379.63622040963,1394.49503930501,2,1,0,0,1,2333673.4518521,25348.5108088921,56410.0297953666,24465.5665222139,4725.16916621015,42511.2341219259,23927.2134183692,0
FT2243,627.178379850699,627.178379850699,627.178379850699,131.644300934265,131.644300934265,131.644300934265,1,0,1,0,1,57048.8222782151,1512419.89799771,1075288.32050446,1044194.47720809,1370604.50916696,781802.813585555,934999.328948512,1002798.94032197
FT2244,627.17837114512,627.178312881376,627.178500054602,607.981775142503,602.485074476566,613.251476739698,8,1,1,6,1,595210.427411596,839302.981572042,2307536.64776758,2593840.84326172,2918796.70924881,2090057.805381,2550349.44845649,2627551.73817959
FT2245,627.3912090292,627.3912090292,627.3912090292,2658.75331494237,2658.75331494237,2658.75331494237,1,1,0,0,1,690529.332259376,11889.9829604129,27138.3228533492,23033.1926930473,23171.7823155884,24794.6162774475,14315.0855777524,13988.696566107
FT2246,627.403917659365,627.403917659365,627.403917659365,2737.96498317459,2737.96498317459,2737.96498317459,1,1,0,0,1,251001.400276443,0,1635.57278845691,805.221677565529,0,0,0,0
FT2247,627.463974999181,627.459030875098,627.464005318342,3157.94995129573,3094.98784727913,3158.09388513379,3,1,0,2,1,157606.048338622,57400.1586801091,304011.62644043,333256.489694941,253387.178313296,290259.299023678,223753.896147562,293082.148983373
FT2248,627.427358013996,627.427358013996,627.427358013996,2556.7971022148,2556.7971022148,2556.7971022148,1,1,0,0,1,126735.150196425,0,0,0,0,0,0,0
FT2249,627.426012757165,627.426012757165,627.426012757165,2656.21067249407,2656.21067249407,2656.21067249407,1,1,0,0,1,894917.456681339,1016.10754619168,9687.60618492242,1051.7635667802,0,0,0,0
FT2250,628.154924546659,628.154924546659,628.154924546659,2059.0566338929,2059.0566338929,2059.0566338929,1,1,0,0,1,532026.97424504,0,53606.481225118,51019.6917150286,76888.1173339993,65031.8860412664,103079.170760924,103902.7504076
FT2251,628.070298934512,628.070298934512,628.070298934512,160.62486784069,160.62486784069,160.62486784069,1,1,0,0,1,391370.266859619,11572.6528620213,73691.096412633,124569.594492316,53359.1758170858,30114.76815857,36566.7886212071,36647.8456402447
FT2252,628.181773475095,628.181684759675,628.181810052581,607.981775142503,607.407685920677,609.692346182587,6,0,0,6,1,132043.133622024,178186.38345386,516309.965457949,589573.223323516,636018.736012335,450552.385864461,568751.940392742,557821.364218238
FT2253,628.444051371894,628.44400322718,628.444181896953,2998.36651096291,2996.09917363984,2998.53218516281,3,0,0,3,1,7426.14478943995,81516.0144277203,164389.227539062,87881.3684073222,124074.736853838,164274.42798549,125453.958882353,167254.011739099
FT2254,629.167399806241,629.165070426496,629.167701292133,2184.91274857431,2183.5567481645,2186.67490065995,7,1,0,6,1,19519527.1382473,21652.0483818531,1320491.93891827,850404.062534189,2325039.53696748,4020708.31252688,4052386.7588214,4093272.22948808
FT2255,629.054575169238,629.054575169238,629.054575169238,360.195359269908,360.195359269908,360.195359269908,1,1,0,0,1,1391363.77001693,197646.978327261,484157.507951203,495721.294402596,344765.639770572,290819.917068239,388484.349334683,444513.591931348
FT2256,629.158139470343,629.054464213028,629.194515685947,118.958031157696,111.316193186481,186.18311036128,11,1,1,5,1,593568.633970014,1687022.9456459,1169965.47516078,971767.51079956,1353416.26108594,598476.144222774,1107625.60795273,1115553.29026484
FT2257,629.290546429676,629.249568790082,629.291874268264,1930.36774545987,1876.90930581827,1957.90913363191,3,1,0,1,1,1933294.91590983,73192.9367625097,136328.752214481,96972.4045549872,38703.6040845841,103224.94303894,171125.297506997,159225.910337325
FT2258,629.218142689194,629.218142689194,629.218142689194,3135.24610778132,3135.24610778132,3135.24610778132,1,1,0,0,1,356750.540307436,1145.45601897628,2733.70596526578,0,0,801.325189126857,0,1667.18643909443
FT2259,629.239183005998,629.239183005998,629.239183005998,3067.00338120852,3067.00338120852,3067.00338120852,1,1,0,0,1,657020.937514644,3070.44278830201,103243.026368398,48330.9971839102,22622.6172254032,43281.6978288562,42368.6397317412,65488.4413525336
FT2260,629.230916861172,629.230916861172,629.230916861172,886.895533079168,886.895533079168,886.895533079168,1,1,0,0,1,224108.673039062,0,24880.6465278566,5390.20812559451,27774.0078082266,16344.872505415,58920.4835157142,54807.6685123577
FT2261,629.173315951707,629.173195440952,629.209735048636,1033.37324410336,985.897449716078,1124.39797662407,11,0,1,4,1,52097.3128049488,494873.206038411,690067.633796038,571547.966747436,624930.57709927,287695.341368243,980785.938182538,367215.204838926
FT2262,629.355227237048,629.355191989774,629.41965898635,2682.21656998581,2679.62660041072,2737.96498317459,4,1,1,1,1,584394.942912597,171533.148970514,72090.2156944623,121186.320874023,94009.5217117867,125615.591504232,164454.968304643,123224.409631275
FT2263,629.295451788894,629.295395669956,629.295507907833,2263.00294473251,2261.02152275164,2264.98436671338,2,1,0,1,1,152925.799524741,48203.2590616694,56977.0085794095,132259.798514877,222090.208872764,170754.118321144,74491.0752537841,65637.1357039587
FT2264,629.479744288222,629.479734916051,629.479813655007,3156.02831967286,3155.62303752618,3156.92433995634,6,0,0,6,1,168054.597272757,135021.421809815,586795.705457768,537676.817987134,501141.832403259,742828.280766601,461967.022652992,527505.529252485
FT2265,629.452829292176,629.452829292176,629.452829292176,3037.74755507375,3037.74755507375,3037.74755507375,1,1,0,0,1,12747002.4124744,3165.14491669443,6098.60962730415,4187.08543395232,1312.21297292055,4356.33881677325,0,2438.15050323186
FT2266,629.442422819842,629.442422819842,629.442422819842,2660.40083430846,2660.40083430846,2660.40083430846,1,1,0,0,1,719117.030231836,0,0,0,0,0,0,0
FT2267,630.170917118672,630.170821097958,630.171653842516,2184.91274857431,2183.5567481645,2186.67490065995,7,1,0,6,1,6994045.80514553,0,464456.473322943,317415.330853521,771496.920184045,1386485.74014762,1459558.61085225,1507906.79855635
FT2268,630.2714018758,630.271324236609,630.271479514991,2017.22182325875,2015.94261354423,2018.50103297327,2,1,0,1,1,10327962.661074,8413.03316961131,100195.141184214,24526.2484327996,0,18200.1962803813,258638.425795201,54112.9549950802
FT2269,630.193695053298,630.193695053298,630.193695053298,126.535297995497,126.535297995497,126.535297995497,1,0,1,0,1,0,594074.355707327,0,2266.69654686065,0,0,0,0
FT2270,630.446411345033,630.446411345033,630.446411345033,2660.40083430846,2660.40083430846,2660.40083430846,1,1,0,0,1,234064.793121093,0,0,0,0,0,0,0
FT2271,630.422961413363,630.422961413363,630.422961413363,2737.96498317459,2737.96498317459,2737.96498317459,1,1,0,0,1,237916.175390626,0,0,0,0,0,0,0
FT2272,630.459660276095,630.459660276095,630.459660276095,3037.74755507375,3037.74755507375,3037.74755507375,1,1,0,0,1,5560031.17644166,0,3616.76581329525,2090.47125125005,0,0,1405.45928139729,0
FT2273,630.899017087751,630.899017087751,630.899017087751,66.1488548941845,66.1488548941845,66.1488548941845,1,1,0,0,1,554283.538699513,0,76671.2093745434,10037.6106491159,0,16021.794599979,28776.612352568,55110.1683035954
FT2274,631.123270020354,631.085820469381,631.148480091945,1375.28442130108,1363.23463572663,1389.83468833408,4,1,0,2,1,368745.828435059,4416.05496368066,5582.23462240073,4504.44861997352,25995.1217217969,232852.121072265,221348.00073622,0
FT2275,631.173914562764,631.0970021201,631.253993825636,118.078285691222,66.2562587987883,140.873700120467,9,1,1,5,1,178884.545077006,1397491.27266877,1398492.00856053,1316797.39611844,180122.316346362,349996.75618712,395807.637801512,4842174.85511505
FT2276,631.174350879116,631.174096396119,631.200445382724,2183.97667787423,2129.2783459334,2186.67490065995,6,1,0,4,1,1950908.24596474,0,75248.085948257,52066.1162555826,128401.984743653,219747.456232244,223919.659333269,190477.713260745
FT2277,631.188924870425,631.079097570595,631.188936802982,678.765988996535,646.445256248808,679.393701631968,3,0,1,2,1,15424.405269541,945466.972531021,601307.247070909,510752.978009032,531076.227437238,457654.67374545,519727.138673509,105210.149658204
FT2278,631.160085806079,631.1012544176,631.225568296034,1703.87357593801,1665.74115901654,1731.61266638655,3,0,0,3,1,111877.188048146,132868.140670082,0,0,244512.198186036,355059.756530762,212046.303963622,16551.0664525175
FT2279,631.198657152638,631.187894130796,631.275812294319,2056.51402351782,2018.50103297327,2090.35759334288,3,1,0,0,1,3128817.92964434,2349.21946997893,0,0,14360.7554550676,0,0,0
FT2280,631.189012775825,631.17708347089,631.316647514546,1032.81478813078,924.900209585014,1092.55313685093,17,1,1,6,1,93960.92993164,7306470.18163239,3499734.93887534,2530619.27124219,5122896.51701738,3405759.07769329,4476020.38707548,1975209.51187175
FT2281,631.187061344631,631.175683678035,631.368682134193,1149.02887936329,1118.96551454725,1209.40040570148,8,0,0,3,1,117469.846487192,285664.878373586,471785.251424396,417598.100080911,1519038.24236027,521221.178879851,609131.115421576,1373355.60120118
FT2282,631.187255485816,631.184302091149,631.192252701396,877.504651812313,847.685991599184,878.417712602504,3,0,1,1,1,126599.753418384,1154485.00180206,606666.796281571,639807.97675999,1526955.81627722,665360.068976238,705863.497399118,613006.235150042
FT2283,631.407142242495,631.407142242495,631.407142242495,1821.44732856267,1821.44732856267,1821.44732856267,1,1,0,0,1,1595012.65599512,0,32791.9438374708,0,0,0,94121.9000112105,167718.445485351
FT2284,631.385917160781,631.385917160781,631.385917160781,2286.77863337484,2286.77863337484,2286.77863337484,1,1,0,0,1,761315.801891273,3984.86030629254,51562.0379178646,7281.20783393885,21139.1278531027,21200.306607278,12350.4638690422,39192.3544995306
FT2285,631.443271217675,631.42231889802,631.494923657493,3039.42307083599,2973.68631876771,3044.23669803679,5,1,0,2,1,1223213.76255413,10709.6972706653,269425.636768514,26470.2761731318,15704.5616953726,25520.751294924,21417.0823769243,294615.185172427
FT2286,631.457215517925,631.457215517925,631.457215517925,2664.31586389735,2664.31586389735,2664.31586389735,1,1,0,0,1,200309.631903408,0,9029.36600655721,1085.52618922599,1457.70528693591,0,0,0
FT2287,631.407125842255,631.407125842255,631.407125842255,2131.29415912585,2131.29415912585,2131.29415912585,1,1,0,0,1,437433.53805989,0,28935.1325147222,13930.0532734691,0,20030.8677262391,20930.8024844381,16786.6490250243
FT2288,631.370691017024,631.370691017024,631.370691017024,1953.77363090709,1953.77363090709,1953.77363090709,1,1,0,0,1,179308.351393696,7935.90377541729,36423.0211056591,12077.8855645631,10211.5198612666,44436.2250519141,49150.6229155227,22430.9384276827
FT2289,632.20531430061,632.205186838149,632.205473816842,117.068394947835,110.491630473791,128.242118291754,7,0,1,6,1,419435.632943556,1812806.66246521,439170.116292866,769451.412885432,469298.723951241,995524.710538804,872886.001537297,396252.418079723
FT2290,632.192254485482,632.192194468487,632.192314502476,1033.58770670951,1033.37324410336,1033.80216931565,2,0,1,1,1,73767.6006462943,1744193.76296876,796516.546851086,709840.966024594,881512.60665865,706367.804181966,789033.646915783,697440.222242837
FT2291,632.284568134337,632.284278524793,632.284857743882,1981.76159757765,1972.2853732094,1991.23782194589,2,1,0,0,1,1206406.40156381,1331.00155699711,0,0,0,0,0,0
FT2292,632.402203298641,632.40218972184,632.402216875442,2927.69819754461,2925.74811943031,2929.6482756589,2,1,0,1,1,237217.648479208,4191.86812997422,80913.1936852837,42813.9324086468,63628.6551058852,101179.812007723,33428.52650415,72905.6823843926
FT2293,632.410307417726,632.410307417726,632.410307417726,1821.44732856267,1821.44732856267,1821.44732856267,1,1,0,0,1,516164.700807618,0,0,0,0,0,14290.2039688051,33222.1501159516
FT2294,632.498228983393,632.498228983393,632.498228983393,2973.68631876771,2973.68631876771,2973.68631876771,1,1,0,0,1,451902.459838872,1422.26095211007,6408.01348541065,0,1531.87989834104,0,0,6899.12574301023
FT2295,633.08740097135,633.08740097135,633.08740097135,240.160594230452,240.160594230452,240.160594230452,1,1,0,0,1,643913.490095006,110345.405329822,184843.331980993,107341.985872623,77292.8436665164,90387.779098735,106675.191129017,129469.731611607
FT2296,633.27721318517,633.276927777991,633.27728004535,2270.2055285679,2268.79324094489,2272.58444691836,6,0,1,5,1,34808.5997154914,291401.288525048,151059.312354403,341655.643571907,506118.48602525,301628.60853703,441829.783997397,435634.623230795
FT2297,633.189272638148,633.152883958975,633.189341201586,113.426343548151,110.491630473791,117.352254241597,3,0,0,3,1,46611.8087105555,727401.70770959,805168.576595931,893209.983835936,110667.499486523,582941.29785897,2365908.45758244,1428646.06960921
FT2298,633.12590801393,633.083439249434,633.24080686325,1096.62239581865,1089.73362855498,1110.72147975254,3,1,1,1,1,836359.041229001,193748.747683595,153271.816202109,82086.8391805593,92885.7940913945,2712181.27275542,76544.3275817952,77607.9414148325
FT2299,633.239520850289,633.125949344089,633.239545343491,1853.25184663605,1821.44732856267,1890.33984050889,3,1,0,1,1,494171.089543269,0,5466.53706940269,3156.86290989233,3139.46111483753,986737.899368893,7499.26154712574,10305.4091869178
FT2300,633.401456024871,633.401340606451,633.401611871617,3103.87747795367,3098.08687320768,3104.27489788084,3,1,0,2,1,590036.549065103,34558.548722823,182419.770035732,101263.772598247,55365.9963908024,125063.169217264,128754.606367188,215096.962943021
FT2301,633.437920605465,633.43779057623,633.437988631251,3300.39515016113,3286.35639955282,3303.14880656471,8,1,1,6,1,1589031.30247728,1660475.56490884,1686324.66834559,2921871.77754373,2228218.31806397,2883329.11801512,1572397.15914473,5005922.45209781
FT2302,633.50324761988,633.49583667666,633.510658563099,2997.20345946395,2971.72352501174,3022.68339391616,2,1,0,0,1,1016858.01172476,0,0,0,0,0,0,2210.00260665198
FT2303,633.386193224653,633.386193224653,633.386193224653,1953.77363090709,1953.77363090709,1953.77363090709,1,1,0,0,1,158743.656089566,19231.103969174,38265.8620894229,4680.49800729191,28403.8971425835,53270.5656638081,63833.3928181304,45157.0794388922
FT2304,634.071369174627,634.071331171386,634.071374208602,310.902317308226,303.707129591958,332.1623244325,3,1,1,0,1,944912.370315429,108963.86145345,271577.675886022,195985.641956436,148120.499729477,184524.196176963,177620.219004035,226830.917642698
FT2305,634.404730889487,634.404730889487,634.404730889487,3098.08687320768,3098.08687320768,3098.08687320768,1,1,0,0,1,154657.538430177,4804.89582883473,41598.1574868693,16582.8886962487,9061.04527259886,15320.5217005503,21732.8715914829,25820.4987254201
FT2306,634.441382746889,634.441234865524,634.446202424357,3300.12162012967,3247.90649568669,3303.14880656471,9,1,1,6,1,661927.753216271,626580.68709089,571124.315913959,1234073.86891918,817398.490308533,1028706.02706901,567961.110533311,1888847.04654118
FT2307,634.513943045639,634.513943045639,634.513943045639,3022.68339391616,3022.68339391616,3022.68339391616,1,1,0,0,1,297542.835833333,0,0,0,0,0,0,0
FT2308,635.204641120079,635.101650599676,635.204847843391,117.706034083079,54.2190114927804,136.850861885623,8,0,1,4,1,94456.2195867205,2053071.50020742,143792.182042383,1395366.23447732,1653685.0425568,891682.436687163,2232138.18503036,2898401.09064396
FT2309,635.279288619558,635.265785612981,635.292791626135,2309.68688851395,2295.23973727446,2324.13403975344,2,1,0,1,1,369090.100626527,0,0,1382.53747648252,0,446167.568000713,0,0
FT2310,635.271652157501,635.271652157501,635.271652157501,1822.39742040456,1822.39742040456,1822.39742040456,1,1,0,0,1,863325.66921549,49737.0353707326,100339.644109236,71395.6998087065,97482.0417199947,68038.7758676519,66600.123902712,97031.4733366482
FT2311,635.2101906238,635.2101906238,635.2101906238,896.931418278917,896.931418278917,896.931418278917,1,1,0,0,1,791410.89318756,110831.959617753,0,0,0,0,8093.60872987258,4465.21609445924
FT2312,635.380925846959,635.380820076951,635.381031616967,2953.52756510182,2945.61793983903,2961.4371903646,2,1,0,1,1,706386.145131839,48008.4101662176,175811.970562094,172387.184247161,77261.582616893,109908.513195873,80540.2174672446,89217.1780468161
FT2313,635.380787323439,635.380787323439,635.380787323439,3060.32478513107,3060.32478513107,3060.32478513107,1,1,0,0,1,1088070.59507877,7880.52621639225,41872.0814735016,23659.9796600934,10667.0477980339,29449.1673701113,11806.551851799,29230.6040483406
FT2314,635.417125549429,635.417125549429,635.417125549429,2274.03008568386,2274.03008568386,2274.03008568386,1,1,0,0,1,2012302.62591345,2732.47010970872,175370.433540893,18551.9922133669,18833.2819988857,37848.9327325092,147614.935491639,144803.253776692
FT2315,635.526381580354,635.438681298099,635.526667448559,3042.7732741659,3040.75551982229,3073.04171048005,5,1,0,3,1,3436572.94190425,10649.653331623,259269.403964509,186536.973805808,22044.5104530077,152710.411119528,57989.7649448312,145716.756369138
FT2316,635.438464357802,635.438464357802,635.438464357802,2927.34999259745,2927.34999259745,2927.34999259745,1,1,0,0,1,186440.559627688,954.005411976411,13857.7497521357,3950.76517311065,0,7053.77926168811,1951.7017494889,9542.76233743755
FT2317,636.255798659283,636.223403821921,636.288193496646,1043.41655545124,1014.49181308707,1072.34129781541,2,1,0,1,1,226152.397454279,0,0,0,0,115897.28739258,0,0
FT2318,636.275084680921,636.275084680921,636.275084680921,1821.44732856267,1821.44732856267,1821.44732856267,1,1,0,0,1,226716.412499999,0,11031.9208451436,7930.26333402458,0,13604.7317358366,0,9900.85258654208
FT2319,636.227874304642,636.227874304642,636.227874304642,791.762177247611,791.762177247611,791.762177247611,1,1,0,0,1,677139.593463924,0,0,0,0,4691.44166467408,0,0
FT2320,636.200044347411,636.200044347411,636.200044347411,105.520085978719,105.520085978719,105.520085978719,1,1,0,0,1,180176.21330924,90399.6450600798,12365.4530883135,12605.247806493,5415.12804403589,52965.863672524,67841.6697191566,32324.5371565661
FT2321,636.384315466387,636.384315466387,636.384315466387,3060.32478513107,3060.32478513107,3060.32478513107,1,1,0,0,1,409520.386637365,0,3000.32471237655,7056.85429342364,0,4073.90924111624,1464.05540008926,1855.73309455861
FT2322,636.529813141443,636.529813141443,636.529813141443,3045.18729264354,3045.18729264354,3045.18729264354,1,1,0,0,1,1435484.38594415,3672.60801263327,119625.259358997,98229.1346853497,5798.41095065641,54757.3783620779,25348.0433728635,74976.897038613
FT2323,636.86546476819,636.820050853278,636.910878683103,65.0143485371468,57.2622877858717,72.7664092884219,2,1,0,1,1,686647.81774417,0,125229.320925586,0,0,0,0,0
FT2324,637.030933709004,637.030858297828,637.030998410419,2137.69965970929,2133.04046544165,2140.4854240618,6,1,1,4,1,219566.486641512,281959.960856717,289021.714465802,231019.123794745,275896.333239184,217792.3224369,243128.290757812,212982.676962448
FT2325,637.105444284276,637.050978743186,637.141730155883,1253.80534943437,1205.90464804101,1256.7407082671,3,1,0,1,1,597839.540441178,52498.603101426,51446.539535089,73808.5740971569,125475.47104309,1360121.55566162,24856.0130696926,16583.8262246927
FT2326,637.184011103861,637.183940154126,637.184224175644,111.711664586034,110.491630473791,114.961458677241,7,1,1,5,1,1838732.80284054,1410166.93859136,535128.167979104,832616.525943334,628279.448240953,1119090.62758829,774809.33397995,575508.624060059
FT2327,637.252238534826,637.141710175039,637.272294310937,1524.56747329703,1471.99107473231,1605.56185365632,5,1,1,1,1,1023198.10264648,1054504.82780792,2309.4662036722,0,4642.16891299999,937226.395103678,6995.41402933442,0
FT2328,637.178030428352,637.178030428352,637.178030428352,1395.56301831591,1395.56301831591,1395.56301831591,1,0,1,0,1,52683.4649133046,230207.654448241,66733.1110892714,120704.775855925,282013.411867311,721347.261016522,141574.437883007,153760.598069542
FT2329,637.231156396464,637.231156396464,637.231156396464,2778.02413006886,2778.02413006886,2778.02413006886,1,1,0,0,1,324691.857004957,2917.52487062838,49941.8358396784,33236.4128869162,12777.0019081885,28645.8809494589,11821.2100960727,36059.8444229724
FT2330,637.231504461225,637.231504461225,637.231504461225,2959.87461223849,2959.87461223849,2959.87461223849,1,1,0,0,1,1114999.10261025,2071.83348414456,86540.8423150353,59783.8145800443,17530.1654683243,44781.7171914205,34997.5360031295,59902.9558314879
FT2331,637.26753822543,637.26753822543,637.26753822543,3151.86131304075,3151.86131304075,3151.86131304075,1,1,0,0,1,559276.796814576,0,25236.9704560596,9912.49801267852,0,6516.66106375844,4458.24737874422,14823.0100109986
FT2332,637.202634198637,637.202634198637,637.202634198637,953.299579439598,953.299579439598,953.299579439598,1,1,0,0,1,164938.152094727,0,0,0,0,0,6123.45637308123,0
FT2333,637.384926130552,637.373116981786,637.396735279319,2308.7732015698,2286.77863337484,2330.76776976475,2,1,0,0,1,963592.730314015,0,0,0,0,0,0,0
FT2334,637.178108831049,637.178108831049,637.178108831049,1307.44582769729,1307.44582769729,1307.44582769729,1,1,0,0,1,437213.428196913,43137.5600022224,53037.8792449147,60019.3000876224,82507.2229471773,119759.831273269,109809.866606347,117429.996809756
FT2335,637.396785429639,637.373239573308,637.542351507505,3025.23400878151,2980.52735141451,3078.83006906933,15,1,1,6,1,3079842.38753908,123487.502949215,490253.299053482,444222.540829895,152084.195666451,267252.371189627,182106.796019151,323973.9000429
FT2336,637.469394301042,637.469394301042,637.469394301042,2649.53782979849,2649.53782979849,2649.53782979849,1,1,0,0,1,231106.475289134,4155.72531588165,13739.6151506668,0,6310.59701362536,4117.66443784114,1759.71062793728,5592.50830307396
FT2337,637.429339250717,637.428872812101,637.43026085415,2282.74749599471,2266.26130717565,2315.86256269258,3,1,0,0,1,1770440.36421997,0,79879.053018607,3267.88690728293,3507.9702683383,9395.82834528719,24392.347260349,44996.5192219221
FT2338,638.14518320565,638.145156507059,638.145209904242,1503.65357200645,1473.56678358572,1533.74036042718,2,1,1,0,1,140253.172955728,175405.552971538,0,0,0,0,0,0
FT2339,638.17990599587,638.179859140401,638.180191075156,2222.65934059389,2222.09803875006,2224.37279311993,7,1,0,6,1,3040419.53709262,0,512251.730290869,253233.452700022,257288.62781761,650525.815287738,595464.162854818,550196.873952069
FT2340,638.187425951955,638.187388350795,638.187463553114,112.345319791049,111.63938192303,113.051257659069,2,1,1,0,1,398954.092373161,279952.064561533,104288.440363664,137395.367722758,123794.598340026,201745.872089053,130484.418144619,125628.954845373
FT2341,638.201442679171,638.201442679171,638.201442679171,1608.600960604,1608.600960604,1608.600960604,1,0,1,0,1,8880.58647455656,160074.540065918,50791.7530155523,42765.8269836433,4307.28862041137,0,10710.2713424112,21045.9371371828
FT2342,638.271027164438,638.271027164438,638.271027164438,3151.86131304075,3151.86131304075,3151.86131304075,1,1,0,0,1,104143.553052454,0,0,0,0,1974.35910019195,0,3075.53106178762
FT2343,638.340360398999,638.340274475245,638.340428222617,2578.96121348837,2578.42825231296,2579.29390820403,5,1,0,4,1,1138142.28186662,137406.339500604,158776.836503905,103927.90823657,73548.9615158103,133705.642312345,136447.157317384,191506.130596315
FT2344,638.399843845924,638.365116070829,638.400055733706,2981.02626276387,2977.55151165471,2987.04085898408,3,1,0,1,1,1089697.21726319,32288.6916010238,168414.47812621,109068.829804689,38344.9905783799,100486.726289544,71528.5290576506,96787.6485067803
FT2345,638.388314955532,638.376494379439,638.400135531624,2308.7732015698,2286.77863337484,2330.76776976475,2,1,0,0,1,314505.941651202,0,0,0,0,0,0,0
FT2346,638.449329889631,638.449329889631,638.449329889631,3082.52356118968,3082.52356118968,3082.52356118968,1,1,0,0,1,582506.738893036,25602.9027200638,81329.828653182,44191.5655628681,18917.5815750273,49458.7184355322,30071.9808185245,58532.7770118793
FT2347,639.045155768624,639.045155768624,639.045155768624,924.900209585014,924.900209585014,924.900209585014,1,0,1,0,1,0,245613.340308252,135613.742683269,83145.4462733928,49755.8755187902,50124.6619859016,41219.2978767379,31304.4774428958
FT2348,639.121498178949,639.121498178949,639.121498178949,1588.89548396791,1588.89548396791,1588.89548396791,1,1,0,0,1,918831.779206683,0,0,0,0,0,0,0
FT2349,639.172916107076,639.165379911824,639.251656712493,1220.57507035794,1146.3621142297,1303.93126398802,9,1,0,3,1,688923.391549958,77193.1513852389,1208274.91379883,606845.555624441,808116.819813208,1087633.98339843,802996.327018923,2399532.9742408
FT2350,639.183448297635,639.183271077843,639.18348534722,2223.85797343496,2221.25777628052,2224.37279311993,3,1,0,2,1,740405.084557407,0,155896.390252653,79287.2616784967,101394.880009279,144789.439699954,167934.980522461,153874.317433164
FT2351,639.260086475292,639.251986304916,639.268186645667,1407.19276963414,1398.66690253341,1415.71863673487,2,1,0,0,1,2435792.14563116,3124.01120540752,0,4465.28661997109,0,3909.37864275169,0,4301.80092636812
FT2352,639.199950535473,639.199950535473,639.199950535473,113.051257659069,113.051257659069,113.051257659069,1,0,1,0,1,84114.0696641168,391710.974417995,161666.457687642,185571.78237925,207372.997254319,206942.995203867,199690.40547849,175278.993942722
FT2353,639.394922082222,639.277570070758,639.412427576964,2987.04085898408,2947.37683296817,3044.23669803679,7,1,0,1,1,2328165.63852119,1114.91467325217,208901.85595052,1031.88550525365,0,884.977502505457,0,1539.40885442588
FT2354,639.412436198238,639.412387794097,639.412476961497,2332.80643364601,2332.30065224126,2334.35855940019,4,1,0,3,1,966525.803625479,78127.3698526934,310606.349839426,95385.905540764,93507.1678972743,132481.13428264,177171.290741269,419577.050797526
FT2355,639.343748198694,639.343748198694,639.343748198694,2579.29390820403,2579.29390820403,2579.29390820403,1,1,0,0,1,315416.470875417,35729.4042832833,64158.6631222359,38167.3414955795,25290.344108295,35336.4097615621,57368.750382145,67208.3288064668
FT2356,639.433594164384,639.433594164384,639.433594164384,2073.89910735488,2073.89910735488,2073.89910735488,1,1,0,0,1,108925.461264649,0,0,0,0,5687.39378903241,0,0
FT2357,639.412406692059,639.412406692059,639.412406692059,2172.0869827242,2172.0869827242,2172.0869827242,1,1,0,0,1,1568560.65367513,6154.52325745751,115227.14022526,37952.2938572033,3780.97708837639,18565.1673392018,77071.7692265528,71949.7421323725
FT2358,639.462790019782,639.462790019782,639.462790019782,2812.39225567047,2812.39225567047,2812.39225567047,1,1,0,0,1,942685.891304869,0,0,0,0,0,0,0
FT2359,639.539636097827,639.539636097827,639.539636097827,3002.99643045688,3002.99643045688,3002.99643045688,1,1,0,0,1,169794.571845702,19594.5670062474,89248.2477352373,48426.1738037495,21578.8483611366,46099.9571478107,40115.5811566114,59496.1513308213
FT2360,639.557754980074,639.557754980074,639.557754980074,3107.76171372841,3107.76171372841,3107.76171372841,1,1,0,0,1,739892.881044287,4457.87722891127,52794.0758143987,31075.3572559674,10151.5191749268,18911.6755661961,24700.2844479327,31485.1529480006
FT2361,640.177288357129,640.177164157787,640.18080139203,2222.93739057361,2222.09803875006,2225.7842949406,5,1,0,4,1,1912324.66471088,0,276091.691947119,197137.205905656,200199.14883599,278057.37423853,354833.028072917,342051.185165637
FT2362,640.15067805976,640.12469706113,640.176659058389,1580.83649055613,1572.77749714434,1588.89548396791,2,1,0,1,1,233687.844729226,0,88789.9946780676,0,0,0,0,0
FT2363,640.270670171957,640.270670171957,640.270670171957,176.934543012973,176.934543012973,176.934543012973,1,0,1,0,1,86073.4631845222,302897.23099222,198709.159263574,188341.617113033,170032.0210486,156030.779253817,71260.0948829729,37416.4773862944
FT2364,640.415740770467,640.415740770467,640.415740770467,3023.9709549594,3023.9709549594,3023.9709549594,1,1,0,0,1,837095.525409454,5862.33284663267,70355.5006798446,40013.7544589365,25278.2080743966,59473.933686549,35315.3420514466,56550.13430788
FT2365,640.347731813586,640.347731813586,640.347731813586,2936.31485315832,2936.31485315832,2936.31485315832,1,1,0,0,1,525353.522115656,1133.81484619597,0,0,0,1719.36635512296,1848.25622559476,0
FT2366,640.415727630169,640.415727630169,640.415727630169,2332.57470304789,2332.57470304789,2332.57470304789,1,1,0,0,1,312794.068167311,24964.7645856863,93433.8850068677,26628.323651539,20683.3462264041,38274.737103434,88309.1674767613,132784.066073557
FT2367,640.344060406721,640.344060406721,640.344060406721,2658.75331494237,2658.75331494237,2658.75331494237,1,1,0,0,1,533767.853440515,0,0,0,1255.64896409323,812.325584451122,1131.78234102206,0
FT2368,640.415750424778,640.415750424778,640.415750424778,2169.77765504828,2169.77765504828,2169.77765504828,1,1,0,0,1,524548.633146976,0,20391.3460953936,0,3427.7962952735,8670.80666059212,6523.85741804174,3959.55286998881
FT2369,640.466183186822,640.466183186822,640.466183186822,2812.39225567047,2812.39225567047,2812.39225567047,1,1,0,0,1,354991.020894777,0,0,11003.1648268267,0,0,1001.58368757154,0
FT2370,640.560914019569,640.560914019569,640.560914019569,3107.76171372841,3107.76171372841,3107.76171372841,1,1,0,0,1,223795.911947295,0,15546.7034014845,7000.48015895963,2967.30500738649,3403.52981034711,4541.74893218726,4883.29119985773
FT2371,640.849081440706,640.730967287458,640.904424633787,920.44505803533,827.745617113599,1041.10008822004,10,0,1,4,1,83323.0007596299,118178.213179525,0,4968.33373359311,1084132.54481102,258556.82635498,171398.22653768,1361658.51909378
FT2372,640.848334336359,640.779054805422,640.877177246243,1966.13318880758,1916.74778340219,2037.86293646186,6,1,0,3,1,818078.918708763,0,0,0,0,694709.947479488,474725.137361947,122990.814879454
FT2373,640.773161332846,640.691541837183,640.854780828509,64.9317833442531,64.872470984916,64.9910957035902,2,1,1,0,1,1176267.91654204,366156.122240423,3622.8478451447,4674.42013667508,5318.08476778027,2104.42611634015,14686.6188206874,17048.8590773661
FT2374,640.877865993989,640.834821857557,640.899338794069,1442.75375669342,1390.59446446782,1482.73452894378,3,0,1,2,1,199798.944907291,114556.859338377,0,0,5940.64402562457,135791.498822892,602112.755742189,3318.98315611243
FT2375,640.869420166327,640.869420166327,640.869420166327,182.65091910882,182.65091910882,182.65091910882,1,1,0,0,1,149896.027299097,12592.6493172721,0,0,0,44374.1161553783,0,0
FT2376,640.883675788154,640.843923856174,640.968953764443,1652.32807932131,1575.6420140358,1735.74591059057,6,1,0,3,1,310613.352094561,209624.105957514,0,379964.588159178,787421.854752535,376619.651820653,0,0
FT2377,640.927044345039,640.867141039322,640.986947650757,2219.40913498045,2188.93404788082,2249.88422208009,2,1,0,1,1,340850.776603336,0,217795.014404298,0,0,0,0,0
FT2378,641.15227310657,641.073883679189,641.152396762511,1038.84992198719,998.411977685199,1069.35277603331,11,0,1,2,1,62124.3099891125,783905.345807292,342310.021314178,343212.975826411,1014985.85215683,304021.413271294,390380.923298526,251804.839780506
FT2379,641.148706850869,640.973656895332,641.154373662854,1138.271445243,1102.33871962176,1177.49156416495,11,0,0,5,1,327049.038061409,391363.623065482,602876.311591044,745623.609173078,1097946.92901611,376569.95519745,259545.245273438,805959.663434365
FT2380,641.164466577596,641.00300094787,641.16493282363,120.097058503051,68.6119296101901,149.571054500826,5,0,0,3,1,3190.17411703058,10649.4951298103,2313.51797733268,533106.618229766,2614352.92096265,2785.95639964202,13160.1395890094,967143.095187232
FT2381,641.267312598305,641.181112399084,641.267585476034,1329.37362373592,1301.08739411239,1377.40472387443,5,1,0,2,1,3929299.09647917,7303.40033832462,895297.533309144,0,79583.2623281255,9118.91937200333,24167.5077154004,0
FT2382,641.194619696257,641.150161972033,641.291088881652,805.749927972501,776.711064241707,848.127550475166,3,1,0,2,1,1151606.51397157,7626.23623815699,169497.3776014,82224.8003193095,97374.809125017,945702.878481997,131746.795224867,132678.378818154
FT2383,641.295468028885,641.295397777945,641.295538279826,2422.16041755974,2419.23859826076,2425.08223685871,2,1,0,1,1,941121.402238772,47960.4155087407,88138.6357449782,87207.2574974696,545865.814598303,415150.862033695,31560.3183685971,91119.781123313
FT2384,641.180493729064,641.180493729064,641.180493729064,2222.09803875006,2222.09803875006,2222.09803875006,1,1,0,0,1,453732.516200195,3583.38478735896,87511.5269377791,47838.2870963378,57994.9571938971,87914.2883557052,97382.6419913612,89151.9638271511
FT2385,641.178378384093,641.177431116845,641.316351415585,1183.10802707905,1150.6273486987,1215.26028913217,5,1,0,4,1,236697.359889732,0,1524841.73275557,44655.6246379405,3060650.50045963,1657538.92020704,1766389.92427506,69293.5639727407
FT2386,641.349829051978,641.349829051978,641.349829051978,2658.75331494237,2658.75331494237,2658.75331494237,1,1,0,0,1,657579.399113553,0,0,1085.37666415042,0,0,0,2157.12678767035
FT2387,641.398597913141,641.398597913141,641.398597913141,2969.89570508271,2969.89570508271,2969.89570508271,1,1,0,0,1,280697.228294273,1920.41759733732,0,1740.26041988807,0,0,0,0
FT2388,641.506334623471,641.47566138657,641.512344426312,2172.0869827242,2159.35925735095,2188.63173548684,3,1,0,0,1,219053.195898443,0,0,0,0,0,0,0
FT2389,641.416192061421,641.296775178258,641.464378315447,2378.45933734127,2284.48930005145,2486.53445635914,6,1,0,3,1,1167844.23599609,0,364857.366184487,0,579077.976657714,0,154646.420417483,0
FT2390,641.555339482726,641.427962758501,641.555550979952,3088.73657183898,3067.00338120852,3089.93624191384,7,1,0,6,1,393629.653059603,87166.9521672683,287682.234350582,168779.525874026,188948.397368861,307873.850999345,359337.16731113,316610.599825093
FT2391,641.567181396089,641.479723405756,641.661625624417,1151.6794266348,1105.87440651318,1213.53937505303,6,1,0,2,1,94773.4579687495,0,0,0,2960.18936208542,205364.627630861,0,167599.981249999
FT2392,641.656316329061,641.656316329061,641.656316329061,1632.061501304,1632.061501304,1632.061501304,1,1,0,0,1,127631.491413749,0,0,0,0,0,0,0
FT2393,641.646001254636,641.646001254636,641.646001254636,1694.74147489774,1694.74147489774,1694.74147489774,1,1,0,0,1,123169.342480469,0,0,0,0,0,0,23641.4181491819
FT2394,641.562813213932,641.562813213932,641.562813213932,1941.05990856102,1941.05990856102,1941.05990856102,1,1,0,0,1,151599.800112305,0,0,0,0,0,0,0
FT2395,641.549728099284,641.549728099284,641.549728099284,3205.8615559955,3205.8615559955,3205.8615559955,1,1,0,0,1,236268.184766497,0,7550.4895653162,0,0,0,0,0
FT2396,641.582296233283,641.582296233283,641.582296233283,1836.92655885731,1836.92655885731,1836.92655885731,1,1,0,0,1,147445.75703125,0,0,2537.76978434174,0,0,21843.2576142586,0
FT2397,641.688270025642,641.679917731501,641.704466362327,1235.19706293955,1220.7068297279,1255.94992270334,4,1,0,1,1,233796.573999294,0,0,0,0,0,6918.99538338893,130533.886573792
FT2398,641.682518436168,641.682518436168,641.682518436168,890.731083574926,890.731083574926,890.731083574926,1,1,0,0,1,97415.1734407714,0,4615.06480997162,0,3893.36895568056,0,18123.6283812729,0
FT2399,641.753648349116,641.692109196085,641.897171019338,1385.27497244517,1296.40717955057,1430.38638335541,12,1,0,2,1,347279.390877404,0,0,8584.5683933466,6121.45788699323,0,163642.899427735,149132.4475
FT2400,641.734827595114,641.710031986816,641.839236916847,1605.56185365632,1588.89548396791,1638.00993112016,5,1,0,2,1,161096.410532925,0,0,0,5046.89105851459,8961.86851930655,91005.4567871094,142814.54693278
FT2401,641.824257797951,641.784316994196,641.864198601705,1500.21924552092,1491.58918791866,1508.84930312318,2,1,0,1,1,165085.773065184,0,0,0,0,0,82960.9742500003,0
FT2402,642.088989183749,642.065179778806,642.112798588692,70.0096721316854,68.5266706511273,71.4926736122435,2,1,0,1,1,320153.973263787,7954.48632318462,5626.73115860807,12096.6529952717,2782.04685158808,41737.6438675712,179603.592848975,13625.8636640592
FT2403,642.194610372885,642.194608557205,642.194644039951,615.372926161393,614.088988275697,616.319960196717,3,0,1,2,1,151252.464347958,399314.172090006,480976.573026647,212372.354532554,340354.355981798,348798.302403088,217325.599378153,258970.89684412
FT2404,642.141981964321,642.141924545466,642.270627303741,1343.91452876738,1343.52618581203,1370.46107197596,3,1,1,1,1,1073760.15825261,136012.800262045,141220.30876635,71028.8729926622,14425.118418778,105638.267978291,116000.782189053,98595.9926182688
FT2405,642.174101604173,642.174101604173,642.174101604173,2222.09803875006,2222.09803875006,2222.09803875006,1,1,0,0,1,220051.506971157,0,31398.3823625145,6779.5537281496,27553.4456789953,47560.6848881804,37512.5839993608,35945.5822695751
FT2406,642.298636700242,642.298636700242,642.298636700242,2419.23859826076,2419.23859826076,2419.23859826076,1,1,0,0,1,230275.510877933,7664.26633475723,4022.24101096598,15301.3513602363,146802.511006959,120474.076554701,4540.3446567172,14085.5133001228
FT2407,642.459501295384,642.459245641624,642.459662272112,3025.12024836343,3023.78957754303,3026.58804292037,8,1,1,6,1,320416.362274576,253859.975515409,1295319.06584199,751710.12693021,942531.557301672,1350076.96118164,675944.309834798,1207853.26092021
FT2408,643.16103543025,643.007999691803,643.161582475079,1016.21696083572,984.086676352125,1102.33871962176,7,1,0,1,1,1156737.98682963,14447.4069826376,9230.82789495467,0,767830.851186159,0,7699.62185075135,1331.14863553873
FT2409,643.084320081042,643.07738372106,643.145859525652,70.0700108467734,56.5587232552457,118.078285691222,4,0,1,3,1,0,925294.992557292,2548.23774182933,3697.90409845554,7835.18528225194,164508.535802657,148031.223699219,378105.96144356
FT2410,643.196662832347,643.10811800458,643.225353750085,1400.72482709708,1369.87819177866,1530.95660898281,10,1,1,3,1,2100057.48402622,564211.113929359,2875.88598381959,28636.7382291098,4350228.84538885,1523311.10270508,28176.1381075385,1636661.81917626
FT2411,643.225388646721,643.225333779513,643.225443513929,1283.59963076946,1263.26799755089,1303.93126398802,2,1,0,1,1,1438248.18658204,62712.781747602,6452.8901664007,0,10565.696727638,1225258.91661988,20724.712982884,15091.4621924655
FT2412,643.21840404863,643.21840404863,643.21840404863,2931.58889969218,2931.58889969218,2931.58889969218,1,1,0,0,1,218573.961221258,0,34179.7757618103,15079.1171956271,3655.34466667749,9916.5044310455,6803.11659671509,18703.3663349257
FT2413,643.225404889775,643.22533985041,643.225427914002,1096.62239581865,1095.15859932888,1167.75942655965,5,1,1,2,1,655131.203528533,591677.413476562,9987.23847009999,5808.07191564415,303118.168108723,4530123.99887417,11721.2301166948,12491.0176373145
FT2414,643.316621460079,643.316601017696,643.316637154218,1818.9774108224,1818.82426077713,1820.0756013525,3,0,0,3,1,164567.904188037,24725.0868740839,43968.0832607233,2354.58643267943,219225.520045501,414720.574455075,169775.254350399,171548.360515408
FT2415,643.462786044276,643.462764885315,643.462954028584,3024.11295524804,3023.4346279296,3025.60461250929,6,0,0,6,1,120554.558820907,89713.1073427401,461475.797112329,262375.184271798,287598.979499728,427486.875754605,218560.334683591,404826.803334517
FT2416,643.355555455108,643.355555455108,643.355555455108,1325.109791099,1325.109791099,1325.109791099,1,1,0,0,1,225763.015270507,0,0,0,0,0,0,0
FT2417,644.011365041582,644.011365041582,644.011365041582,984.086676352125,984.086676352125,984.086676352125,1,1,0,0,1,214279.5312763,0,0,0,0,0,0,0
FT2418,644.169398191997,644.169398191997,644.169398191997,2498.14945652408,2498.14945652408,2498.14945652408,1,1,0,0,1,1075241.15138997,0,0,0,0,0,0,5136.1015834563
FT2419,644.167761294894,644.072230599262,644.280422798903,61.4900017971939,53.2974331905768,127.748471293135,29,1,1,6,1,1739779.0131648,1470913.70193673,2433442.69044907,3306417.43019584,3176936.82091679,2933254.70685643,1125001.19813027,658717.795362012
FT2420,644.191008869774,644.055883971968,644.27692977145,184.304401426152,142.637819915419,250.299923520884,17,0,1,5,1,5965.26773165388,917009.025998008,1878959.67715848,3211080.16439853,2150531.56609983,1211858.91034666,3124.00871581414,2151112.71121022
FT2421,644.1330331467,644.086475778124,644.269177864072,1479.03338472367,1430.38638335541,1512.83493867262,9,1,1,3,1,1576091.50125793,1747141.99030995,2208890.31348153,0,437469.52987309,667126.262213203,5328997.4120343,15575.1054548756
FT2422,644.129832108655,644.052295083263,644.228701586952,1256.60042745246,1204.24005922949,1303.93126398802,8,1,0,4,1,8900107.33023109,44608.0076986788,21083.5869783543,6343.77494974346,1154505.67547266,165128.513032227,1294619.3537998,1458932.48375382
FT2423,644.157808631215,644.068269335552,644.258085573514,1372.05391565039,1318.69680154398,1417.742111198,8,1,1,5,1,558878.708991785,2456422.63528121,2089280.7846481,0,2185610.80803787,2135916.09987854,1131412.16307628,2319670.5081284
FT2424,644.162783696121,644.099811671986,644.247356885862,1585.70764949955,1564.49031717443,1607.51936683474,6,0,0,4,1,27679.3624986425,11297.5167533595,0,733384.118415773,1090046.97251638,2143785.18469958,1740304.50323436,6647.85904197277
FT2425,644.175922501381,644.150610188207,644.262174928939,851.587667399874,791.994275027797,979.592018850925,9,1,0,4,1,4104972.44280851,0,0,1212438.53366994,3512905.90825009,742718.070647365,3811732.48756858,4572.56034887986
FT2426,644.230977213485,644.153882325814,644.294664455922,2079.57280200624,2067.59650446988,2096.36390079843,4,0,0,3,1,0,0,2207207.78611094,405342.571011895,81113.5212404021,0,1665795.80815881,0
FT2427,644.183053061916,644.122502466007,644.228736030041,1086.68779341855,1056.3505528883,1096.62239581865,4,1,1,2,1,1580777.00901855,150477.287280816,0,2675.09025460995,4099696.86925272,1286857.48295759,5897.18419602882,0
FT2428,644.222030086894,644.190841270324,644.2257200232,1715.92842315202,1694.80745527215,1720.07879229638,3,0,1,2,1,1406.98661715862,316217.794300883,0,1250200.99314519,2619226.29205628,0,0,7387.61819219784
FT2429,644.199955737216,644.126482014154,644.273429460279,1962.83318413091,1944.34237475192,1981.3239935099,2,0,1,1,1,0,645839.453526947,0,0,156175.320175234,0,3127.64782762949,611548.167263462
FT2430,644.280449720074,644.276326816044,644.284572624105,3004.89977249375,2978.49218324499,3031.30736174251,2,1,0,0,1,1259623.48377503,0,0,0,935.798331105334,2951.02724236211,0,0
FT2431,644.248743639868,644.176362356307,644.354165505436,309.457351507245,284.301716849685,342.584167727784,9,1,0,5,1,864112.740223483,0,486921.636225012,550094.765174619,2089927.07343877,423644.779384796,914635.487199874,0
FT2432,644.343857420133,644.265877153054,644.413634477273,587.857808484757,518.761455293038,643.12606225257,10,1,1,4,1,696352.043595889,956881.020234367,1104557.10574407,1764228.51377259,1187175.06624546,959729.022661983,10572.7418901422,4486.36042477439
FT2433,644.281534399601,644.187939620134,644.393079345662,404.60347324642,395.071712197373,428.817631532864,5,0,0,4,1,16781.9796245266,0,0,205577.95035553,421812.753096565,0,645342.70259938,925408.930754974
FT2434,644.326495130252,644.258041256164,644.413289817704,2568.97773487235,2514.79118129876,2587.17368311047,4,1,0,3,1,371012.788434874,1303.23551199456,475265.752864462,425370.537045595,20295.0485399435,374282.874914319,0,4372.02129657252
FT2435,644.278375310791,644.278375310791,644.278375310791,3124.34026282083,3124.34026282083,3124.34026282083,1,1,0,0,1,584797.888445438,0,0,0,0,805.63350589291,1616.94365670811,0
FT2436,644.326254044959,644.303483274556,644.368771715025,2969.89570508271,2880.30787915289,2975.40167374927,5,1,0,1,1,1139455.81106365,3939.10907604026,0,2083.9553504656,1180.19006779633,0,380537.468677518,2361.7432537498
FT2437,644.410461568187,644.299576704237,644.521346432137,2760.5613949066,2741.6913029888,2779.4314868244,2,1,0,1,1,945729.720723598,1070.51520402362,275424.106232911,0,3248.36686284181,27157.0504898439,11629.4113325707,0
FT2438,644.474972962771,644.474972962771,644.474972962771,3250.6569063239,3250.6569063239,3250.6569063239,1,1,0,0,1,1295148.39212989,1111.12764038125,125869.190228093,34360.5862861399,26225.0403465877,81059.6667973601,61919.4363109751,81446.100760803
FT2439,644.472197697866,644.458331198116,644.49931625454,530.83884749754,525.765920572167,548.743468360648,3,0,1,1,1,1932.59445595504,304220.909366929,690593.480042999,97204.3258395269,0,0,0,988.048656077843
FT2440,644.423183756802,644.423183756802,644.423183756802,2493.72265856194,2493.72265856194,2493.72265856194,1,1,0,0,1,229554.264140624,2558.39003026015,0,0,0,0,0,0
FT2441,645.023690731961,645.023690731961,645.023690731961,1176.74025595838,1176.74025595838,1176.74025595838,1,1,0,0,1,5242260.01529437,0,0,0,0,0,7537.55508966071,8257.26856804307
FT2442,645.241274220999,645.231047643059,645.262041021617,1076.18319657891,1073.72504677444,1088.58816328454,3,1,0,1,1,1960889.00801199,0,0,0,0,471135.109012275,0,0
FT2443,645.189189400652,645.189189400652,645.189189400652,611.949548133674,611.949548133674,611.949548133674,1,0,1,0,1,89455.0877431191,1130582.43092377,580070.816850291,1095726.73120675,804379.61427572,1329600.27374591,1074113.06280973,1166297.53578897
FT2444,645.327219175908,645.32707507907,645.327348411095,2876.30720962854,2864.68334516187,2877.60714734336,7,0,1,6,1,286708.561388792,769021.217879228,832931.490644915,907256.236016444,583183.880242923,853337.923941115,928734.112579715,897044.73790217
FT2445,645.362794427045,645.277325257561,645.36280542454,2332.57470304789,2331.019210182,2340.46755542522,3,1,0,2,1,199416.7103049,88750.1632882077,233597.818505127,93347.4358674045,85479.8403978797,161418.899448783,145189.575239935,176981.561118866
FT2446,645.411816182243,645.411816182243,645.411816182243,2975.40167374927,2975.40167374927,2975.40167374927,1,1,0,0,1,1500010.39865561,4932.41172117351,32757.9758498829,8769.84658127874,1290.23515507091,11547.2087845593,0,18341.3868791487
FT2447,645.429574747593,645.429574747593,645.429574747593,3037.74755507375,3037.74755507375,3037.74755507375,1,1,0,0,1,2712709.44503706,0,0,0,0,0,0,0
FT2448,645.437739716477,645.437739716477,645.437739716477,3101.20761869709,3101.20761869709,3101.20761869709,1,1,0,0,1,522495.302906045,22457.6427465825,74493.4194112173,50124.0718927467,39690.9118497629,57835.5723333512,34854.1980000712,50654.3491436708
FT2449,645.436666923757,645.436666923757,645.436666923757,2495.97132181642,2495.97132181642,2495.97132181642,1,1,0,0,1,832088.903051754,0,1705.96758775115,0,0,0,1505.40900500941,1342.28094483603
FT2450,645.478255683231,645.478255683231,645.478255683231,3247.90649568669,3247.90649568669,3247.90649568669,1,1,0,0,1,407591.758814338,0,38343.9912791889,8443.87600277942,3774.96960729935,9956.39091069351,10335.5570200667,25823.6506593014
FT2451,646.027042043329,646.027042043329,646.027042043329,1176.74025595838,1176.74025595838,1176.74025595838,1,1,0,0,1,1195056.8086356,2331.8006269589,0,0,0,0,0,0
FT2452,646.069677285236,646.069677285236,646.069677285236,113.051257659069,113.051257659069,113.051257659069,1,0,1,0,1,0,333653.455545487,33228.270271844,30316.7918808665,49211.049613899,59849.0631455007,16260.8596710708,17915.2109815188
FT2453,646.265401927932,646.265401927932,646.265401927932,1072.48855713123,1072.48855713123,1072.48855713123,1,1,0,0,1,464173.841328938,0,5980.60013208142,0,0,0,29306.551323595,0
FT2454,646.25863476925,646.25863476925,646.25863476925,633.865370777713,633.865370777713,633.865370777713,1,1,0,0,1,746092.250333547,17305.9222646315,28626.4572762169,10048.4893606786,2885.45678068553,3620.23592865255,18947.5619087375,13589.5804555865
FT2455,646.415188362125,646.415188362125,646.415188362125,2975.40167374927,2975.40167374927,2975.40167374927,1,1,0,0,1,371289.187646489,1240.34148891919,12593.1292407138,0,0,3965.93979432266,0,5109.34347334451
FT2456,646.438836999465,646.438836999465,646.438836999465,2495.97132181642,2495.97132181642,2495.97132181642,1,1,0,0,1,167816.239022824,0,24804.9699780495,0,0,0,0,0
FT2457,646.873458116939,646.873458116939,646.873458116939,66.1488548941845,66.1488548941845,66.1488548941845,1,1,0,0,1,1778386.18981885,0,2035.75749740284,0,6178.22163519028,3267.3663864187,0,0
FT2458,647.039322103239,647.039322103239,647.039322103239,850.147058844681,850.147058844681,850.147058844681,1,1,0,0,1,1596005.53388464,0,0,0,0,5079.19145163167,0,0
FT2459,647.023356763787,647.023356763787,647.023356763787,1176.74025595838,1176.74025595838,1176.74025595838,1,1,0,0,1,499439.791929085,0,0,0,0,0,0,0
FT2460,647.06653120135,647.06653120135,647.06653120135,1518.27514707024,1518.27514707024,1518.27514707024,1,1,0,0,1,241316.504352538,0,0,0,0,4601.84038771392,6154.35936704409,0
FT2461,647.204821446877,647.204724860826,647.204963368426,113.217235545996,95.0492863998421,165.205945391047,13,0,1,6,1,203677.573878645,3789915.77137694,3006719.63573848,2748556.20723736,3213314.53159873,1279680.61205654,2061754.72413574,2256998.82935
FT2462,647.183883120491,647.183883120491,647.183883120491,917.251902165496,917.251902165496,917.251902165496,1,1,0,0,1,572141.571258704,237222.840084817,105374.559019342,111129.451742951,138140.478685405,142942.503159813,128734.602115196,105552.272873443
FT2463,647.24121570061,647.24121570061,647.24121570061,781.535353829966,781.535353829966,781.535353829966,1,1,0,0,1,1839567.23973977,272376.847800007,159839.312374433,92573.3506792506,163338.39201909,187197.456432417,282356.0610695,374280.092497106
FT2464,647.42059727521,647.42059727521,647.42059727521,2501.0003102327,2501.0003102327,2501.0003102327,1,1,0,0,1,85591.8692343727,0,0,0,0,0,0,3572.33300022364
FT2465,647.453491925762,647.453491925762,647.453491925762,3139.76773779152,3139.76773779152,3139.76773779152,1,1,0,0,1,358089.478575641,4963.11326872866,42220.7874447581,29027.6228314508,19529.6266298265,26497.9788975201,19999.2314627833,38496.2990591581
FT2466,647.432509134251,647.432509134251,647.432509134251,3037.74755507375,3037.74755507375,3037.74755507375,1,1,0,0,1,369971.604380557,0,0,1723.39275932514,0,0,0,0
FT2467,648.042676465901,648.042676465901,648.042676465901,850.147058844681,850.147058844681,850.147058844681,1,1,0,0,1,361755.023128209,0,0,0,0,0,0,0
FT2468,649.082373199101,649.082373199101,649.082373199101,273.346012325407,273.346012325407,273.346012325407,1,1,0,0,1,586887.122322596,73347.4981535925,119764.280485363,64258.0046794419,39534.6231042388,71632.7175560993,56137.8892978256,66013.0129909787
FT2469,649.184108158875,649.183951369317,649.184288863807,111.711664586034,108.62680311266,183.086085312496,9,0,1,6,1,139482.061697667,1952493.92508998,999199.924138602,1166734.74770524,2641854.96638243,1045035.05093262,1763911.93114125,1369451.44998125
FT2470,649.225776722773,649.225776722773,649.225776722773,902.306796813099,902.306796813099,902.306796813099,1,1,0,0,1,155474.978510986,99190.7219766288,22989.2263725097,13184.7517146862,0,3309.78722522852,0,0
FT2471,649.396344159429,649.396344159429,649.396344159429,3098.08687320768,3098.08687320768,3098.08687320768,1,1,0,0,1,149534.840253905,0,8276.16693477776,5808.29106135661,1916.13705058002,0,0,2065.33053089063
FT2472,649.50560201038,649.50560201038,649.50560201038,2963.6162575704,2963.6162575704,2963.6162575704,1,1,0,0,1,1066555.83610507,0,2485.51023670222,0,0,0,0,0
FT2473,649.443218636829,649.443218636829,649.443218636829,3045.18729264354,3045.18729264354,3045.18729264354,1,1,0,0,1,571884.134312649,15533.2221626003,90362.3822964964,25131.0981970778,4681.64657970008,51628.076275335,9250.50228745796,30301.5456272068
FT2474,650.066276716758,650.066276716758,650.066276716758,286.778684231176,286.778684231176,286.778684231176,1,1,0,0,1,1516818.58275391,43980.6892665669,85937.5849778659,40487.238000785,16525.5610148429,27101.8944218515,40657.8010509237,36015.8542074983
FT2475,650.066383712434,650.066383712434,650.066383712434,404.488354340789,404.488354340789,404.488354340789,1,1,0,0,1,789401.431394824,90544.4489598712,131737.784812467,61642.2280085914,24341.7401738667,60237.3559887541,37476.9676824479,42266.0289058273
FT2476,650.243525746587,650.243525746587,650.243525746587,1004.68036082308,1004.68036082308,1004.68036082308,1,1,0,0,1,716823.661694893,0,0,0,0,0,0,0
FT2477,650.404583997641,650.404583997641,650.404583997641,3072.98623571633,3072.98623571633,3072.98623571633,1,1,0,0,1,264250.241756415,10344.3034255538,12884.6015129429,16135.0342394441,10857.9122179759,14187.2702205241,2599.2171564149,1955.53898863088
FT2478,650.508955531941,650.508955531941,650.508955531941,2963.6162575704,2963.6162575704,2963.6162575704,1,1,0,0,1,456989.201883373,0,0,0,0,0,0,0
FT2479,650.446652322657,650.446652322657,650.446652322657,3045.18729264354,3045.18729264354,3045.18729264354,1,1,0,0,1,188562.08068278,1188.76885034772,28312.3323662708,4917.48229201208,0,16060.7529872154,0,13361.8934140331
FT2480,651.157438734493,651.157438734493,651.157438734493,1605.56185365632,1605.56185365632,1605.56185365632,1,1,0,0,1,1209503.00012695,32776.2514819441,0,13703.2461458254,0,24752.4939157649,13237.8445375055,31130.564725699
FT2481,651.069607310746,651.069607310746,651.069607310746,288.707024119953,288.707024119953,288.707024119953,1,1,0,0,1,296919.528218276,4168.98363606282,7379.3362679976,2200.36764884098,0,0,0,1522.01360959201
FT2482,651.199722250858,651.199580073416,651.199870633422,117.2947590061,114.246075137765,150.377962296494,13,0,1,6,1,157935.483637784,2346564.28324681,1442082.00514363,1437728.92751085,2418638.99834031,1316531.99544677,2155854.3611735,2159237.27147917
FT2483,651.214941498051,651.191186286286,651.246799639479,1004.68036082308,990.394943842841,1006.88222042569,3,1,0,1,1,155960.841261441,0,0,0,0,484979.808723493,0,0
FT2484,651.228853545608,651.21494844035,651.242758650866,1156.82465758179,1150.22290855317,1163.4264066104,2,1,0,1,1,593864.31718872,0,0,0,0,324644.046452146,0,0
FT2485,651.172967734921,651.172967734921,651.172967734921,1791.39721785659,1791.39721785659,1791.39721785659,1,1,0,0,1,470490.10098426,14056.6867332662,44894.7170722607,51871.0465871884,49948.9723339546,25892.5161618007,85305.2146520347,48533.2006284105
FT2486,651.412002147055,651.412002147055,651.412002147055,3039.42307083599,3039.42307083599,3039.42307083599,1,1,0,0,1,520748.790803451,9508.6606760695,53148.0573334232,38567.3601227995,24746.6267171783,37221.6227610301,31749.1125348856,56450.6464031091
FT2487,651.630907103843,651.630907103843,651.630907103843,3197.83468758072,3197.83468758072,3197.83468758072,1,0,1,0,1,79361.7124857371,181080.090854389,3002.74406381094,117224.920854562,51110.3366444398,42671.5582285004,69517.7097323914,57987.1341257985
FT2488,652.160739981063,652.160739981063,652.160739981063,1605.56185365632,1605.56185365632,1605.56185365632,1,1,0,0,1,239632.964882812,0,0,0,0,6603.20271962735,0,5748.12521196772
FT2489,652.196852691574,652.196762336006,652.196917778815,739.418742809361,738.703606249765,740.178952845344,4,0,1,3,1,15788.3177278655,1296196.37643648,416620.06672416,660556.326086872,297950.852910575,846940.532345,356955.554544922,341593.780611593
FT2490,652.246054441506,652.246054441506,652.246054441506,1163.4264066104,1163.4264066104,1163.4264066104,1,1,0,0,1,186200.55803833,0,0,0,0,0,0,0
FT2491,652.41540097799,652.41540097799,652.41540097799,3039.42307083599,3039.42307083599,3039.42307083599,1,1,0,0,1,142277.747192378,1255.27401382807,20956.9716635699,6493.28078462003,0,8903.61237170541,4631.97848466539,15955.1088444653
FT2492,652.309381868761,652.309381868761,652.309381868761,1959.18371467812,1959.18371467812,1959.18371467812,1,1,0,0,1,131018.066494584,0,0,0,0,0,0,0
FT2493,652.69906138649,652.69906138649,652.69906138649,738.703606249765,738.703606249765,738.703606249765,1,0,1,0,1,5683.18674618673,612626.870889121,182065.475952982,371516.163347827,167418.123762607,476933.796179477,281018.345342327,178949.490766891
FT2494,653.136858104986,653.136858104986,653.136858104986,1204.24005922949,1204.24005922949,1204.24005922949,1,1,0,0,1,3566769.4280359,60124.5586468359,47765.76375168,31583.2861043951,4689.50724622512,71702.8841191714,50760.4821697895,22057.9102035362
FT2495,653.113278675135,653.113192865469,653.194173266879,926.713026842698,882.54628633716,927.837326789269,3,0,1,2,1,0,269866.235902493,158052.204140138,150185.696257241,56510.4934807507,144560.855021205,55429.4574297441,83692.9030682457
FT2496,653.257047395735,653.257047395735,653.257047395735,325.952924243741,325.952924243741,325.952924243741,1,1,0,0,1,680292.760795821,0,0,0,0,0,2317.68523286878,1702.72722187045
FT2497,653.17897003709,653.17897003709,653.17897003709,113.051257659069,113.051257659069,113.051257659069,1,0,1,0,1,8731.11328734335,224048.489832,46348.9016215992,73958.8078876774,91061.8127016091,54381.4402058706,60306.5425452351,55597.3232482243
FT2498,653.272643486925,653.23061095899,653.314676014861,1019.16027076522,1016.29705367187,1022.02348785858,2,1,0,1,1,417658.773148716,0,0,0,0,9196849.17857148,0,0
FT2499,653.38469975374,653.38469975374,653.38469975374,2883.99998980459,2883.99998980459,2883.99998980459,1,1,0,0,1,1175615.27157134,1271.81254915999,1619.56084354747,1312.24564872874,0,0,0,2065.48451130928
FT2500,653.346870526852,653.346870526852,653.346870526852,2286.77863337484,2286.77863337484,2286.77863337484,1,1,0,0,1,114431.556832033,0,0,0,0,0,0,0
FT2501,653.335020327098,653.335020327098,653.335020327098,2463.50793422465,2463.50793422465,2463.50793422465,1,1,0,0,1,363995.851947022,0,0,0,2526.88199974154,0,0,0
FT2502,653.474740913232,653.431888707771,653.475013411208,3109.79581312993,3041.54233233345,3111.06598925448,8,1,0,5,1,1038815.19531963,154642.274522658,410672.946835945,311637.508619824,131945.719302159,195403.241514405,188902.873589541,237355.451453617
FT2503,653.425101536944,653.424697608947,653.425505464942,2158.01398896961,2138.53829944379,2177.48967849544,2,1,0,0,1,9877199.8121687,11536.0504685327,184972.473049183,66062.1842383442,8620.20419258643,48561.0710502483,197639.255793614,255960.120637679
FT2504,653.573613815276,653.573613815276,653.573613815276,3130.98967533102,3130.98967533102,3130.98967533102,1,1,0,0,1,289193.203051762,0,0,1646.56411620397,0,0,0,0
FT2505,654.14017115953,654.14017115953,654.14017115953,1205.90464804101,1205.90464804101,1205.90464804101,1,1,0,0,1,845670.738221355,0,0,0,6750.66887912156,0,0,0
FT2506,654.394791789793,654.394791789793,654.394791789793,2885.41580162565,2885.41580162565,2885.41580162565,1,1,0,0,1,408648.245027984,6449.34581321019,12556.7125657725,23054.4819849976,1800.99263411908,10684.9815585417,2671.69947879288,5745.58928516405
FT2507,654.359961504695,654.359961504695,654.359961504695,2977.55151165471,2977.55151165471,2977.55151165471,1,1,0,0,1,365126.697860109,0,0,0,0,0,0,0
FT2508,654.477964350776,654.444167352677,654.478108609728,3107.76171372841,3041.54233233345,3109.88332407348,3,1,0,1,1,273668.846562501,51592.1665937803,141906.735292973,127871.364314392,47134.6041584002,74838.5975699104,58443.4389112119,97117.6884381023
FT2509,654.43231607392,654.432109878354,654.432522269485,2158.01398896961,2138.53829944379,2177.48967849544,2,1,0,0,1,3917773.19735585,2202.53900324434,73036.3757891832,0,0,4014.14260357603,68806.0025121932,82021.7122428083
FT2510,655.16788154459,655.160748994625,655.168274703983,1356.69050392401,1300.26855393788,1360.49937127924,4,0,1,2,1,69115.0895035738,1529074.08819532,1036047.69617981,1326909.56690607,2038896.33596557,3792468.69503785,1113523.87484097,1335284.09868282
FT2511,655.188785560008,655.188700579579,655.189134587558,1750.00191553037,1748.80844754893,1751.95321539981,5,0,1,4,1,28337.0597740366,175903.837839845,72994.9935611482,247313.724361693,175807.612650392,176124.910091144,514564.723717912,372570.094923749
FT2512,655.16402415754,655.160361031373,655.167687283707,1255.58551733251,1239.96314390668,1271.20789075834,2,0,1,1,1,0,1951950.04108154,2565.41493824759,6208.21758145866,5294.43861005419,1921716.33679963,6939.09813897454,4681.07757395363
FT2513,655.355491170855,655.355491170855,655.355491170855,1858.94357891274,1858.94357891274,1858.94357891274,1,1,0,0,1,122822.210302736,0,0,0,0,0,0,0
FT2514,655.407098025154,655.407098025154,655.407098025154,2222.09803875006,2222.09803875006,2222.09803875006,1,1,0,0,1,302039.913140569,18424.0444778643,68873.0499846545,44569.6116423468,4318.54371104464,26035.6930426379,67071.533184586,42081.3900484901
FT2515,655.407458851878,655.407458851878,655.407458851878,2926.25036440076,2926.25036440076,2926.25036440076,1,1,0,0,1,738613.526244679,4435.28568894665,22139.7718974332,22339.5458492992,12541.6658494667,24490.3705402108,8808.5257184021,21067.3378914281
FT2516,655.456515347037,655.456515347037,655.456515347037,3048.88243174569,3048.88243174569,3048.88243174569,1,1,0,0,1,819441.106787984,13118.7926280029,13291.6744657266,5738.23193744522,1372.63916490067,7643.91575048961,2048.97753951154,5755.54245918295
FT2517,655.443528725374,655.435102392354,655.444352903488,2236.26260250886,2133.04046544165,2264.65036478091,14,1,0,5,1,34564619.7545615,453859.918518106,2234949.49152918,619882.066256106,165499.017163089,584466.256811708,2417046.4535156,2248102.3810554
FT2518,655.495096411952,655.495096411952,655.495096411952,2969.89570508271,2969.89570508271,2969.89570508271,1,1,0,0,1,8429497.39898443,0,3769.61829226733,4006.85189360079,0,3173.25512143375,0,0
FT2519,656.209987409151,656.209872852882,656.210003266345,741.747715905671,739.889067675839,741.944293878837,3,0,0,3,1,138764.962134302,243597.051472547,675822.864355207,672166.4676793,294257.372474219,1117874.95729763,206459.964357447,164361.778790977
FT2520,656.170915571228,656.170915571228,656.170915571228,1360.49937127924,1360.49937127924,1360.49937127924,1,0,1,0,1,13627.3692353353,374458.489937274,253442.206487086,329598.636991007,409035.909991939,266007.642360816,278848.634778447,327122.112668282
FT2521,656.218095601982,656.218095601982,656.218095601982,103.947738068775,103.947738068775,103.947738068775,1,1,0,0,1,143971.481634023,0,0,3352.93653012013,0,7652.83305805948,6740.34931394702,0
FT2522,656.410961621086,656.410961621086,656.410961621086,2927.34999259745,2927.34999259745,2927.34999259745,1,1,0,0,1,191041.19174957,0,3036.6285842154,3020.29957195376,0,0,0,0
FT2523,656.447267051131,656.446735960952,656.448550354239,2262.24281416221,2184.92620300537,2264.92623262094,10,1,0,5,1,8739120.16105471,90579.970245776,798267.332505236,188748.541941896,63507.0122141344,94891.7041517853,888477.41345928,795918.618998506
FT2524,656.448362647906,656.448282690411,656.448490129709,2146.3290992197,2133.04046544165,2160.82400130056,3,1,0,0,1,13491164.2435997,0,0,0,0,0,0,0
FT2525,656.497615927155,656.497615927155,656.497615927155,2969.89570508271,2969.89570508271,2969.89570508271,1,1,0,0,1,4284422.75367353,1538.0376696709,0,0,0,0,0,0
FT2526,656.71223443185,656.712117500441,656.712261507638,741.944293878837,740.178952845344,742.207583685163,3,0,0,3,1,25221.4294251152,115149.313941754,392352.463226887,373681.151065119,153843.679921986,538576.55821806,89296.8874309822,90389.6958667634
FT2527,657.152725318933,657.152713424109,657.152828935551,137.737065869953,134.409755444747,139.575511778933,3,0,0,3,1,1616.59638593394,696094.006552452,962077.868531912,1217743.46824438,2039367.89321754,877014.888478069,1419674.54273056,1495844.65309635
FT2528,657.158164131995,657.158164131995,657.158164131995,1021.71766983309,1021.71766983309,1021.71766983309,1,1,0,0,1,146434.124853516,5889.4981535342,6605.07883551157,4571.71499954999,4308.55808037197,0,4946.04281630924,0
FT2529,657.15799059929,657.15799059929,657.15799059929,1143.70672738191,1143.70672738191,1143.70672738191,1,1,0,0,1,246630.49143954,17210.4685770428,4694.60880236465,5310.01536901116,0,6635.96593287954,3859.0177471634,0
FT2530,657.278162974094,657.278137682858,657.278249826004,2166.84842218379,2164.87390025541,2167.05553178511,3,0,0,3,1,0,2708.16075017342,11748.5693644401,223281.071808267,480765.80138113,193806.864114584,0,0
FT2531,657.24439476458,657.244061652362,657.244727876798,1958.40915855557,1956.13259345001,1960.68572366112,2,1,0,1,1,210478.821257323,8327.43271901984,89424.8092615829,142854.63493109,518370.596903074,755860.455191739,89492.0343554221,128570.875505999
FT2532,657.27305120352,657.27305120352,657.27305120352,813.428947911319,813.428947911319,813.428947911319,1,1,0,0,1,375180.36384566,0,0,0,0,8864.17721466693,13655.1464316522,10248.98584757
FT2533,657.400353024409,657.400353024409,657.400353024409,2286.77863337484,2286.77863337484,2286.77863337484,1,1,0,0,1,1555268.61698457,0,10574.7999724597,961.036356103234,3338.21223704304,0,7456.9621977689,6991.62542666548
FT2534,657.288336556977,657.288336556977,657.288336556977,1158.85024214941,1158.85024214941,1158.85024214941,1,1,0,0,1,262077.414029949,0,0,0,0,0,0,0
FT2535,657.204402070182,657.204402070182,657.204402070182,1034.70742361362,1034.70742361362,1034.70742361362,1,1,0,0,1,141781.177365502,0,24150.9391033038,60100.7594524761,86837.3769351567,217505.435552135,88531.8098744663,72736.3485445886
FT2536,657.506202079218,657.506103148579,657.50631908907,3198.70580183905,3197.79863725847,3199.9643852575,6,0,0,6,1,49197.9651999085,53335.7380760584,273409.384724119,292640.628863195,316708.335657493,301924.745321378,340166.524218748,284861.959904786
FT2537,657.392843027937,657.326379207035,657.459306848838,2405.78500993869,2379.49609665216,2432.07392322522,2,1,0,1,1,141476.707968749,0,0,0,0,0,323099.082552089,0
FT2538,657.497201108996,657.497201108996,657.497201108996,2967.81068725419,2967.81068725419,2967.81068725419,1,1,0,0,1,3088146.79622866,0,0,0,0,0,0,0
FT2539,657.455654150781,657.452517474523,657.459913580697,2233.80869208547,2131.29415912585,2263.32794997982,13,1,1,4,1,16102369.8468912,480097.818782881,2854239.99200425,714700.933334644,173255.603597898,785421.726678405,2256984.06420741,2321939.42985774
FT2540,658.178652300394,658.178652300394,658.178652300394,890.731083574926,890.731083574926,890.731083574926,1,1,0,0,1,579329.080787526,43438.1666093063,0,0,2290.36393079895,0,1841.43129986394,0
FT2541,658.391327894613,658.391327894613,658.391327894613,3045.18729264354,3045.18729264354,3045.18729264354,1,1,0,0,1,190944.910180665,0,0,1795.99415435751,0,0,0,0
FT2542,658.462806688736,658.462572195829,658.463892747253,2233.48577748678,2230.34954493266,2263.32794997982,6,1,1,2,1,5832272.75409484,130800.571171873,1027881.31829197,241423.212869105,64446.4855035837,277184.674169392,526053.92260238,765434.448276369
FT2543,658.499339413539,658.499339413539,658.499339413539,2967.81068725419,2967.81068725419,2967.81068725419,1,1,0,0,1,1020530.53789902,0,0,1996.99468327469,1633.78075349514,0,0,0
FT2544,659.141752187434,659.141524138076,659.141980236792,1997.97597593285,1997.56326642033,1998.38868544538,2,0,1,1,1,282209.408058243,382987.093258668,32153.8912943651,52028.0740399466,12272.5050892094,0,3380764.00631138,112524.294257331
FT2545,659.168546173805,659.168323992431,659.171816258915,113.391874065613,79.0871998163604,222.343687722752,16,1,1,6,1,473822.801942976,1413054.38732344,1527273.42134769,1554546.49143428,1551392.34809874,1631109.38238902,2889344.94414786,2773052.42080625
FT2546,659.183632998361,659.183587572293,659.1839776745,1009.29797461684,1007.31059446542,1012.66404840499,7,0,1,6,1,94972.6936505143,1850582.6745067,1515197.64847836,2440723.54118367,2885528.5424401,2657800.50735865,1760274.47270192,2032226.31065937
FT2547,659.183587011703,659.182001909615,659.183617674755,880.479605471018,878.366413977292,889.654304633042,6,1,0,5,1,134356.951274415,1553568.05010362,1415914.62029397,2107761.62251479,3096826.86591025,1698273.49279229,2085293.08530832,1446056.82754369
FT2548,659.249398285354,659.249398285354,659.249398285354,3135.24610778132,3135.24610778132,3135.24610778132,1,1,0,0,1,698888.831356969,5402.10656391427,85953.3312901644,35531.0984909601,14029.4236637817,26133.9922124973,21829.7616360412,45367.0657075106
FT2549,659.370295129749,659.370295129749,659.370295129749,2555.38151253647,2555.38151253647,2555.38151253647,1,1,0,0,1,119792.405266927,0,0,0,0,0,0,0
FT2550,659.4749839453,659.474879432287,659.476082579033,2377.49311729471,2376.96992036718,2379.44709781834,6,0,1,5,1,0,392413.88488553,803674.090733651,907255.629260258,352871.078681373,233650.778661024,3382451.64129722,627294.509203133
FT2551,659.47235847029,659.46931352662,659.47498967118,2242.20326985195,2225.33770536895,2272.07060770861,6,1,0,2,1,21264705.4191346,196114.556179683,1755205.34064277,356692.324767333,86965.4541754208,436832.690962652,1048700.75513592,770520.406867467
FT2552,659.526391922295,659.526391922295,659.526391922295,3039.42307083599,3039.42307083599,3039.42307083599,1,1,0,0,1,1239081.72129535,7609.02146397653,2091.21356683771,0,0,0,0,0
FT2553,659.498277717468,659.498277717468,659.498277717468,2967.81068725419,2967.81068725419,2967.81068725419,1,1,0,0,1,168846.554650881,0,0,0,0,0,0,0
FT2554,659.560521605248,659.560521605248,659.560521605248,3098.08687320768,3098.08687320768,3098.08687320768,1,1,0,0,1,139784.516580076,6280.65209317279,30955.333805974,21259.8770820569,6371.80520557602,18719.663588839,7396.22869196784,16097.5882616434
FT2555,660.171649177948,660.171649177948,660.171649177948,116.454037008462,116.454037008462,116.454037008462,1,0,1,0,1,0,230246.693654785,141157.523600086,161118.740838556,253999.56652955,144879.318598748,210741.177384293,223126.770535388
FT2556,660.478262234147,660.47817083092,660.478686114884,2377.29708198932,2376.96992036718,2377.86248063131,5,0,1,4,1,0,150862.598495011,281803.900751955,167658.846724858,108808.902172853,97028.7569551646,1266247.03134766,210499.411426023
FT2557,660.433738690024,660.433479006736,660.529692472471,3039.42307083599,3037.96664633474,3039.42307083599,3,1,0,1,1,541501.773028434,4477.47669075318,110655.328925817,70410.6097486981,76720.4419908429,195698.122679442,41333.129596276,108136.059375064
FT2558,660.478350919095,660.478104251304,660.478597586887,2227.84362515081,2225.33770536895,2230.34954493266,2,1,0,1,1,7785879.63231137,93773.5476134829,607441.08170898,158728.699027968,33279.0599526177,173151.799881549,337423.512654926,286830.673707115
FT2559,661.199294907678,661.178383323109,661.256805837853,919.64086870836,850.147058844681,955.747488985172,8,1,1,3,1,638240.324782379,1938988.84258463,986195.197100953,853567.92997474,975668.911840992,936143.365475828,684731.531899411,619064.905704424
FT2560,661.184208574536,661.184066839668,661.184280891588,113.510613481609,113.170244827058,114.246075137765,4,0,0,4,1,64557.5010040062,2478593.31488489,1955061.22702195,2116151.90334642,2809339.64336633,1862813.42884173,3798659.57485367,2062152.04776245
FT2561,661.264380410961,661.256727531598,661.272033290324,1633.87619799895,1607.03529817144,1660.71709782647,2,0,1,1,1,6218.28476611916,434470.367563477,0,0,0,399929.152144043,0,0
FT2562,661.178304181619,661.178304181619,661.178304181619,626.98878404227,626.98878404227,626.98878404227,1,0,1,0,1,109559.416884489,417048.194819826,1383.35869342534,4224.80371545995,3711.52583425909,5464.76984596889,5145.47128749212,1559.14378521558
FT2563,661.261719167072,661.261719167072,661.261719167072,2785.14733347844,2785.14733347844,2785.14733347844,1,1,0,0,1,140299.092244002,11291.1372971356,3200.61457102078,8898.06702057149,5393.36705006317,5951.18848965217,1413.93988828318,0
FT2564,661.384624119602,661.384578528824,661.384945643109,2886.06440545401,2881.20069945635,2887.51393648711,6,0,0,6,1,154943.332720897,33875.3963890713,209444.174824886,272058.918875074,195167.732562329,435464.647007959,499726.844482429,639947.129711916
FT2565,661.417583122487,661.385810620789,661.417966510617,3025.89899511575,2975.40167374927,3028.9321838901,4,1,0,2,1,1077031.08214234,15634.9417461478,154278.483006094,92950.3466556258,109150.876273192,333507.598753749,67800.5378276119,152423.11691578
FT2566,661.329514808384,661.329514808384,661.329514808384,1527.53421233739,1527.53421233739,1527.53421233739,1,1,0,0,1,275508.087576997,5627.69743533548,6912.86544803168,6158.96271389781,0,6549.58834420294,10154.5510774439,13917.9759341522
FT2567,661.469321250359,661.469128579844,661.526940345402,3477.24829790183,3476.33613020028,3515.06022536212,7,0,1,4,1,158669.885933353,518335.160842894,772213.344015298,762065.380283478,1235426.34731445,886796.46807481,454487.032504002,1022981.25476756
FT2568,661.311918055854,661.311846206052,661.482291846254,2230.34954493266,2228.14035130292,2231.10198086833,3,1,0,2,1,1878819.23523719,0,19289.9404032851,203322.042725834,320235.286907956,707528.566144279,35793.8134235067,10448.3691385424
FT2569,661.438451476505,661.395287979048,661.481614973962,2355.131927824,2332.57470304789,2377.68915260011,2,1,0,1,1,295329.793503415,0,0,0,0,0,203761.69246931,0
FT2570,661.465178355081,661.465178355081,661.465178355081,3247.90649568669,3247.90649568669,3247.90649568669,1,1,0,0,1,298198.641010455,0,22377.4427161268,7910.74196257408,1069.17198370654,6208.46985194089,3709.23919275788,14576.7001768807
FT2571,661.453859436261,661.453859436261,661.453859436261,3054.47849031293,3054.47849031293,3054.47849031293,1,1,0,0,1,1207987.96355859,68582.9370216365,208471.374876913,104897.995173195,50849.6529467577,89740.2505289253,85465.0045607083,119157.018392374
FT2572,662.158387049886,662.158387049886,662.158387049886,744.09817952816,744.09817952816,744.09817952816,1,1,0,0,1,439880.441568129,0,3320.41666039006,3167.72230791346,0,3351.77749254894,3545.06727761356,0
FT2573,662.377991963221,662.377991963221,662.377991963221,1915.02195240516,1915.02195240516,1915.02195240516,1,1,0,0,1,1575171.56050537,0,0,0,9222.90985401177,0,67948.2143002087,149328.441951289
FT2574,662.386536437711,662.386536437711,662.386536437711,1544.37238276262,1544.37238276262,1544.37238276262,1,1,0,0,1,1358572.28166087,5103.66963834128,0,0,0,8275.93592816813,0,0
FT2575,662.762733014514,662.762733014514,662.762733014514,66.1488548941845,66.1488548941845,66.1488548941845,1,1,0,0,1,559695.500468451,8874.11895369435,39135.8620655036,11934.5357564346,0,0,0,23122.8461175169
FT2576,662.853952814365,662.853952814365,662.853952814365,63.5275686712354,63.5275686712354,63.5275686712354,1,1,0,0,1,127655.719,0,0,0,0,0,0,8402.03306714981
FT2577,663.119271989501,663.119271989501,663.119271989501,1408.52284004788,1408.52284004788,1408.52284004788,1,0,1,0,1,265412.783728095,862167.001662901,10435.2716118022,0,0,0,6410.7230989629,0
FT2578,663.24249668729,663.199952432525,663.285040942056,158.627534696472,143.64015107242,173.614918320523,2,1,0,1,1,151181.928381836,0,0,0,0,3595.34252320019,0,2019454.23229258
FT2579,663.227640980048,663.227640980048,663.227640980048,850.147058844681,850.147058844681,850.147058844681,1,1,0,0,1,147515.926790438,0,0,0,0,0,0,0
FT2580,663.381402104748,663.381402104748,663.381402104748,1915.02195240516,1915.02195240516,1915.02195240516,1,1,0,0,1,503335.412389789,0,0,0,0,0,6491.00661658416,50784.6148992159
FT2581,663.314212394928,663.314212394928,663.314212394928,1157.50844145832,1157.50844145832,1157.50844145832,1,1,0,0,1,278710.043919269,0,0,0,0,0,0,0
FT2582,663.469737282123,663.469398927839,663.469866611486,3038.67690221656,3026.58804292037,3041.54233233345,9,1,1,6,1,6414367.13354402,618857.495934448,1158751.05186799,571851.582615658,297148.795979004,668630.632568359,474381.929859011,913083.808289059
FT2583,663.41535574055,663.324087474744,663.506067210568,2461.01323855777,2452.02055021812,2469.87734051571,4,1,0,3,1,352501.205167969,0,0,140612.929408482,170448.902997295,2649.70534926805,216020.961513671,0
FT2584,663.429185794853,663.412207483363,663.446164106343,2355.90211256516,2332.57470304789,2379.22952208243,2,1,0,1,1,299202.42541259,0,164369.679179416,0,0,0,0,0
FT2585,664.259382183884,664.259382183884,664.259382183884,862.357767794176,862.357767794176,862.357767794176,1,1,0,0,1,335551.661439383,0,3902.99335335076,0,0,0,0,3601.11736647468
FT2586,664.355753012867,664.324817099269,664.356065800823,2648.4186467611,2647.77964110543,2674.81614106095,7,1,1,5,1,1269329.84306345,216074.181433668,361326.564017427,182360.702919923,108116.024549643,454185.576615867,272243.718101711,256218.22329967
FT2587,664.420092945834,664.420092945834,664.420092945834,3023.9709549594,3023.9709549594,3023.9709549594,1,1,0,0,1,126924.698734129,36319.2759627291,106481.978162021,64229.3774136149,74344.1410124903,118766.725732497,38197.4112147491,69984.1866143036
FT2588,664.465123247595,664.465123247595,664.465123247595,2904.20570143342,2904.20570143342,2904.20570143342,1,1,0,0,1,373189.59865743,0,1802.64370325202,0,0,0,0,1363.8354430406
FT2589,664.472988385885,664.472742229757,664.473157627322,3038.77126945957,3026.58804292037,3041.54233233345,6,1,0,4,1,2536041.87115056,214148.755604803,393519.866966555,124899.919345702,111504.620045961,189819.135829191,152089.726290172,265378.210465202
FT2590,665.152312059187,665.15222113132,665.152460502214,1090.80973376715,1088.58816328454,1091.53672216558,6,1,1,4,1,4651898.63026439,947411.747179236,1183470.6953125,506846.027325848,467724.746771918,524202.447950347,466266.074575384,422513.529623016
FT2591,665.173503902331,665.17342193093,665.237285671816,1401.89829598977,1386.95358789444,1464.62584069355,4,1,0,3,1,124258.261567925,76606.029691585,390932.738293502,634820.267905555,701141.944963235,429805.254540108,554036.583980824,706857.552055019
FT2592,665.267674800219,665.267674800219,665.267674800219,1714.3876810598,1714.3876810598,1714.3876810598,1,1,0,0,1,813357.16038941,0,0,0,0,11685.3884014811,31381.5298978515,12517.9774838103
FT2593,665.221238372417,665.221238372417,665.221238372417,895.16922056316,895.16922056316,895.16922056316,1,1,0,0,1,1080539.88544739,205274.40376721,0,0,0,10902.7828547366,5018.08804918054,0
FT2594,665.215683752614,665.179393745217,665.217949900404,121.03716566182,113.051257659069,186.623555170514,12,1,1,6,1,3618519.84081921,2114745.67891504,1404492.71497449,1975062.66589893,2233982.06587384,3332482.6073427,4356904.67435969,2570383.97145833
FT2595,665.355257648876,665.355057377833,665.355457919919,2871.02846898512,2861.36724620343,2880.6896917668,2,1,0,0,1,711092.726957698,55267.7609694515,71582.3570270852,88541.245039743,19664.3959271671,34719.5845983962,39170.9822151666,50849.0900708919
FT2596,665.343710253999,665.328275596467,665.359144911531,2662.83821870319,2650.86029634543,2674.81614106095,2,1,0,1,1,406137.15556982,0,1626.22122364373,0,1534.00537335334,156252.195674487,0,0
FT2597,665.417875764221,665.417875764221,665.417875764221,3274.27246087852,3274.27246087852,3274.27246087852,1,1,0,0,1,617698.549629377,14334.1336082976,120114.45552845,55835.4522178374,24962.4535904101,33366.3671360866,47595.3304572865,68758.0096046124
FT2598,665.485294247979,665.417214364638,665.485762574093,3045.14703963955,3042.81055103581,3048.88243174569,9,1,1,6,1,7081516.88702546,513309.206116941,748510.037776998,338148.441446022,194138.388640138,475410.176392914,325828.462830634,599449.415584433
FT2599,665.427844192508,665.427844192508,665.427844192508,2332.57470304789,2332.57470304789,2332.57470304789,1,1,0,0,1,1405908.18996825,6558.38950724318,115343.188933976,23414.6885675263,23019.5530912672,33773.3654145204,61573.8837528415,92770.0883436001
FT2600,665.551731376078,665.548170977514,665.573403032641,3110.68414394332,3047.24518919193,3112.53775737451,4,1,0,1,1,637213.423182052,472.26974220992,350883.137701829,3294.33337886523,1670.2527538624,1873.60548178509,0,1964.48899632886
FT2601,666.155770146143,666.155716606454,666.155831704564,1090.36165202078,1089.73362855498,1090.90180816807,3,1,1,1,1,1627181.1085913,241882.662075895,393427.391416423,186121.324651015,144376.941609414,148727.751260257,163686.906696915,162343.126963865
FT2602,666.218991267263,666.218991267263,666.218991267263,119.497184338397,119.497184338397,119.497184338397,1,1,0,0,1,757288.37009653,401006.37922776,311635.001536997,353460.940770122,364681.208296445,441730.703987714,498283.382560325,484140.304291726
FT2603,666.371548182881,666.371448281448,666.37194374526,2769.56961811574,2750.89114262009,2773.65295864581,6,1,1,3,1,2031252.24735576,252427.565389001,553630.466273202,417794.579705473,179983.093925169,225572.544137646,337804.275527448,499843.528586428
FT2604,666.488687487726,666.48860030019,666.489105071233,3045.66737004621,3043.21931733204,3048.88243174569,6,1,1,4,1,2514382.37212735,201169.473515014,261487.570898435,105625.590914483,74375.6315663985,167302.998033223,140524.525010147,192540.47410006
FT2605,666.431276383003,666.431276383003,666.431276383003,2332.57470304789,2332.57470304789,2332.57470304789,1,1,0,0,1,575417.788433222,2323.31033467463,38709.3278275522,4517.70140394524,3369.41930366303,4660.35877449373,14881.4110051748,22244.7951277292
FT2606,666.551653443848,666.551653443848,666.551653443848,3110.68414394332,3110.68414394332,3110.68414394332,1,1,0,0,1,259705.932125823,13615.8260850988,167084.874692952,67158.0722088932,25460.8705249345,44639.6053939431,30569.2839797064,51995.5000587497
FT2607,666.962751017579,666.962751017579,666.962751017579,66.1488548941845,66.1488548941845,66.1488548941845,1,1,0,0,1,554357.030839453,0,0,0,0,0,10368.9597939575,6729.16374695003
FT2608,667.152841447462,667.131752808328,667.15309864707,1483.21751346789,1482.3978162697,1484.01332764318,5,0,1,3,1,30145.4018211453,5159091.6340576,141369.821238145,181123.804737558,105588.805078404,211536.046517858,548486.499448702,701452.830205305
FT2609,667.158001337685,667.158001337685,667.158001337685,1088.58816328454,1088.58816328454,1088.58816328454,1,1,0,0,1,295500.126693003,28844.5837922546,79799.367597471,22242.4143796428,9641.9834069053,6620.38825454648,6068.55028112862,0
FT2610,667.093142255076,667.093142255076,667.093142255076,282.993875310315,282.993875310315,282.993875310315,1,1,0,0,1,417386.301597206,45114.3067327139,110938.932828094,93049.7631999565,41983.8445314753,72390.4232835401,89295.8616721085,103445.86880632
FT2611,667.195201090483,667.195052741924,667.195503638015,109.366504867111,105.351434046779,113.217235545996,7,0,1,6,1,31927.483769485,1214935.9576707,459292.069467104,537847.148992839,834075.95735625,673263.914021212,706015.190772729,659238.308968978
FT2612,667.283151818835,667.283057887653,667.283245750017,1910.36721181001,1903.6099649422,1917.12445867783,2,1,0,0,1,415261.933343263,4470.99242627981,78802.9218573416,30624.4113190425,12644.9895328143,63297.8538067924,16727.1597322669,29084.2148443365
FT2613,667.319312206666,667.319275104017,667.319449286877,1814.40643979285,1808.52662508364,1815.53908072769,4,0,1,3,1,0,206451.149624633,102006.085550131,148454.917344942,101431.559330533,79447.7493996923,149652.01954297,163593.652894775
FT2614,667.223744852823,667.216802848989,667.225681978894,1098.52808608713,1079.6414497749,1099.41013662681,4,1,1,1,1,671138.600360577,139373.00852417,25414.4079120279,16130.7686883742,55118.0399575038,40363454.2008216,5918.80973128362,0
FT2615,667.371153284494,667.371083262941,667.407439272027,2918.15960014616,2898.35359569867,2942.16322525444,3,1,0,0,1,792660.021448774,23732.6282072813,41050.6417878681,20251.6330583045,4332.93633805001,12166.4827181925,8734.60790309659,15596.8242485332
FT2616,667.396650740282,667.374878276732,667.418423203833,2748.85313422391,2724.05330980202,2773.65295864581,2,1,0,0,1,699536.781062197,0,0,0,0,0,436.404853092735,944.571052263519
FT2617,667.392122291892,667.392122291892,667.392122291892,2573.44411129337,2573.44411129337,2573.44411129337,1,0,1,0,1,5222.56838545727,134652.134876099,105107.464402788,43884.1667984862,49654.6664217835,63961.3608667664,114415.087004281,142881.260410014
FT2618,667.429784378519,667.429784378519,667.429784378519,1343.56515430708,1343.56515430708,1343.56515430708,1,1,0,0,1,360622.766558159,0,7402.19634943004,0,0,0,14805.3292382481,15983.5728396312
FT2619,667.571086532555,667.491080408522,667.571267726791,3109.79581312993,3018.02763978972,3109.90859016676,6,1,0,4,1,552239.232665437,52752.3126297843,219430.740994872,150333.535590819,125183.221055609,162273.259581631,138290.556045137,147296.448443605
FT2620,668.156183885308,668.156183885308,668.156183885308,1482.3978162697,1482.3978162697,1482.3978162697,1,0,1,0,1,0,1538399.31681701,16232.5175968259,25061.9972548173,20435.3422650979,74957.5341905171,143593.638191854,188066.049908759
FT2621,668.229201713682,668.229014790786,668.229388636578,1089.08476793102,1079.6414497749,1098.52808608713,2,1,0,1,1,117122.12221875,6116.72654901416,0,5101.0895875051,6082.15807505607,13898570.6616724,0,0
FT2622,668.374213947395,668.374213947395,668.374213947395,2918.15960014616,2918.15960014616,2918.15960014616,1,1,0,0,1,215652.88064423,8282.36009649718,11893.5083020835,2484.65946304323,0,2955.72901339282,0,0
FT2623,668.506172926635,668.475154871158,668.537190982113,3040.01523667943,3018.02763978972,3062.00283356915,2,1,0,0,1,167268.010203123,0,0,0,0,0,0,0
FT2624,668.421800867897,668.421800867897,668.421800867897,2724.05330980202,2724.05330980202,2724.05330980202,1,1,0,0,1,199242.561766245,0,1902.70168222766,1784.30022422666,0,2719.56671236332,0,3647.56423778069
FT2625,668.620449126245,668.620449126245,668.620449126245,3000.5576561714,3000.5576561714,3000.5576561714,1,1,0,0,1,150669.504475285,0,5596.69605337455,0,0,0,0,0
FT2626,668.810573407872,668.767800713522,668.853346102222,61.0673793853938,57.2622877858717,64.872470984916,2,1,0,1,1,814255.994013736,0,448378.205262539,0,0,0,0,0
FT2627,669.158892725036,669.158892725036,669.158892725036,1482.3978162697,1482.3978162697,1482.3978162697,1,0,1,0,1,0,214179.900545748,0,0,0,0,0,9888.0224479398
FT2628,669.158548513778,669.106159579104,669.210934301882,109.544444818716,105.546399974029,111.597925043679,4,0,1,3,1,0,525143.243134016,294642.772192594,197395.90630755,0,280539.855114258,0,0
FT2629,669.238992785441,669.238914024217,669.239133711158,2362.43834391987,2362.27537157273,2363.10606664005,4,0,0,4,1,4135.05320153154,4488.56694166695,89855.6926307384,235644.313744506,428959.706415436,200031.459143611,267506.975272424,281257.274063349
FT2630,669.215486520624,669.132177980067,669.231299914246,1141.24665064066,1098.52808608713,1228.23969935577,4,1,0,1,1,232213.542356144,0,0,5729.84866118902,0,13646727.7916667,0,0
FT2631,669.227330472194,669.225881420126,669.228779524262,688.824691687523,687.451241365413,690.198142009632,2,1,0,1,1,162554.943795369,0,0,0,0,672870.03730596,0,0
FT2632,669.183821763711,669.183821763711,669.183821763711,1394.49503930501,1394.49503930501,1394.49503930501,1,1,0,0,1,523270.654289065,57130.3162162109,175801.470136228,290741.457718348,373224.648292856,215254.183837622,288706.650190984,276116.821773329
FT2633,669.399382642987,669.399101628855,669.399934912323,2578.87999890278,2552.88275248734,2637.11259192527,16,0,1,6,1,102197.153780689,1134886.20256186,952512.235973565,1295281.59051758,3029260.69168515,1125441.36792706,1746800.9126409,1767819.68678387
FT2634,669.297441760978,669.297291598213,669.297539828978,212.513021465355,208.810559789594,216.298074839545,6,1,1,4,1,872872.275452962,190059.316669123,571342.126851128,389292.377602941,137161.455551758,259757.82023363,361555.270414043,311232.566573644
FT2635,669.412185805656,669.412185805656,669.412185805656,2971.72352501174,2971.72352501174,2971.72352501174,1,1,0,0,1,333943.151157924,0,0,0,0,0,0,0
FT2636,669.459536158034,669.459257237118,669.495767233831,3187.15501479529,3178.35125632861,3263.50884240887,8,1,0,6,1,1704445.93133911,129506.946891441,328468.569597359,336586.050942384,345731.804626461,276234.793698243,264729.689699897,265158.739233397
FT2637,669.431210433957,669.431042958868,669.44867881699,3088.92402445246,3088.29384845396,3106.28233350258,7,1,0,6,1,468753.066008654,117441.936270039,208669.203289241,176105.369683161,202637.325739744,202358.222125796,222930.280046591,203607.211156379
FT2638,669.423591399148,669.423591399148,669.423591399148,2133.04046544165,2133.04046544165,2133.04046544165,1,1,0,0,1,2238864.58835265,20858.8831340511,181062.32633457,19792.5297045181,8207.13081015521,27222.7417001113,141627.83526857,136146.568272157
FT2639,669.452197197198,669.452197197198,669.452197197198,2975.40167374927,2975.40167374927,2975.40167374927,1,1,0,0,1,307306.532427621,18084.0010538484,4219.488118123,3392.73866943822,4805.42915668765,3135.2961757388,2098.84383723515,1002.96339294057
FT2640,669.586882755699,669.586749147642,669.586979998679,3198.84477693956,3196.8871652357,3199.97235357897,5,0,0,5,1,77861.1877073115,46389.8783319314,174561.872453612,167116.639771323,152084.1015625,226367.526619615,203524.815952149,227501.947216281
FT2641,670.187060868052,670.187060868052,670.187060868052,1393.69121674594,1393.69121674594,1393.69121674594,1,1,0,0,1,100659.857612303,0,22823.5915806277,35885.340309936,51911.2278140524,12566.9686024235,41438.2209040078,36157.9064041124
FT2642,670.402848451907,670.402540787723,670.403472163248,2635.09569936428,2575.29338478065,2637.11259192527,10,0,1,6,1,42653.6391195864,399198.35913281,329716.343191108,450591.747022986,803579.414614625,330347.653088944,612751.243686337,610192.490726208
FT2643,670.4155124092,670.4155124092,670.4155124092,2971.72352501174,2971.72352501174,2971.72352501174,1,1,0,0,1,141489.780924479,0,0,0,0,0,0,0
FT2644,670.431047173481,670.430916339076,670.43142465356,2284.98793966165,2277.07226995109,2290.26329154989,6,0,1,4,1,121686.473752911,300517.568065259,145728.18320154,423898.641637314,4553821.63354766,1018843.21488239,2527201.46381223,1693896.00073306
FT2645,670.452071666598,670.452071666598,670.452071666598,3107.76171372841,3107.76171372841,3107.76171372841,1,1,0,0,1,175039.387601038,16723.5541355847,21972.4212984897,18058.3466484028,5428.02249390681,19837.4878688637,11739.531976208,24629.2312239302
FT2646,671.163905493703,671.163905493703,671.163905493703,1704.53225708297,1704.53225708297,1704.53225708297,1,1,0,0,1,1117922.67891693,83244.6917696738,29186.9525374854,29030.3561660479,45936.8038206629,43583.1580537058,28946.8177260416,66710.2214269442
FT2647,671.379009861104,671.378888362069,671.380003532158,2550.83702830192,2549.7248818214,2552.56315970924,3,0,0,3,1,26833.3799839196,45532.816448713,33127.852343788,39057.6236378785,735522.36537554,131378.123080516,389302.899788945,213643.116512044
FT2648,671.308618530226,671.308618530226,671.308618530226,1779.28900962774,1779.28900962774,1779.28900962774,1,1,0,0,1,150359.504699707,13074.6275658433,15361.3939851631,6658.36714002565,6478.1924721563,3778.05596433044,0,0
FT2649,671.439522760527,671.439522760527,671.439522760527,2146.3290992197,2146.3290992197,2146.3290992197,1,1,0,0,1,4667566.50698418,39903.3133464568,406209.831277667,103139.697298471,36232.4189049,131610.307960424,442972.096928287,447461.666561379
FT2650,671.454040668338,671.454040668338,671.454040668338,3130.98967533102,3130.98967533102,3130.98967533102,1,1,0,0,1,474645.026393345,15465.6553820776,64028.7000896635,45580.8367593492,47434.4872287503,49546.7832453703,41371.9800617098,58268.6188690963
FT2651,671.46654926348,671.46654926348,671.46654926348,2975.40167374927,2975.40167374927,2975.40167374927,1,1,0,0,1,220784.708160809,89009.7864414544,50382.1531028641,52143.4506587584,41298.1306112632,37698.5240271149,34232.2770448553,27495.5249826529
FT2652,672.166285196259,672.166285196259,672.166285196259,1706.55773565606,1706.55773565606,1706.55773565606,1,1,0,0,1,208494.79963867,5921.71471736342,0,0,0,0,0,7686.89094336017
FT2653,672.615686072008,672.615686072008,672.615686072008,2963.6162575704,2963.6162575704,2963.6162575704,1,1,0,0,1,123771.670221355,0,0,0,0,0,0,0
FT2654,673.178397584868,673.178347487381,673.17850831019,1139.74518625903,1087.4482126752,1163.48289868655,8,0,0,3,1,136629.267696444,502187.390634902,817681.854265895,724688.326527983,965624.698362393,558093.219261639,526146.107923179,702587.791383661
FT2655,673.172732128211,673.171785755796,673.283928021336,941.32601649863,884.070801758655,968.289326784706,6,0,1,2,1,151973.21236169,1995235.18111855,805904.87908008,988057.91808875,1264145.6291881,587653.825293211,926454.068937297,867411.088414893
FT2656,673.220696120438,673.220696120438,673.220696120438,564.21766298054,564.21766298054,564.21766298054,1,0,1,0,1,93047.3851380597,921270.756795202,151700.966820816,430565.511715273,176493.148299904,328392.798480648,226614.123660545,310576.83137709
FT2657,673.394895417933,673.394789170465,673.395005375917,3182.51186403467,3181.83020280895,3182.74068815856,5,0,0,5,1,21754.5644987124,72996.8145894835,172214.914447388,332120.196882021,191197.09860894,453082.363262476,165228.541371359,507656.122270833
FT2658,673.437290037357,673.431028522178,673.443551552535,3060.52498733599,3041.54233233345,3079.50764233854,2,1,0,0,1,429517.221503904,0,1189.96371138373,0,0,0,0,0
FT2659,673.465731920596,673.465731920596,673.465731920596,2936.31485315832,2936.31485315832,2936.31485315832,1,1,0,0,1,384771.16000977,0,8142.91827074964,0,0,4534.87407467187,0,0
FT2660,674.220119726879,674.215713669656,674.224525784102,115.241518032136,103.947738068775,126.535297995497,2,1,1,0,1,755084.128540979,614400.358769531,0,4289.90228435403,0,13616.3208829952,7452.11605603418,0
FT2661,674.435592664426,674.397958833576,674.473226495277,3207.6615582952,3183.99810773285,3231.32500885755,2,1,0,1,1,324542.339875491,0,1807.89901512852,0,0,135232.196246493,0,1473.18407002043
FT2662,675.205297161255,675.205297161255,675.205297161255,761.871303672277,761.871303672277,761.871303672277,1,1,0,0,1,295184.454641488,63789.0415507023,44115.2949560301,23280.0424052407,4774.99292846401,42726.7101893456,0,0
FT2663,675.186254405201,675.186254405201,675.186254405201,910.031303796794,910.031303796794,910.031303796794,1,0,1,0,1,0,3512862.92873944,29370.5973486484,18822.9065544337,25238.1358505153,19170.0173848756,18164.4389463015,30097.2726845129
FT2664,675.397008183024,675.397008183024,675.397008183024,3009.905331905,3009.905331905,3009.905331905,1,1,0,0,1,179759.417017728,14108.7966560886,88113.8288930786,47451.2492843782,58969.3912488739,89817.4408161867,49597.7118447961,78853.7364275396
FT2665,675.379243932134,675.379243932134,675.379243932134,2445.26967039996,2445.26967039996,2445.26967039996,1,1,0,0,1,386197.86894493,0,0,0,4236.36328017932,5677.85918037955,7350.93578457746,17834.2821343561
FT2666,675.506455201504,675.506455201504,675.506455201504,3242.6717399202,3242.6717399202,3242.6717399202,1,1,0,0,1,229796.902745362,13802.7700379365,83417.7995218461,35022.7651716112,25812.7791387636,32651.8826262324,23543.6702986209,41876.9358580871
FT2667,675.435113178579,675.435113178579,675.435113178579,1341.69110389128,1341.69110389128,1341.69110389128,1,1,0,0,1,100082.371046875,0,0,0,0,0,0,0
FT2668,676.197276957502,676.197276957502,676.197276957502,908.478509860616,908.478509860616,908.478509860616,1,0,1,0,1,4892.01487009461,1085238.86676479,234439.401270162,217472.43678892,422502.854596293,266093.27680577,229070.836412567,209882.044732703
FT2669,676.294417626393,676.294417626393,676.294417626393,1039.64062689399,1039.64062689399,1039.64062689399,1,1,0,0,1,156202.324877929,0,0,0,0,0,0,0
FT2670,676.346432204807,676.346432204807,676.346432204807,1065.16874696151,1065.16874696151,1065.16874696151,1,1,0,0,1,2357173.00882569,0,0,0,0,0,0,0
FT2671,677.1522026816,677.151777460806,677.152255130901,1087.53508824802,1085.08265527926,1089.73362855498,3,1,1,1,1,336832.311899978,207259.905223216,214032.251492189,117124.68401767,148172.938916361,112732.807822585,113310.836542108,95034.6285651718
FT2672,677.179210732958,677.179022266139,677.215534623036,111.25503139793,80.0412510828938,246.945282682992,19,0,1,5,1,164637.829053578,673151.365588954,1492163.69631055,2513150.57466801,4008384.51446266,2468830.68333023,3475674.82245156,4367781.50878289
FT2673,677.253119948193,677.252963952112,677.253275944275,894.916947814548,890.861199700329,898.972695928766,2,1,0,1,1,279048.592104362,58399.5795348613,82368.2161019534,50403.5588319741,48208.3731750996,69449.4712961805,242567.287221683,199285.694027554
FT2674,677.194389965593,677.194389965593,677.194389965593,643.12606225257,643.12606225257,643.12606225257,1,1,0,0,1,820149.775135598,238567.929872131,112945.259337465,162163.345507844,169844.610572961,233516.555711995,179146.803628357,172974.122198056
FT2675,677.327316167783,677.304836780315,677.349795555251,1074.25634519728,1065.16874696151,1083.34394343306,2,1,0,0,1,813526.800973078,0,0,0,0,0,0,0
FT2676,677.401918080615,677.401918080615,677.401918080615,2658.75331494237,2658.75331494237,2658.75331494237,1,1,0,0,1,1157263.49902295,0,2556.1504649628,0,0,1245.73596362435,0,4528.60279518992
FT2677,677.394943853132,677.394943853132,677.394943853132,2455.37333252381,2455.37333252381,2455.37333252381,1,1,0,0,1,711089.39707725,0,8955.16753913246,4527.11368177987,1537.86499281721,15143.1172043415,36304.4336490342,60584.9704456201
FT2678,677.425558723052,677.421686687455,677.427697794962,2236.56895263963,2133.04046544165,2290.39196807801,13,1,1,4,1,12898245.2484328,264329.836613581,984032.147214167,254828.733740237,37925.3083880192,228226.955973479,606773.378210887,890104.125174148
FT2679,678.405199603083,678.405199603083,678.405199603083,2656.21067249407,2656.21067249407,2656.21067249407,1,1,0,0,1,458650.725709783,0,0,0,0,0,0,0
FT2680,678.298696253212,678.298696253212,678.298696253212,1400.06497031982,1400.06497031982,1400.06497031982,1,1,0,0,1,183047.392905274,0,0,0,0,0,0,0
FT2681,678.42930040069,678.428869550657,678.429898132873,2160.82400130056,2133.04046544165,2182.88883722563,3,1,0,0,1,4856893.06596674,0,23368.2175367303,3219.06233193092,0,0,16654.7089622993,41466.8784633639
FT2682,678.604908709415,678.604908709415,678.604908709415,2975.40167374927,2975.40167374927,2975.40167374927,1,1,0,0,1,1896036.56460487,0,4667.25062707255,0,0,2433.54976848177,0,0
FT2683,679.152977097296,679.152977097296,679.152977097296,1377.33303044388,1377.33303044388,1377.33303044388,1,1,0,0,1,426265.682705966,23038.2980606484,19676.2000979099,12370.5872051063,24466.0562490327,28664.9828189583,13881.6953307718,12772.511799626
FT2684,679.212893285872,679.195159289608,679.213621856959,140.743693247354,110.491630473791,184.089135354801,9,1,1,3,1,2884792.63280713,1653612.68281966,366873.51783079,433988.236551609,204203.085804871,1762033.62940414,2423778.5520026,1373354.91431322
FT2685,679.213266767789,679.21313539969,679.213302953551,739.889067675839,739.624986650774,740.178952845344,3,0,0,3,1,375503.565893709,402439.464295925,962903.327211139,1059492.92950813,490081.607657147,1582178.55576769,418393.678017237,345837.905785637
FT2686,679.189413888704,679.152952856791,679.189535745252,895.16922056316,889.726399442457,915.76230531835,3,1,1,1,1,1936983.10427272,302925.038682953,49755.9867555982,84004.2526627067,55445.5419610834,571924.336679689,49536.6993073161,38566.1632165758
FT2687,679.370887815191,679.370840288236,679.370935342145,2927.23722665224,2918.15960014616,2936.31485315832,2,1,0,0,1,608750.379450238,13232.5463311602,24844.2322022346,5805.05316621015,3053.85080865443,4356.22387310041,2404.78494760524,2114.8489753117
FT2688,679.383643770788,679.383643770788,679.383643770788,2288.14232438563,2288.14232438563,2288.14232438563,1,1,0,0,1,81742.0873007828,0,0,0,0,2707.47435487071,0,0
FT2689,679.442176123559,679.441294167388,679.44360090629,2260.90499994284,2233.80869208547,2377.68915260011,9,1,0,3,1,5765345.29783595,183947.277391578,1616398.92830106,367866.851023345,97017.4952380409,174468.882553779,1155129.07539828,1127137.37301382
FT2690,679.714537831695,679.714414672712,679.714568079647,741.944293878837,738.36828578872,742.207583685163,3,0,0,3,1,191696.794724477,190943.538717773,448736.646572265,419159.85227137,213222.238370858,848730.90755036,171486.139936942,145266.976234564
FT2691,679.714515258772,679.714290960696,679.714739556847,142.290811901498,139.575511778933,145.006112024064,2,1,0,1,1,1417365.21309558,317079.438414052,268481.577891521,294752.046829847,146188.382582194,562014.972644327,773891.327330175,348000.240875684
FT2692,679.60823431663,679.60823431663,679.60823431663,2975.40167374927,2975.40167374927,2975.40167374927,1,1,0,0,1,797120.396465795,0,2093.43339476378,0,0,0,0,0
FT2693,680.193003982905,680.193003982905,680.193003982905,896.931418278917,896.931418278917,896.931418278917,1,1,0,0,1,629485.597186524,87673.8598999467,0,0,10844.603642929,26284.2514818068,7850.51662904411,5845.09374486778
FT2694,680.37435718947,680.37435718947,680.37435718947,2934.99921992666,2934.99921992666,2934.99921992666,1,1,0,0,1,306898.284685245,1196.83526060184,14042.662598183,963.781873349277,0,1793.9999403627,1594.06397715518,0
FT2695,680.611617908326,680.611617908326,680.611617908326,2973.68631876771,2973.68631876771,2973.68631876771,1,1,0,0,1,151426.913510744,0,0,1842.77440197244,0,0,0,0
FT2696,681.132230572509,681.13211211474,681.137889834408,1415.55401681224,1412.91632012629,1417.16480010451,7,0,1,6,1,128489.279009999,889561.134253257,869040.066632813,787400.641827388,628937.029179687,1252135.96970214,1680218.11348385,566627.732448382
FT2697,681.210930407655,681.210775720067,681.211142754265,116.323797089096,111.25503139793,150.377962296494,8,0,1,6,1,245381.922955122,3085761.51140742,2884632.26770312,3283238.04160823,7612216.30691455,4272799.46752661,5219820.0131499,4907795.20117634
FT2698,681.187659531382,681.169318610707,681.226254706401,1071.7832186163,1032.81478813078,1092.84147067307,4,1,0,1,1,2440852.15810906,0,0,4826.57201354045,0,1337389.23780831,733.708884932632,0
FT2699,681.205007534815,681.204977904186,681.242183278247,1662.76587642453,1660.34436188578,1724.91990807967,3,0,0,3,1,0,22967.2128504948,85820.4321679685,5689.49335015151,7781.63195614519,445826.326533726,506839.41255929,25435.2525038574
FT2700,681.216250793001,681.206316512866,681.226185073136,1167.35834413717,1165.39781248248,1169.31887579185,2,1,0,1,1,788373.453611027,0,0,0,0,505250.043663612,6151.827751596,0
FT2701,681.371561411205,681.371544092644,681.371578729766,2427.83283443166,2427.18812620258,2428.47754266073,2,1,0,1,1,196044.212034178,100777.112088946,156251.235572918,112877.722226559,108282.923286249,127940.520849838,85977.1783827098,113862.615838875
FT2702,681.297522410852,681.297397340123,681.297647481581,2965.40202823173,2964.90199977835,2965.90205668511,2,1,1,0,1,236968.548657229,182411.444156254,84500.0115459788,76062.5152824956,77391.5016907696,76936.0026731198,112084.680904445,85209.5103801072
FT2703,681.413296894064,681.413230054872,681.413363733256,3208.29996409383,3197.2588388075,3219.34108938016,2,1,0,0,1,2340268.69459473,16059.1544162131,289715.723997575,131584.196879041,60421.1828316235,119358.660550413,121019.679167922,211363.816406147
FT2704,681.457326330496,681.453052479729,681.458402344586,2241.23806243516,2223.96390381511,2272.07060770861,6,1,0,2,1,6717948.37373237,162070.87706246,1244371.76465766,199826.661392738,38446.0439199512,249928.019938091,443515.260216346,388241.443329572
FT2705,681.433311253336,681.433311253336,681.433311253336,2737.96498317459,2737.96498317459,2737.96498317459,1,1,0,0,1,247170.584326172,0,0,0,0,0,0,0
FT2706,681.457204933535,681.42319476515,681.459547788778,2377.02696007756,2332.57470304789,2377.86248063131,8,1,1,5,1,1888452.75437446,281332.579093971,463026.155460761,382009.591884515,148797.278483075,112851.296042116,1494543.48451172,326546.836159555
FT2707,681.502012631164,681.502012631164,681.502012631164,2967.81068725419,2967.81068725419,2967.81068725419,1,1,0,0,1,454221.396015019,0,0,0,0,0,0,0
FT2708,682.135381105363,682.135308183201,682.135407778634,1414.91301291894,1412.91632012629,1415.72133531306,4,0,1,3,1,31250.3912804201,243403.267760292,243324.483117186,208684.442773288,96404.5999804701,302365.305930989,361349.241148288,130254.218677432
FT2709,682.214272932218,682.214007436498,682.214481857289,116.617436910872,115.241596544197,117.352254241597,4,0,0,4,1,50017.3247735096,551129.469771012,597465.032519037,692867.819454171,1175116.79711427,732341.305082607,1095894.0857002,1271952.36442041
FT2710,682.209583467209,682.2083842872,682.229560095026,1092.84147067307,1071.07788010138,1163.4264066104,3,1,0,1,1,269717.004197998,0,0,0,5973.74324144205,373410.621575925,6203.2123118621,7102.20874679102
FT2711,682.391597138232,682.391597138232,682.391597138232,3039.42307083599,3039.42307083599,3039.42307083599,1,1,0,0,1,144799.936757809,0,0,0,0,0,0,0
FT2712,682.416784651595,682.416784651595,682.416784651595,3197.2588388075,3197.2588388075,3197.2588388075,1,1,0,0,1,548326.271944072,0,46010.6090563999,20519.1418234275,10372.7396415282,13603.2151234824,16538.5425676239,28053.9725420115
FT2713,682.302072458901,682.302072458901,682.302072458901,1976.38635965014,1976.38635965014,1976.38635965014,1,1,0,0,1,88757.3246308601,0,8128.54654811516,0,0,0,0,0
FT2714,682.461660642011,682.460459165197,682.462174574446,2228.41913009908,2225.33770536895,2255.217811153,3,1,0,1,1,2652866.21286849,59819.3182579676,378119.221948089,109982.909798445,13897.1122560558,127502.368509551,204890.355190217,206193.0113205
FT2715,682.460703485354,682.426641023245,682.46073697277,2377.08399978794,2332.57470304789,2377.68915260011,3,1,0,2,1,143461.222859931,108648.233610387,144643.695717775,73728.6420085242,68562.3963718172,44648.6741762066,604858.184174806,100057.993550532
FT2716,683.181624465154,683.181477904103,683.226496910058,162.487745433709,105.556834578964,165.205945391047,10,1,1,6,1,703746.888535923,1018025.25282298,1335001.36499935,1789002.55805636,2244435.25340715,7793206.21960179,2141817.95987402,2889080.1106
FT2717,683.190807224841,683.162568264901,683.28139089244,1210.88533947551,1149.68914303024,1341.69110389128,10,1,1,4,1,279450.873362162,269809.940300296,1339607.96758849,627175.862681071,214850.918864746,757904.551195309,20284.0759943759,26458.4956474318
FT2718,683.213558138405,683.150574524014,683.276541752795,683.010960256575,666.604172117745,699.417748395405,2,1,0,1,1,342572.41572403,0,420873.702001586,0,0,0,0,0
FT2719,683.220238471857,683.183816176633,683.256660767081,1562.9164884209,1534.39823530094,1591.43474154085,2,1,0,1,1,317599.210220168,17311.5144439,20643.2429753362,18501.249706563,23070.6451982078,274026.72155843,31618.2570536237,12019.0381026587
FT2720,683.183842040462,683.183752123299,683.184469559543,1053.92324169657,1052.7633137219,1054.77641430761,6,0,0,6,1,273539.724683519,137442.580694319,1356979.44443314,2426066.8063802,2965114.67174927,1492166.44786459,3138983.32253904,2289459.38756348
FT2721,683.393755687907,683.393755687907,683.393755687907,2061.91666676788,2061.91666676788,2061.91666676788,1,1,0,0,1,2199679.84865075,0,3662.96776155273,0,0,0,4053.4807188773,0
FT2722,683.402463135136,683.402463135136,683.402463135136,2938.7953039809,2938.7953039809,2938.7953039809,1,1,0,0,1,324706.843133238,13901.0695591897,91455.688402985,26749.1644160238,23282.7815701051,51099.6131538304,27721.2135067257,60030.754361289
FT2723,683.475280352853,683.469976749118,683.475388648572,2377.08399978794,2346.57910399342,2377.68915260011,3,1,0,2,1,1018309.57733624,32318.9513167858,258612.328865559,71130.1627019237,51252.5142483712,94495.3134522238,409032.327186891,146869.14499028
FT2724,683.526752535337,683.526752535337,683.526752535337,3023.9709549594,3023.9709549594,3023.9709549594,1,1,0,0,1,216904.198798831,0,0,0,0,0,0,0
FT2725,684.184737065263,684.184679978342,684.2296757252,162.534334486098,105.556834578964,163.689931095443,8,1,0,6,1,92724.3281859374,3767.1636357788,270668.865156424,438848.200390137,444674.270171108,1863041.94492232,457877.285863021,617381.568050049
FT2726,684.186957098033,684.186883071581,684.187014169858,1053.83162126172,1053.53179374672,1054.11210700666,4,0,0,4,1,52084.6469335931,5712.53177974664,389982.048774799,713266.725592943,830607.885673825,419117.900145425,861001.71038769,486173.554236779
FT2727,684.470354609017,684.470354609017,684.470354609017,3062.00283356915,3062.00283356915,3062.00283356915,1,1,0,0,1,240213.882578122,7609.96282782949,56178.3579248386,13872.6217507062,5313.26038210487,26333.7050391249,13688.4089211814,30094.1766303845
FT2728,684.456524700843,684.456524700843,684.456524700843,1341.69110389128,1341.69110389128,1341.69110389128,1,1,0,0,1,307447.661200422,0,0,0,0,0,0,0
FT2729,684.743199909623,684.742316358865,684.744083460381,61.0673793853938,57.2622877858717,64.872470984916,2,1,0,1,1,929855.172961762,0,627591.890498203,381623.175178023,24419.8894860093,37906.654282923,50016.3028680669,0
FT2730,684.82762151322,684.82762151322,684.82762151322,64.872470984916,64.872470984916,64.872470984916,1,1,0,0,1,1476671.79683578,0,0,0,0,0,9392.09606701819,0
FT2731,685.142086409824,685.141998734544,685.142208572902,1216.10273569449,1204.24005922949,1271.01060823336,4,1,1,0,1,955154.946908321,868898.827949213,517111.938279465,409301.442227337,457510.035101913,389529.830365731,301788.290334289,324355.240315395
FT2732,685.170302366705,685.051463403627,685.170561076723,939.252919661214,899.54886283307,969.568709807497,4,0,1,2,1,906.149027674105,370286.616883405,7576.38825507506,1016254.4884555,18597.741231777,8578.09341930638,27036.6400959355,623458.458011586
FT2733,685.206747402414,685.199342052633,685.208520241848,1636.55250606107,1631.49921424017,1638.94522545824,8,1,1,6,1,303940.875791903,3117551.06687359,1430553.67925851,3913763.90566623,4301623.26490478,3364468.90856133,4976733.6615769,6494943.62178256
FT2734,685.181461207154,685.181281841732,685.231722848461,161.583923995651,105.556834578964,163.438572546372,5,0,0,4,1,0,4388.31120209692,5159.58960801608,9061.97306261259,1284356.43475378,382929.356657829,1390491.86284592,3303841.70336261
FT2735,685.394107081779,685.393974865317,685.394486587486,2538.0132032349,2534.60159850159,2549.01831827457,8,1,1,6,1,404244.143473553,373039.903969375,285385.05926392,584263.421158541,5327701.33406903,1788842.15589844,4587860.85053757,2851060.7442383
FT2736,685.206761796593,685.199745067248,685.418041279045,1769.6404732225,1768.55961521028,1821.44732856267,5,1,1,3,1,2961595.29262431,614221.608650184,269401.798480271,848279.408952895,1581178.00358699,963920.648087567,1173165.55488666,1659701.61427794
FT2737,685.386016035358,685.321458406606,685.417857570522,2969.89570508271,2940.60983379805,2992.90758570548,3,1,0,0,1,428142.412147738,0,0,0,0,0,0,0
FT2738,685.394326912306,685.394326912306,685.394326912306,2332.57470304789,2332.57470304789,2332.57470304789,1,1,0,0,1,120405.128023001,12303.4024955289,67723.3440260842,25166.9654847811,20209.3550388252,15106.0336278761,33768.204141698,40920.1978786256
FT2739,685.490653923426,685.490653923426,685.490653923426,3120.07010221638,3120.07010221638,3120.07010221638,1,1,0,0,1,3688414.89579045,22290.2851125139,114356.377678295,59857.4646557839,30647.5266706005,55260.7001383142,53855.0549144341,80867.6701317815
FT2740,685.542221412549,685.542221412549,685.542221412549,3014.855948268,3014.855948268,3014.855948268,1,1,0,0,1,197350.45799286,1235.01902748032,66466.6996864761,22978.7743047408,9845.0555336318,26210.0238325582,7900.95568471898,37986.0188904478
FT2741,686.20572996499,686.166513040101,686.209850797109,1636.30767084469,1588.89548396791,1638.00993112016,6,1,1,4,1,196621.566281468,1004211.87492239,231371.841858396,1194029.54882901,1134666.20903581,893783.909589882,1457510.47395421,2105975.45661654
FT2742,686.397383207013,686.3973565931,686.397747039959,2538.02366252589,2537.55054959095,2549.01831827457,5,0,0,5,1,168068.799802835,153318.217756181,116862.76561771,144079.982208807,1769100.08663738,630707.598052741,1742607.57461825,984141.757097166
FT2743,686.493892062736,686.493892062736,686.493892062736,3120.07010221638,3120.07010221638,3120.07010221638,1,1,0,0,1,1495727.25341223,5162.38526800143,41963.6669542403,24660.8930251461,5887.24489736638,12925.3685537039,20506.2671262272,25364.4594388622
FT2744,686.894339475603,686.894339475603,686.894339475603,64.872470984916,64.872470984916,64.872470984916,1,1,0,0,1,905786.103923482,0,16925.3404072961,0,5267.71379868932,28048.907187656,0,16350.5634524058
FT2745,687.158029473768,687.157848593497,687.158761056479,947.463063063838,866.412214686458,1015.74373711079,14,0,1,4,1,248281.454656215,2187796.35208719,1644607.27535677,1273060.08234067,1382547.28275693,831730.983835998,822023.01117889,921787.813409342
FT2746,687.157953162102,687.157887265916,687.158041368866,782.013774264446,701.965635180351,825.576847284683,8,0,1,1,1,191911.882507267,1572650.16423076,513418.665915238,466762.046808526,355304.379644265,529483.118362346,381953.237677926,429517.210419127
FT2747,687.288225541895,687.288140212084,687.288540271453,2440.34721707355,2438.32844359161,2460.87824270149,7,0,0,6,1,6216.13810189821,25857.5266728079,443700.932062783,978978.957561028,1317504.4108789,1113626.03665038,1495097.43567321,1645837.22614744
FT2748,687.186838809805,687.129133411368,687.272992874099,1137.57691100387,1090.36165202078,1270.80854761924,11,1,1,4,1,729917.272406252,539812.396343994,610781.99406738,115850.460793457,29244.0863638544,9450.25252005397,1002563.05426392,1922978.90227121
FT2749,687.205420052869,687.20529786927,687.210715067862,409.212329615194,370.63155449458,419.663599026802,4,0,0,3,1,1827.02629115868,958.610145068583,3906.163453207,582756.485220983,1297717.2622693,3859.13353985408,1633882.39940374,9188.27809184742
FT2750,687.409982265895,687.409982265895,687.409982265895,2332.57470304789,2332.57470304789,2332.57470304789,1,1,0,0,1,852745.117252663,3601.426817861,101888.124565041,25182.8152908906,21444.9483511414,19764.4832180196,42115.2790991341,66866.3567923055
FT2751,687.431210155432,687.431072316897,687.503653472544,3076.79688262117,3069.41312546386,3142.36846308441,5,1,0,3,1,1823634.95079676,87753.1377705947,235738.781385277,140471.988405985,113226.257820621,177852.604160847,87509.6442119506,173511.520721904
FT2752,687.43053299567,687.428881600946,687.432184390394,1801.86680434288,1782.28628012309,1821.44732856267,2,1,0,0,1,11957552.7262996,0,3831.77503644706,0,0,0,0,9539.68286656332
FT2753,687.399125620885,687.399125620885,687.399125620885,1336.77119387004,1336.77119387004,1336.77119387004,1,1,0,0,1,1387622.74503532,0,0,0,0,0,0,0
FT2754,687.594163504303,687.594163504303,687.594163504303,3087.39363134574,3087.39363134574,3087.39363134574,1,1,0,0,1,655210.481909397,5256.38337548046,88013.8992851759,34662.053379696,29506.6080834193,41942.0366911765,29958.7463270288,63299.5199079221
FT2755,688.1378600081,688.137695625164,688.137988280534,1090.90180816807,1088.58816328454,1091.77970194718,3,1,1,1,1,156564.669902344,132148.387912948,158276.041983507,20736.0064738902,7450.15148214943,15253.5818779901,5856.80898622395,0
FT2756,688.161559530185,688.161559530185,688.161559530185,962.260476774078,962.260476774078,962.260476774078,1,0,1,0,1,58590.5931096466,662627.396963086,350157.082866847,331667.590408084,349367.443275882,337564.421235858,266385.391167487,234690.232330676
FT2757,688.291861581389,688.291639012205,688.292498759096,2439.80961492707,2438.32844359161,2440.6018533647,5,0,0,5,1,0,0,142296.560583999,305176.63286865,404113.365528563,344303.414031143,385307.057819828,562356.007070195
FT2758,688.413560969665,688.413560969665,688.413560969665,2332.57470304789,2332.57470304789,2332.57470304789,1,1,0,0,1,222901.599674941,0,27834.7140205105,3486.27600285512,0,0,4097.81703008899,25325.9782318037
FT2759,688.281012817048,688.281012817048,688.281012817048,1072.48855713123,1072.48855713123,1072.48855713123,1,1,0,0,1,2354119.65943359,0,0,0,0,0,62555.1692742844,0
FT2760,688.509683467297,688.509683467297,688.509683467297,3139.76773779152,3139.76773779152,3139.76773779152,1,1,0,0,1,1138082.6272426,11646.9241979087,72977.4162820526,41697.1656561743,21672.2866662305,35901.3326417234,45318.8023611266,60191.8152905628
FT2761,688.438410994924,688.438410994924,688.438410994924,1821.44732856267,1821.44732856267,1821.44732856267,1,1,0,0,1,4406658.34660457,0,92391.6246964579,5185.88328030382,0,0,66905.4897941685,99537.2612664743
FT2762,689.185872871955,689.182372925716,689.216011184048,163.438572546372,107.273940904673,215.540233923814,7,0,0,3,1,0,4133.12358020605,7950.88394934175,0,595967.479046893,620918.927920611,15518.5858788356,391970.382816081
FT2763,689.252371152123,689.231125925578,689.284384257903,1072.30495868436,1034.34015207212,1074.11006783302,4,1,1,2,1,564035.705281324,192501.293458007,126933.993828124,114758.453607081,258869.631843662,428019.192935132,198236.997876233,305218.060158577
FT2764,689.194721909537,689.194694620468,689.194806120469,873.080042010175,869.738956989851,876.290475078151,3,1,1,1,1,335365.255174016,610625.755845734,406845.743189666,531039.130795949,554649.497693077,865470.984398437,601517.573761764,515248.844842051
FT2765,689.417453347288,689.417453347288,689.417453347288,3041.54233233345,3041.54233233345,3041.54233233345,1,1,0,0,1,169880.379746091,0,0,0,0,0,0,0
FT2766,689.444217996623,689.444217996623,689.444217996623,1819.20332922187,1819.20332922187,1819.20332922187,1,1,0,0,1,868539.168243409,0,12687.1521001061,0,0,0,0,6227.49519115742
FT2767,689.500783225152,689.500783225152,689.500783225152,2739.524493597,2739.524493597,2739.524493597,1,1,0,0,1,154390.285607605,4485.22266640441,1692.46151427825,6618.516130567,0,3712.9653103391,4469.55332569347,0
FT2768,689.447295077743,689.447070493867,689.447684448928,3082.1186689898,3079.50764233854,3083.44199213789,8,1,1,6,1,984806.218726499,337518.256903686,654744.226157233,445845.149903865,270591.018942709,513839.737522791,382180.833062136,544320.822520757
FT2769,690.312050200237,690.312050200237,690.312050200237,2542.35688253588,2542.35688253588,2542.35688253588,1,1,0,0,1,124519.194353392,46731.9791671407,71395.7612596995,98041.8167835392,88186.8121076458,63837.8225509034,83431.8150026465,66788.0489533576
FT2770,691.158542768441,691.158422044362,691.15866116889,80.1567302631427,78.2254019517854,81.85360408147,4,0,0,4,1,0,515319.969494293,473154.360525255,560365.135582494,1065779.47248639,607196.023586167,912829.389866667,1161192.55164836
FT2771,691.267692382624,691.2676573548,691.267727410448,1605.93934354938,1604.84338892732,1607.03529817144,2,0,1,1,1,43106.1503839599,805381.135481774,238672.514774899,182460.36553645,208556.911744114,188788.127474669,234008.546855317,144402.762164062
FT2772,691.189093474722,691.189073265464,691.189113683979,893.328908860687,889.726399442457,896.931418278917,2,1,1,0,1,611325.597846551,7892366.05783037,294851.212138989,383164.545976069,439657.936309765,622373.314125813,368792.785020899,381174.193292877
FT2773,691.188999544973,691.188999544973,691.188999544973,1091.77970194718,1091.77970194718,1091.77970194718,1,0,1,0,1,283896.910070041,807173.517867605,478027.376518588,461896.20899979,689236.082805046,399875.515826054,514212.556771533,498863.950562516
FT2774,691.376109517127,691.375868868549,691.376350165706,2546.73392103073,2540.0013093132,2553.46653274826,2,1,0,0,1,239781.647929687,0,0,0,0,2355.48156034457,636.790785674334,836.283381741005
FT2775,691.320855092828,691.320855092828,691.320855092828,1010.74375679628,1010.74375679628,1010.74375679628,1,1,0,0,1,475545.078117675,0,0,0,0,0,0,0
FT2776,691.480260851889,691.480260851889,691.480260851889,3156.64842956329,3156.64842956329,3156.64842956329,1,1,0,0,1,2210893.21035606,15846.7453007059,98464.7756415274,52348.1603738054,36173.0050355634,52599.1569321678,37460.4750603143,71802.9727125941
FT2777,691.577027060752,691.564397317218,691.589656804286,3127.66042723792,3121.73209557129,3133.58875890455,2,1,0,1,1,143058.577316896,0,243674.687568152,0,854.273136581611,0,663.734517451176,0
FT2778,692.192296023464,692.192296023464,692.192296023464,1093.28460558149,1093.28460558149,1093.28460558149,1,0,1,0,1,41611.2501248099,99775.7539746097,66780.5860628977,56116.6905867613,105624.054034583,65096.6622557082,63172.5213866197,73673.5403113567
FT2779,692.192374722296,692.192374722296,692.192374722296,889.726399442457,889.726399442457,889.726399442457,1,0,1,0,1,180198.512257688,2534858.33521321,46647.3764466438,104257.456336124,124875.610952401,128059.291103836,112790.508223695,101754.456287806
FT2780,692.323927652072,692.323927652072,692.323927652072,1010.74375679628,1010.74375679628,1010.74375679628,1,1,0,0,1,130128.292337239,0,0,0,0,0,0,0
FT2781,692.467547980425,692.451723392329,692.483372568522,3124.65062358677,3096.08643560062,3153.21481157293,2,1,0,0,1,881458.434999996,0,0,0,0,0,0,0
FT2782,692.620778621205,692.620778621205,692.620778621205,2989.12799893069,2989.12799893069,2989.12799893069,1,1,0,0,1,223535.918171793,0,0,0,0,0,0,0
FT2783,692.425074179571,692.425074179571,692.425074179571,1070.06043922044,1070.06043922044,1070.06043922044,1,1,0,0,1,121325.242543247,0,0,0,0,0,0,0
FT2784,693.210525497042,693.174395471067,693.210819414808,163.547748233368,78.3446862530873,173.614918320523,15,1,1,6,1,1008655.10587207,1281216.87967366,5339863.96496094,7629539.21129375,10453356.8305292,5730896.00983542,9656408.65430417,12140317.1749746
FT2785,693.210399184947,693.210295666467,693.210475889026,596.719697433617,595.976809688737,597.78240284348,4,0,0,4,1,85988.55732549,65848.2292548575,615112.889532646,907420.203714843,1549455.24217448,701685.340858687,2094398.16106675,2854791.53802099
FT2786,693.108640641396,693.108509655523,693.192921631203,1402.29860860952,1361.52859728604,1410.08118905258,3,1,1,1,1,524120.34896875,219753.566396484,0,0,0,556566.059598218,0,0
FT2787,693.181910241524,693.168469421922,693.195351061126,891.232543801254,889.654304633042,892.810782969466,2,1,1,0,1,440065.642752767,394179.23104169,0,9377.81540742599,0,4914.54015895054,0,3074.79887115087
FT2788,693.205924502849,693.205924502849,693.205924502849,1632.061501304,1632.061501304,1632.061501304,1,1,0,0,1,871492.757937011,45283.3473590505,38900.2438496512,77292.1402588457,86035.7128088201,94621.4241754545,96081.3842655458,95867.554397716
FT2789,693.395103648653,693.394452014139,693.395755283167,2157.96465133364,2133.04046544165,2182.88883722563,2,1,0,0,1,1426661.54857625,0,0,2730.81996444139,4150.07825610814,0,905.713191788405,3793.2215530475
FT2790,693.373232261484,693.373232261484,693.373232261484,2540.0013093132,2540.0013093132,2540.0013093132,1,1,0,0,1,128171.254075928,0,0,8870.66817122153,0,1337.46058249558,1912.5299022432,0
FT2791,693.389585219102,693.389585219102,693.389585219102,3077.9828189758,3077.9828189758,3077.9828189758,1,1,0,0,1,466502.208244349,24238.3214018766,27673.1395778303,15320.6368337197,4783.33812821309,19095.3100563823,7388.43028071115,11844.7024069652
FT2792,693.375936028365,693.375936028365,693.375936028365,2656.21067249407,2656.21067249407,2656.21067249407,1,1,0,0,1,764032.648529829,1204.72200412669,2465.57462731635,2225.05733164374,668.838423882829,1350.47493841499,1255.29597620094,1005.3880298801
FT2793,693.495634364333,693.495634364333,693.495634364333,3209.16826118805,3209.16826118805,3209.16826118805,1,1,0,0,1,1076501.28443245,14511.3967687549,53096.0737059122,32687.5489135896,24068.1350511226,36723.9471131953,31875.1561330804,50569.9262189632
FT2794,693.712065896607,693.711954613401,693.712147335105,596.719697433617,596.262313318341,597.735844887404,4,0,0,4,1,4744.95611388965,7574.05396259416,224915.030790078,288711.821190374,693015.094179566,245290.435061134,831521.62361455,1280993.09405639
FT2795,694.214067706704,694.213971282571,694.21415685735,165.059102202548,163.688566731494,165.456870420975,6,0,0,6,1,170350.864424932,255918.020476212,1239788.30821763,2026143.39046719,2680754.52097335,1476417.41166276,2526434.52328516,2855148.39287744
FT2796,694.20811269317,694.20811269317,694.20811269317,1632.061501304,1632.061501304,1632.061501304,1,1,0,0,1,219506.29873047,0,0,0,0,0,7074.7314314365,14318.528092496
FT2797,695.147945130668,695.147945130668,695.147945130668,1533.74036042718,1533.74036042718,1533.74036042718,1,1,0,0,1,162351.798967634,0,0,0,0,1422.50364876509,0,6184.53727436603
FT2798,695.219587441884,695.189956818147,695.226436826294,117.352254241597,113.647088535667,166.721324957571,9,1,1,4,1,249918.703627648,1119186.4098682,104493.636037191,5170.8532919596,0,1595281.66646777,984170.671065971,1107340.98665084
FT2799,695.264042521974,695.26401695797,695.264213394226,686.905093658412,684.373812095916,690.198142009632,4,1,1,2,1,892368.240826516,140964.113813458,262995.53028111,188569.338282534,144357.242373412,183147.986216091,159145.097198131,196986.100697921
FT2800,695.405875455259,695.405875455259,695.405875455259,2460.83115239684,2460.83115239684,2460.83115239684,1,1,0,0,1,407897.357104496,0,13146.8636959602,2984.30554792994,24607.7705777387,39755.034448661,118048.182575945,156954.851228753
FT2801,695.438898159012,695.438728515385,695.439350927197,2173.74945098026,2131.29415912585,2241.37941930903,4,1,0,0,1,3530977.468023,20638.6123911407,220114.318399409,89643.6450253175,36463.4891800732,106583.553482865,173601.007402434,186495.150795593
FT2802,695.496113435261,695.496113435261,695.496113435261,3056.43582966171,3056.43582966171,3056.43582966171,1,1,0,0,1,205627.443475061,11769.3837799465,25425.999268087,8361.24219212017,1628.41030562989,7118.49517079546,5638.90697471362,10338.22212628
FT2803,696.193326266054,696.193326266054,696.193326266054,114.706886679883,114.706886679883,114.706886679883,1,0,1,0,1,66833.5265954218,181411.128078662,78023.9279390976,81966.1929493159,106918.576183435,260762.44358333,41682.8340334439,101406.407086838
FT2804,697.205559607898,697.201068299016,697.20581177248,109.460253628663,107.273940904673,145.006112024064,8,1,1,6,1,997750.806853306,2129937.60390045,679200.408785644,886612.600257282,1204912.29156504,1266057.07589136,1307691.40722419,1253190.87453596
FT2805,697.17604634534,697.16317663309,697.220839262137,906.176980900646,889.470878539069,938.798357258788,3,0,1,1,1,0,376867.809983481,16299.081663493,5305.26275691587,5253.46096699214,8794938.17961981,5236.68108916418,9713.36254413325
FT2806,697.408346649872,697.408346649872,697.408346649872,3145.78428098626,3145.78428098626,3145.78428098626,1,1,0,0,1,302536.829314903,2041.31596601669,18823.5525792099,13735.1787616703,7270.69123004886,10982.7619546307,9835.05087239315,21744.1538346587
FT2807,697.430657516326,697.407329835412,697.431048687269,2752.02044898919,2696.88836164539,2755.38472226724,12,1,1,6,1,141641.15805542,395888.579472659,208508.677654474,331276.866279295,1470053.49234377,889320.792923925,703947.828177589,667811.907886672
FT2808,697.391590020822,697.361286181361,697.421690387252,2464.93895331463,2443.24904004906,2467.48963123118,4,1,0,2,1,418079.958088732,0,0,0,0,0,475986.5951914,216829.843537906
FT2809,697.451026313758,697.45083603307,697.454501674307,2233.95468344087,2188.63173548684,2234.51949862998,3,1,0,1,1,6579307.34156259,197442.112236914,872964.733878982,336335.353642699,95575.0946851725,371474.903333577,589055.236672942,804382.189729098
FT2810,697.450378324966,697.450214728067,697.450541921864,2144.15572952236,2131.29415912585,2157.01729991886,2,1,0,0,1,9534601.36499996,0,20097.4873674741,0,0,0,0,0
FT2811,697.542380934879,697.542380934879,697.542380934879,3002.99643045688,3002.99643045688,3002.99643045688,1,1,0,0,1,439783.40696149,1284.98853970046,35011.662852717,7616.99671756003,1442.33352893321,5354.86473862765,0,24262.4558090564
FT2812,698.208780816337,698.208619006512,698.209029415778,109.32809238494,108.058419335504,113.217235545996,4,0,1,3,1,15164.8035980378,374141.934146676,119135.30224469,142394.198777332,213729.952619922,119076.564336145,208995.170339774,99655.0208417967
FT2813,698.188264152951,698.166509963775,698.28862948185,984.524752513583,889.470878539069,1029.77675831534,6,1,0,1,1,131151.487165406,0,5598.82682024315,0,0,2700992.31833383,0,7543.73006224618
FT2814,698.166565263197,698.166415360187,698.173664101404,1107.78606090488,1085.08265527926,1172.80238288979,3,1,0,1,1,625706.75685974,6055.8621638103,5455.29726923056,17831.8533274839,0,590651.628890728,0,0
FT2815,698.444084815501,698.424599414925,698.462520739848,2463.94257996455,2441.64072623779,2519.81864553474,12,0,1,5,1,0,123441.79315848,0,443195.145314634,2450363.66054762,2150194.04665665,1779969.90709293,966621.545117201
FT2816,698.433815088739,698.433739892809,698.433953830234,2752.02044898919,2718.02608480331,2753.88582182808,6,0,1,3,1,0,151630.251050721,91860.6605217059,148512.543715641,564460.511878012,292128.975797849,195813.652416281,237456.038072928
FT2817,698.458725121225,698.458393759068,698.458749202795,2188.63173548684,2157.01729991886,2233.95468344087,3,1,0,0,1,3833863.28109374,3235.42023661254,167024.352607388,14560.4050434201,0,19978.9146197949,94660.5452427087,106150.341657503
FT2818,698.436082050446,698.436082050446,698.436082050446,1544.37238276262,1544.37238276262,1544.37238276262,1,1,0,0,1,2165648.69833985,0,4808.45481510312,0,0,7160.51354797876,0,0
FT2819,699.157908986685,699.15785873071,699.15930797951,1239.96314390668,1178.80365892776,1243.77675183753,9,1,1,6,1,623291.932949829,17342711.9364258,4789934.69980957,4041252.63911762,6062016.26586132,4436741.99922221,2454169.19867467,3120601.639375
FT2820,699.163751925513,699.116698946253,699.221448740217,109.708481055411,107.394955787298,173.88676319891,13,1,1,5,1,842872.018782438,626527.117993977,604816.169942461,554966.735843647,114098.836486784,417969.570895898,1877468.73211607,287385.358191827
FT2821,699.168099538385,699.157938340377,699.226566442186,1013.32351175645,950.327356708416,1085.08265527926,4,1,0,2,1,1145320.58623786,4213.03671863994,1243644.77195591,6923.96167839166,1373094.56564836,134822.606759678,8985.30031447269,5625.25451602368
FT2822,699.190196329684,699.179275875156,699.244230078534,1208.38336094656,1176.85151104232,1245.07091417971,7,1,0,3,1,781849.432699112,207851.039804483,757894.731341757,987021.518013096,1326896.34655705,5723206.95643319,1015208.45220515,1763168.8163324
FT2823,699.381861618902,699.381700630649,699.384794467858,2886.75096589168,2832.63399642386,2892.77672943999,6,1,0,3,1,4907000.22414809,76697.152823875,262878.86828125,116017.224671533,98947.9659838865,242101.829978881,160262.085543127,269002.206664478
FT2824,699.418269419022,699.418269419022,699.418269419022,2072.60501857983,2072.60501857983,2072.60501857983,1,1,0,0,1,165205.221254883,0,0,0,0,0,0,0
FT2825,699.378458711461,699.378458711461,699.378458711461,2457.49076990754,2457.49076990754,2457.49076990754,1,1,0,0,1,860720.201908486,0,2928.89305840451,0,1279.79776659215,5067.72286561229,7892.54245929448,9806.85096671407
FT2826,699.409966593428,699.409966593428,699.409966593428,2244.92111870202,2244.92111870202,2244.92111870202,1,1,0,0,1,100061.133980471,4755.5873355157,16200.9305960458,0,0,0,6253.43914254467,4990.27192789935
FT2827,699.425419546131,699.425419546131,699.425419546131,2364.09923550585,2364.09923550585,2364.09923550585,1,1,0,0,1,156274.156569605,0,0,0,0,0,0,0
FT2828,699.48516445092,699.48516445092,699.48516445092,3286.35639955282,3286.35639955282,3286.35639955282,1,1,0,0,1,931872.743962082,19110.5894712197,31130.8762171076,10193.4316698813,22142.748401112,17284.0218353383,14057.8567952267,21121.5146657809
FT2829,699.429174939797,699.425631557719,699.429304799118,2518.87526253377,2515.33064015727,2537.92083513042,4,1,0,3,1,248249.288408202,53242.5012723136,42910.8622849314,78146.2270996795,876634.00970021,265442.498626295,664633.9873011,345152.230109677
FT2830,699.4656618683,699.4656618683,699.4656618683,2230.34954493266,2230.34954493266,2230.34954493266,1,1,0,0,1,6037986.98923139,113342.977835382,794994.561280921,206688.521856037,76777.8742066338,286337.648337374,402497.161206009,432853.15653257
FT2831,700.161486320501,700.161443223524,700.162811643273,1241.07749389083,1236.90364870213,1241.89170419633,7,0,1,6,1,7947.07931405051,5836671.92624997,1653441.74872559,1472409.5161875,2119113.50516358,1613844.08003125,750872.95273137,1066200.53625
FT2832,700.262581981343,700.262581981343,700.262581981343,1826.97546771407,1826.97546771407,1826.97546771407,1,1,0,0,1,163328.925386284,0,6565.72834729264,0,0,0,0,0
FT2833,700.230162040856,700.230162040856,700.230162040856,950.327356708416,950.327356708416,950.327356708416,1,1,0,0,1,312064.691601237,0,0,0,0,43194.7390096235,5611.27646059359,6846.27351715751
FT2834,700.385310343742,700.385310343742,700.385310343742,2892.77672943999,2892.77672943999,2892.77672943999,1,1,0,0,1,1771137.96444838,21988.1813214094,98529.4403478003,33328.6203379953,25550.1191047614,88437.1628390568,51186.7032105884,97172.6288092689
FT2835,700.381466519401,700.381466519401,700.381466519401,2457.49076990754,2457.49076990754,2457.49076990754,1,1,0,0,1,198385.650096441,0,0,0,0,0,0,0
FT2836,700.474193865356,700.474193865356,700.474193865356,2230.34954493266,2230.34954493266,2230.34954493266,1,1,0,0,1,3273661.61697834,58740.2993035501,453465.791423013,112142.658769273,37704.5246157068,158626.778495679,236734.874076523,263952.626610667
FT2837,700.610691172843,700.476373403987,700.610741424302,2936.31485315832,2898.68382864056,2986.21105817265,5,1,0,1,1,914194.247183962,0,92689.9776107809,165269.780581527,0,859817.626528812,224604.785695755,117130.246476165
FT2838,700.610878655547,700.501557086789,700.610986394368,3060.53511172984,3017.56166271889,3072.98623571633,4,1,0,1,1,299624.188754879,0,207872.371589473,325735.403498317,4147.99198342448,1082306.39057735,446946.883062231,275524.385558445
FT2839,700.71368633881,700.71368633881,700.71368633881,64.872470984916,64.872470984916,64.872470984916,1,1,0,0,1,1645903.63538472,10474.7466381995,301339.847398635,334234.270957051,17826.8130571009,72059.6592129042,26853.2067595858,49783.7944415855
FT2840,701.166200517358,701.165262082004,701.167239047186,887.047265684267,841.992281702665,947.347085689164,8,0,1,1,1,10820.0907840425,1342520.25426162,17686.0558580711,10191.3164640456,6343989.01612203,33367.7142394363,14999.9296290336,45478.6155721377
FT2841,701.168684421863,701.165525831441,701.170245417152,1014.76758116175,963.613520577556,1082.38943979244,9,0,1,4,1,12704.0606923074,2842898.92979936,2417241.87115724,3310704.01532121,5305074.87131684,39840.884050174,55650.0230119091,1856481.26742643
FT2842,701.18610822974,701.185910840503,701.192431351149,120.754813277103,118.970930694436,206.790927564641,11,1,1,6,1,16865400.1553929,2600024.52178385,5143236.39022963,4027903.63059153,6725187.05651061,4824894.74487432,5618894.60971244,6080081.0355409
FT2843,701.174511780933,701.170505133566,701.176173621246,692.055351648145,656.916462509704,698.167940838467,3,0,1,2,1,525836.975770302,3370085.32764231,6087992.92757478,6795373.53815022,12764328.3046831,6686013.97605379,9468905.311645,7788893.01936024
FT2844,701.174734067198,701.174734067198,701.174734067198,1709.59625331039,1709.59625331039,1709.59625331039,1,1,0,0,1,4238497.08092265,56134.6350091564,47197.4097616251,43918.1509178427,98487.5253599676,67532.300436166,72695.1064129311,146542.288806036
FT2845,701.174119460047,701.174119460047,701.174119460047,1644.04600889066,1644.04600889066,1644.04600889066,1,1,0,0,1,3613415.18722163,114136.814772276,85598.9057287089,134387.072932165,120745.080057181,261513.558904614,130337.429813122,114140.437595412
FT2846,701.389263292938,701.304040064118,701.39084178472,2473.77145360826,2471.18207286986,2506.26922008531,11,0,1,6,1,90474.6204045831,493995.648197215,417586.340063077,523353.535323494,938822.670372596,506404.209573596,628244.180685092,596174.960991767
FT2847,701.194926500884,701.188508071513,701.19690557724,1020.64399212203,1018.2288081468,1109.52542560585,9,0,1,6,1,389065.345354307,1588153.16393355,3437092.24878417,5055379.87505139,6829439.63993834,4035369.87816017,5778728.4303646,6541978.49430821
FT2848,701.194932132085,701.190784540412,701.197761659883,952.967488482123,951.691281734057,957.323192849727,7,0,1,6,1,240460.439513438,648337.002205729,1730249.79538281,2900329.78907226,3390651.03361302,1849037.48037454,4466289.09570089,3635979.54917474
FT2849,701.388342247327,701.388342247327,701.388342247327,2892.77672943999,2892.77672943999,2892.77672943999,1,1,0,0,1,292245.030023049,0,12034.3987972931,0,2388.13433088175,8423.0862152572,12301.4233006536,12295.1812096778
FT2850,701.353058612604,701.353058612604,701.353058612604,2967.81068725419,2967.81068725419,2967.81068725419,1,1,0,0,1,257146.935795458,4422.88040509596,37223.1857751077,31069.2027958278,14424.7473284711,43954.9826014604,25986.9723653644,28808.1501937209
FT2851,701.426261759122,701.426242776059,701.426379220436,3299.02009139131,3297.59451584602,3300.12162012967,3,0,0,3,1,23379.6499224024,94581.4733175962,165758.72286693,203475.43086238,228226.861207767,251565.449424525,138962.837229075,469392.830681515
FT2852,701.485894901421,701.485894901421,701.485894901421,3067.00338120852,3067.00338120852,3067.00338120852,1,1,0,0,1,1749471.86733016,16759.9316309274,103661.393722521,66604.3884758668,34734.5557132429,65415.2292171647,75182.0351222374,98207.7758318119
FT2853,701.479989741625,701.479989741625,701.479989741625,2936.31485315832,2936.31485315832,2936.31485315832,1,1,0,0,1,392763.640820515,0,2336.21021980066,0,0,1615.94472879552,0,0
FT2854,702.196045688035,702.195644512255,702.215985089646,121.79367892587,118.970930694436,184.089135354801,10,1,0,5,1,4347646.17304241,262792.046555905,883515.679779687,838977.761616887,704090.147049799,1289225.22788281,1322980.4061303,1169446.81047103
FT2855,702.197960407313,702.176764506401,702.198785561878,1019.54163546136,953.383944608375,1102.45692508021,9,1,1,6,1,500191.256174317,902694.10808594,1002916.7868011,1387439.07792989,1892328.55404688,1222207.86787923,1763120.37560687,1722757.08003906
FT2856,702.177969492999,702.177969492999,702.177969492999,1710.74085228671,1710.74085228671,1710.74085228671,1,1,0,0,1,1555523.83965213,5802.84342636556,0,0,13331.8954046149,20024.7052725028,18647.4840831914,12796.7846107611
FT2857,702.178266086616,702.178266086616,702.178266086616,1644.04600889066,1644.04600889066,1644.04600889066,1,1,0,0,1,1294737.00387573,22463.7923293255,18758.7803213989,20930.2489909293,20922.3148406448,50737.6991781594,0,15014.5704938839
FT2858,702.252910105136,702.252910105136,702.252910105136,1430.95495831558,1430.95495831558,1430.95495831558,1,1,0,0,1,312921.535354815,0,12745.277823952,0,13109.9337574859,32035.4527359128,42942.661063018,0
FT2859,702.392626390447,702.392576348392,702.39273440395,2472.86162232809,2471.28920342836,2473.90620560657,4,0,1,3,1,23092.8159228988,104607.121718747,135199.38995858,139800.79084554,325594.538452148,153436.982104774,186530.646192908,184935.563744304
FT2860,702.489559497146,702.489559497146,702.489559497146,3065.87743582145,3065.87743582145,3065.87743582145,1,1,0,0,1,542449.545576166,0,28886.4714583224,12477.953870864,5934.49971770855,12108.0264136797,20668.0070393155,24693.1947393485
FT2861,702.605324867953,702.605324867953,702.605324867953,2971.72352501174,2971.72352501174,2971.72352501174,1,1,0,0,1,494653.309289073,0,0,0,0,0,0,0
FT2862,702.717487436626,702.717487436626,702.717487436626,145.006112024064,145.006112024064,145.006112024064,1,1,0,0,1,2214273.79512995,326800.329207421,255203.811652408,230992.26130787,160749.957231994,602590.739513766,656274.323422206,247487.797386872
FT2863,703.099056512538,703.098910513586,703.102958890446,1091.15761762771,1090.36165202078,1092.55313685093,7,1,1,5,1,1204393.91951465,1974466.3252832,1406095.17425081,700985.90625824,303166.805065431,439041.809376954,416324.25655376,223294.636236572
FT2864,703.152522154331,703.152456908829,703.152565512461,887.901993601224,851.604978291726,939.820362009234,3,0,1,0,1,343726.099533623,1280878.38710691,405888.083776106,361305.651094205,496601.659699181,440053.658654938,316668.444975709,310123.305710767
FT2865,703.191990195696,703.166430498703,703.218510552853,120.784312183159,109.319921846606,145.006112024064,13,1,1,6,1,5995217.4222115,1006156.82574184,2067677.8952926,2262113.55496615,3393384.76290669,2816929.00882919,3980544.87822833,7131854.38246181
FT2866,703.18518137603,703.180426264096,703.267636005918,1026.35663311595,958.62884490586,1109.52542560585,10,1,0,2,1,2602080.58734096,306473.812157074,333191.408756687,330332.331547906,1360370.56074076,3145855.1076322,490634.58491221,493934.997180279
FT2867,703.180390051511,703.179283905362,703.180743896284,901.068847669041,869.738956989851,905.519913249884,5,0,1,3,1,0,3210374.96235839,2661061.03829899,2573251.06297064,227114.614284916,2829714.0234081,161262.159892072,124672.968453057
FT2868,703.384000647745,703.384000647745,703.384000647745,2332.57470304789,2332.57470304789,2332.57470304789,1,1,0,0,1,200765.799623323,0,5764.50173304953,0,2302.1461492251,0,0,0
FT2869,703.428518691953,703.428518691953,703.428518691953,3065.87743582145,3065.87743582145,3065.87743582145,1,1,0,0,1,493869.301855291,2691.84499795336,27316.3506868423,18540.7654411231,28835.0420470883,32298.4438295605,18139.0312896534,27653.5202565038
FT2870,703.608655577605,703.608655577605,703.608655577605,2969.89570508271,2969.89570508271,2969.89570508271,1,1,0,0,1,229865.919945748,0,0,1979.9536675382,0,0,0,0
FT2871,703.590009331746,703.590009331746,703.590009331746,3088.4313819864,3088.4313819864,3088.4313819864,1,1,0,0,1,815895.212918046,7189.30378566438,44871.010811643,22074.8323522096,41559.364724776,58901.5532147105,14336.4920754497,34629.1412490205
FT2872,704.225132449366,704.102596558691,704.271134145449,1090.71765936623,985.833789550201,1109.52542560585,9,1,1,3,1,755396.833226319,640151.28145682,456168.423482664,192321.222499999,7126.70401637328,845345.734698481,7485.11003761109,7642.05248383153
FT2873,704.194152958106,704.192668340553,704.226441481414,121.164864456516,118.970930694436,128.242118291754,4,1,1,2,1,1294767.14275056,619838.653983398,519840.592494744,14847.9625563642,19044.0874924386,206566.81823261,46948.402708311,24946.3209280014
FT2874,704.177346458468,704.177132585719,704.265723711482,902.122943721647,883.57113098796,902.343098567397,3,1,1,1,1,176613.590842063,693605.549517857,539904.715019943,485783.967608867,546037.658837373,491563.622745529,488863.811914062,653348.561654804
FT2875,704.308103039731,704.308103039731,704.308103039731,1938.31713108223,1938.31713108223,1938.31713108223,1,1,0,0,1,205572.417491737,0,0,0,0,0,0,0
FT2876,704.301490444834,704.301490444834,704.301490444834,1779.28900962774,1779.28900962774,1779.28900962774,1,1,0,0,1,157289.787810872,0,0,0,0,0,6992.12192335997,6361.17001353279
FT2877,704.496467615937,704.496434137709,704.496787342523,3033.78700720087,3032.90356745868,3035.28942153385,6,0,0,6,1,253074.690269206,134611.80181174,632376.128398436,317319.909239783,259209.463685867,379837.473275429,326590.001485315,591591.084671982
FT2878,704.511665996588,704.511665996588,704.511665996588,2662.6380593274,2662.6380593274,2662.6380593274,1,1,0,0,1,326256.664708428,0,1699.57571224113,0,0,0,0,0
FT2879,704.911844002456,704.911844002456,704.911844002456,66.1488548941845,66.1488548941845,66.1488548941845,1,1,0,0,1,549116.570999368,0,0,0,0,10965.5078589125,22716.707484426,31567.0903360866
FT2880,705.168663209424,705.168540768126,705.168785650723,1423.03196209479,1405.02648238736,1441.03744180223,2,1,0,0,1,1794694.55340074,118349.132595894,98103.6984614974,104566.993104135,112849.477959721,114524.210735962,98748.7283691552,163069.078318254
FT2881,705.168823276327,705.168722124771,705.168924427884,1176.98190048914,1158.85024214941,1195.11355882887,2,1,0,0,1,2689050.44772879,432723.991427955,234824.176028195,516834.806427373,352987.868110842,371203.721524452,426123.326306856,509608.801081665
FT2882,705.168845071377,705.168845071377,705.168845071377,857.400590069219,857.400590069219,857.400590069219,1,1,0,0,1,705240.302028378,550076.995470352,330893.253223007,354397.50145984,395569.227134427,345544.247332226,329430.252447949,302623.775640454
FT2883,705.189625929052,705.18959726482,705.189647343351,574.680029933583,536.782807611174,576.681467250764,4,0,1,2,1,19349.2978291195,1137913.84961637,1232292.30776345,775119.343620221,756760.074360217,675120.383358725,865141.08504099,675000.58199069
FT2884,705.2051150569,705.19639370221,705.210802026776,115.175200724194,114.246075137765,143.17964176592,3,1,0,2,1,1922390.32815618,17314.4629359411,11680.3082972239,827867.030437216,23209.8464733086,28073.7914018111,14582.2384399892,1799955.75537604
FT2885,705.241511234084,705.241511234084,705.241511234084,1530.95660898281,1530.95660898281,1530.95660898281,1,1,0,0,1,187897.101349874,24370.199218908,11498.4185483001,33220.9017473854,18247.9234012288,40810.6786573818,40034.7965259575,73372.2792237164
FT2886,705.204595490949,705.204595490949,705.204595490949,1738.1428217229,1738.1428217229,1738.1428217229,1,1,0,0,1,99289.4921158845,11320.9376790468,6010.85453358693,18583.2072806996,39985.8931611307,9269.16134704604,14463.311463413,7538.29757214452
FT2887,705.210782566165,705.210782566165,705.210782566165,315.430669091217,315.430669091217,315.430669091217,1,0,1,0,1,48478.376056844,774156.152449219,416827.548095352,717643.665603069,802181.378534897,721187.24753068,796945.742475534,886252.934283714
FT2888,705.29886917544,705.29851415895,705.299094882883,2279.37578598954,2278.0839591802,2280.95855692995,8,1,1,6,1,247489.45530562,694072.017167735,657890.937095845,1024032.77225585,1445287.8061865,1230614.50789961,1283199.13947455,1836834.69117744
FT2889,705.411239613041,705.410975868902,705.411421925913,2889.95600499835,2886.94055149027,2891.88287621014,7,1,0,6,1,166667.004831073,45348.0410425079,329763.46482497,390328.805418421,437648.860500936,631698.210629182,683051.538546045,941388.165966631
FT2890,705.376104235681,705.376029732402,705.37622137189,2503.56942949098,2502.93357738738,2505.19118610978,6,0,0,6,1,23668.6087658478,152130.56171746,222335.76387787,334622.398070775,444620.6162315,226644.614518229,416949.841395056,516816.562112568
FT2891,705.226105279733,705.226105279733,705.226105279733,903.443018921406,903.443018921406,903.443018921406,1,1,0,0,1,405508.869169312,0,0,6378.61972015376,36214.355512444,117705.495270665,37386.0357058881,18913.115779292
FT2892,705.459520438347,705.459520438347,705.459520438347,2157.01729991886,2157.01729991886,2157.01729991886,1,1,0,0,1,6744715.44301755,0,27123.3983321157,0,32777.3042774915,3960.61111949175,4316.74548248287,15677.2801358641
FT2893,705.697593817805,705.697593817805,705.697593817805,143.17964176592,143.17964176592,143.17964176592,1,1,0,0,1,810625.64044828,0,0,0,0,0,0,0
FT2894,706.281819769854,706.281819769854,706.281819769854,783.0381158547,783.0381158547,783.0381158547,1,1,0,0,1,347791.645283352,0,0,0,0,0,10619.9711197905,4642.26512715901
FT2895,706.172132300893,706.172132300893,706.172132300893,1161.66488549302,1161.66488549302,1161.66488549302,1,1,0,0,1,742629.444682619,96399.5270157686,57694.0223041929,117811.927642227,56202.9644585965,52670.6401025819,89498.3851845752,171617.4831765
FT2896,706.302399873437,706.302303400627,706.407960278842,2279.44553299304,2278.0839591802,2284.50331879322,7,0,1,5,1,65317.7045121676,203861.911042969,206331.61708233,305860.926681623,785637.125640874,370278.738876062,336487.240891117,581507.643701168
FT2897,706.414828397466,706.41474055151,706.43316573733,2889.72146765245,2866.99662104394,2891.88287621014,3,1,0,2,1,793732.44234491,11694.8993491946,113939.369165548,129865.355519663,136010.937983531,177699.724690316,215213.062864588,298564.899081772
FT2898,706.463196294216,706.463196294216,706.463196294216,2157.01729991886,2157.01729991886,2157.01729991886,1,1,0,0,1,2600996.81682044,0,0,0,0,0,0,0
FT2899,706.804536246751,706.804536246751,706.804536246751,64.872470984916,64.872470984916,64.872470984916,1,1,0,0,1,298752.679457334,0,4741.81040569735,0,0,6045.7716237942,17194.4522863985,0
FT2900,707.184010959996,707.175521228633,707.205138970229,892.926747182416,802.35181204869,893.398845928087,5,1,1,2,1,31557201.635827,14295275.8520812,1303908.2394148,208927.38923534,135474.970491787,506879.92697406,208107.481907695,239322.826236901
FT2901,707.226253300144,707.226173522903,707.226336635738,140.743693247354,126.535297995497,189.788808681961,5,0,1,1,1,124718.818160741,1109660.62404068,721549.761570164,891853.221300905,1270787.41688509,1497896.62246702,1302233.13072626,1423456.42855311
FT2902,707.184056503533,707.184056503533,707.184056503533,992.355581821632,992.355581821632,992.355581821632,1,1,0,0,1,391906.650433594,71083.2794212562,59652.5963007937,65317.2810705303,104187.20063529,100334.728828979,75941.9972775852,71936.6624843259
FT2903,707.352062905564,707.351033757144,707.357730691562,2182.70052249371,2181.33780965887,2182.88883722563,3,1,0,2,1,4919370.45047546,43856.4947342782,267435.503077989,109900.55347208,96019.2282485086,263772.356226616,580519.180729711,545413.852201739
FT2904,707.38131804506,707.35124557097,707.411390519149,2273.91563438652,2263.32794997982,2284.50331879322,2,1,0,1,1,2459656.43741455,0,0,0,116271.845842634,1497.26737081646,1790.35486483951,0
FT2905,707.475295332279,707.475295332279,707.475295332279,2448.30601762737,2448.30601762737,2448.30601762737,1,1,0,0,1,790765.636743166,0,37145.0101024829,0,8731.3773552694,3245.1402995834,0,0
FT2906,707.47558797609,707.47558797609,707.47558797609,2382.18101522812,2382.18101522812,2382.18101522812,1,1,0,0,1,655490.453957731,0,42724.1954015897,5194.64434876361,9561.93984830071,35510.6682634859,42075.5388420109,16003.3621681249
FT2907,707.436467528257,707.436467528257,707.436467528257,2866.99662104394,2866.99662104394,2866.99662104394,1,1,0,0,1,209356.875284832,0,0,0,0,0,0,0
FT2908,708.187302127,708.187270738134,708.187333515867,890.650419764655,887.901993601224,893.398845928087,2,1,1,0,1,10583730.2632701,4727090.99750976,11370.349821105,47332.5977826002,18160.1052006785,115160.9574195,58562.3162941082,49638.0963525332
FT2909,708.354640230695,708.354640230695,708.354640230695,2182.88883722563,2182.88883722563,2182.88883722563,1,1,0,0,1,1452021.01728553,9892.15184430993,78424.3891119219,37947.2336689968,25917.8899057039,71727.0852753264,168052.185815304,152822.919679712
FT2910,708.491424496365,708.491424496365,708.491424496365,2894.87814834333,2894.87814834333,2894.87814834333,1,1,0,0,1,338689.624643999,0,2904.50445067088,2627.3320094382,0,0,0,0
FT2911,708.478378492116,708.478378492116,708.478378492116,3064.05732122072,3064.05732122072,3064.05732122072,1,1,0,0,1,193912.218169467,2800.51260341754,19114.4254585026,13838.7852807674,3791.47545529283,22288.9789643332,3626.4377944414,6263.02410835142
FT2912,709.125588903242,709.124295470984,709.125768628572,52.790384521068,50.9428206292685,53.2974331905768,5,0,0,5,1,99330.0153946043,868536.885908134,825220.594473244,1026042.84670991,1318605.72951793,1060163.97935381,1474265.9994125,1348908.65677266
FT2913,709.116498556038,709.116341090928,709.116660630116,1091.46865978744,1090.90180816807,1092.55313685093,4,0,1,3,1,335000.80150936,1097147.20306461,630195.716923306,308371.778018329,103181.744105559,113137.996508789,120050.984951511,59113.4211873789
FT2914,709.127240755394,709.127240755394,709.127240755394,1447.40373291969,1447.40373291969,1447.40373291969,1,1,0,0,1,464917.561231807,0,0,0,0,5335.12471983201,0,0
FT2915,709.241996361978,709.205563508202,709.24203998557,158.248743951079,119.497184338397,159.746206848042,5,1,0,4,1,246935.452043774,102574.035427035,282885.768567689,238810.02190442,460650.350414469,138847.387988342,1190500.78509627,953578.217817441
FT2916,709.194288120541,709.190569100006,709.200106569617,893.398845928087,889.726399442457,920.976137939203,3,1,1,0,1,1703028.38974146,782380.045054931,4653.99624151908,4558.32902640246,0,0,14509.0355268022,11124.4095731896
FT2917,709.19142194542,709.14223428995,709.240609600889,1639.80607628957,1617.23045586634,1662.38169671281,2,0,1,1,1,0,1215019.03331909,5429.72549778284,0,0,310922.984162364,0,5311.51330833419
FT2918,709.41576947798,709.41576947798,709.41576947798,1819.20332922187,1819.20332922187,1819.20332922187,1,1,0,0,1,1418510.15591196,11896.899615585,168231.353178609,15768.7871419765,0,19902.4312775701,48519.3522631437,135889.954155085
FT2919,709.417633030792,709.417633030792,709.417633030792,2985.0771893212,2985.0771893212,2985.0771893212,1,1,0,0,1,874656.165642285,1665.43412590593,26766.8944445924,5556.85592584162,2753.17825876018,19108.0542400901,9375.60644382773,19675.7867682341
FT2920,709.340415704901,709.340415704901,709.340415704901,2452.18989336254,2452.18989336254,2452.18989336254,1,1,0,0,1,1386950.98988607,0,0,2688.12658677031,3615.14221086827,1157.7808550863,4141.57119056007,19352.8186428279
FT2921,709.366415034429,709.366415034429,709.366415034429,2261.02152275164,2261.02152275164,2261.02152275164,1,1,0,0,1,106679.977777346,1972.05561221831,51882.7585609234,45507.9911455628,34423.2880978072,47036.140827979,44645.6413468178,25011.6840195151
FT2922,709.459606905456,709.459507406465,709.459675243695,52.5735176825378,51.360400207882,52.9033059642269,4,0,0,4,1,95405.5126477612,726282.007231068,465647.455087997,836018.68559396,987199.159238208,644777.031572791,801251.435416051,889138.593754872
FT2923,709.505722660842,709.505722660842,709.505722660842,2839.71235315636,2839.71235315636,2839.71235315636,1,1,0,0,1,135143.25095866,0,0,0,0,0,0,0
FT2924,709.589077626499,709.578484897422,709.599670355576,3046.24752567474,3043.61261960379,3048.88243174569,2,1,0,0,1,466300.825052959,0,844.917236656194,0,0,0,0,1985.69767685915
FT2925,709.490568897703,709.490568897703,709.490568897703,2499.23876631563,2499.23876631563,2499.23876631563,1,1,0,0,1,159840.424410805,0,0,2845.05542405718,0,0,0,3405.42102198663
FT2926,710.145694738401,710.145694738401,710.145694738401,1615.91614769502,1615.91614769502,1615.91614769502,1,0,1,0,1,0,359809.026541574,92977.7628686113,125018.541328543,118481.856228382,58113.0567203446,38523.4086950083,43545.3873302799
FT2927,710.119983349924,710.119983349924,710.119983349924,1091.77970194718,1091.77970194718,1091.77970194718,1,0,1,0,1,144786.285499508,294676.41764209,246047.652886539,107306.64874882,33285.9498680791,13354.7920167841,31138.2324813049,7501.45059212593
FT2928,710.192143602849,710.192143602849,710.192143602849,890.731083574926,890.731083574926,890.731083574926,1,1,0,0,1,211007.130349121,111229.840471793,0,0,0,6195.67550327599,0,0
FT2929,710.35334153679,710.35334153679,710.35334153679,1117.02249336941,1117.02249336941,1117.02249336941,1,1,0,0,1,128257.922191406,0,0,0,0,0,5924.58181629202,0
FT2930,710.419265173504,710.419265173504,710.419265173504,1821.44732856267,1821.44732856267,1821.44732856267,1,1,0,0,1,437653.984052735,4372.08858848955,47574.2894348265,0,0,0,0,31242.4563111128
FT2931,710.313066338245,710.313066338245,710.313066338245,661.446843260277,661.446843260277,661.446843260277,1,1,0,0,1,829930.83125427,0,0,0,0,0,0,0
FT2932,710.447495921186,710.421105856705,710.447790533002,3025.20994731113,2982.73069138213,3025.60461250929,5,1,0,4,1,282365.866292318,49032.7338004311,203954.125388458,144549.020243051,136426.634308857,201252.273844866,153464.90954041,146077.16916321
FT2933,710.436003156606,710.436003156606,710.436003156606,1341.69110389128,1341.69110389128,1341.69110389128,1,1,0,0,1,440467.222501396,0,0,0,0,0,0,5727.97298704076
FT2934,710.603049381803,710.603049381803,710.603049381803,3043.61261960379,3043.61261960379,3043.61261960379,1,1,0,0,1,120325.229465061,0,24306.9354668479,17314.9271091635,1850.33086970343,30835.8103426196,3414.67639632771,31053.4455817459
FT2935,710.88548823734,710.88548823734,710.88548823734,2977.55151165471,2977.55151165471,2977.55151165471,1,1,0,0,1,122738.689148438,2614.58171686535,0,0,3516.13043526193,0,0,0
FT2936,711.149532633845,711.143787212454,711.23689098992,1119.2748085214,1098.52808608713,1119.44718642825,3,1,1,1,1,1503648.25909262,1487337.95247705,6253.70702126503,7045.73679494214,8046.66724407178,315634.296101888,0,0
FT2937,711.22144242378,711.185318530843,711.221707260894,133.737781395784,109.322845671303,266.080667109633,18,1,1,6,1,16803153.8346635,7938438.53560783,6819680.05958958,7134400.61419475,9600877.85258073,10464935.2375156,13235517.0787099,15017684.5330322
FT2938,711.345960336078,711.337794174877,711.34616552729,2386.50083552365,2384.24414371662,2452.18989336254,7,1,0,6,1,334888.404195673,9036.51466898326,281613.529726411,212465.962968747,570538.69397321,747670.401059562,223856.609301761,261419.861609703
FT2939,711.40208990251,711.364122434747,711.402178727569,3028.97562538018,2985.0771893212,3070.28822763702,5,1,0,1,1,126189.060494996,40108.2658425785,145209.104361678,9423.18866440625,706477.463506942,299135.015589349,168818.557547869,307608.212150309
FT2940,711.297115228037,711.297115228037,711.297115228037,729.895249320129,729.895249320129,729.895249320129,1,1,0,0,1,744706.967961698,0,5126.94845368212,0,0,0,0,0
FT2941,711.401991791111,711.401991791111,711.401991791111,3597.87685281065,3597.87685281065,3597.87685281065,1,0,1,0,1,27363.2451011669,3720707.01939625,2473.71282040318,5642.8375827229,13390.6727263167,3712.91449784446,9532.93722559059,9915.03863540471
FT2942,711.439644426423,711.439644426423,711.439644426423,1343.56515430708,1343.56515430708,1343.56515430708,1,1,0,0,1,113474.49131836,0,0,0,0,0,0,0
FT2943,711.522013421277,711.522013421277,711.522013421277,2837.28036020368,2837.28036020368,2837.28036020368,1,1,0,0,1,138856.39098988,0,0,0,0,0,0,0
FT2944,711.90328772059,711.90328772059,711.90328772059,3597.87685281065,3597.87685281065,3597.87685281065,1,0,1,0,1,40470.42640038,3422053.0265625,0,2158.70629692523,5746.37044009829,3118.05561810135,3305.23626638272,4866.49095784745
FT2945,712.127214159151,712.126948293198,712.127564589016,56.5587232552457,52.4358932620187,136.850861885623,15,1,1,6,1,323889.384787056,2049340.22907043,1703093.52044254,1664369.88330365,2385770.83792438,3021934.18889844,2485420.54767387,2549488.16773594
FT2946,712.145775334114,712.145753303101,712.145797365127,1117.69931982099,1115.95145321373,1119.44718642825,2,1,1,0,1,327217.564901365,271971.323964844,0,0,0,0,0,0
FT2947,712.224483020726,712.224344537236,712.224675001404,121.03716566182,119.497184338397,124.538453940987,8,1,1,6,1,4405405.97869291,1879748.8664328,1539764.45024302,1706519.92973131,2341159.48194434,3166019.04737943,3246022.68074479,3714884.19999464
FT2948,712.404956787128,712.404956787128,712.404956787128,3597.87685281065,3597.87685281065,3597.87685281065,1,0,1,0,1,18393.5605754937,1005638.78924278,0,0,0,0,1043.85374095923,1029.35846274667
FT2949,712.629298695243,712.629164212626,712.629410528315,53.5898497994151,52.3566508440076,55.2975398983931,5,0,0,5,1,183278.224921782,1031591.21632039,972375.78714293,943140.873932852,1397675.76522962,1042467.90097605,1975999.78617758,1549409.21952979
FT2950,713.22604563613,713.225834271138,713.226310395433,121.325563866315,118.970930694436,124.538453940987,5,1,0,4,1,987332.228914138,201118.558954338,173344.304456499,262941.856222499,248264.959748604,488254.985452599,467479.002883413,504730.044563033
FT2951,713.171250307694,713.171250307694,713.171250307694,891.974914598985,891.974914598985,891.974914598985,1,0,1,0,1,0,694053.556070197,0,0,1502.16673226164,4582.36391067445,5015.05994870636,0
FT2952,713.230981999754,713.230981999754,713.230981999754,1183.4869017012,1183.4869017012,1183.4869017012,1,0,1,0,1,124018.984784013,732251.895774492,6457.57523585684,36488.5281205002,52383.9155079622,157651.813685102,8186.77891518138,36983.6133086453
FT2953,713.358644661435,713.35851417904,713.358945957473,2808.98488109968,2801.61052688476,2809.63075163694,6,0,1,5,1,79245.4246194317,1517919.74465238,336345.822163259,441310.036088173,542996.521905228,87171.6474697211,1156491.15289935,901387.129949623
FT2954,713.389110036529,713.389110036529,713.389110036529,3054.47849031293,3054.47849031293,3054.47849031293,1,1,0,0,1,194785.326545411,10425.4838771039,26232.8994268444,9711.53262526148,15730.3767323195,34014.7522345778,20900.7200925921,25762.1368580729
FT2955,713.404996930265,713.404996930265,713.404996930265,2951.887172275,2951.887172275,2951.887172275,1,1,0,0,1,857156.629033856,13999.4288977862,3607.10207273467,0,0,1469.1952393004,0,2621.03393632982
FT2956,713.620515567871,713.573543413251,713.667487722491,3077.6563162051,3060.32478513107,3094.98784727913,2,1,0,0,1,190266.615890065,0,0,0,0,0,0,0
FT2957,714.362585854631,714.362199574949,714.362677577399,2809.10951562426,2803.1796930717,2811.69051004472,3,0,1,2,1,21808.6321543111,518948.64409882,126201.466936691,170634.305076546,198900.219380611,28068.1722105725,422070.704683368,279783.253465577
FT2958,715.158879919549,715.158832722922,715.158892615413,263.694039666466,262.090570719114,264.846828790626,5,0,0,5,1,5036.37216479815,34174.3929626069,341016.030492782,432661.081398064,693541.412091309,342529.661506348,903910.793963379,1067295.32603949
FT2959,715.153072148695,715.152859220667,715.183388009939,1035.840101789,849.26541003471,1187.80769933174,21,0,1,3,1,146570.739630167,1662452.51724782,363051.617320682,1130074.80569391,1412767.42510061,341747.972178992,232391.63000158,659297.302242858
FT2960,715.40515450603,715.405015686463,715.405587561343,2503.25304395665,2502.06182287609,2505.19118610978,7,0,1,6,1,58100.0946960435,876275.680585936,789016.993242193,1136252.39252104,1677170.18210195,898216.865924876,1381644.10773762,1340100.55499266
FT2961,715.405118404907,715.404984104649,715.405552114477,2578.06945763752,2575.29338478065,2579.21677784423,7,0,1,6,1,72607.3067974768,515096.341826179,431625.572143555,587220.490902552,1163526.83504301,510512.406538534,902716.634671729,765825.027165154
FT2962,715.465921630706,715.465921630706,715.465921630706,2235.95625237808,2235.95625237808,2235.95625237808,1,1,0,0,1,1150644.99729858,35439.5739640141,188895.325130088,50271.4524886199,26601.0548597391,115883.30696925,108434.521378588,128572.988280078
FT2963,715.590260234672,715.590260234672,715.590260234672,3092.11201910467,3092.11201910467,3092.11201910467,1,1,0,0,1,994920.608332706,3526.76757754943,57387.2663616488,35852.8589806327,49554.1565374653,51064.1656039285,29001.1799554117,51302.6530970323
FT2964,716.408358162282,716.40829259936,716.4084633285,2578.24885497524,2576.86028023825,2579.21677784423,6,0,1,5,1,24226.9921314997,211546.873444075,119099.366276044,185169.440545041,286300.270964692,174924.616194664,254265.294832896,245221.400860352
FT2965,716.408440154898,716.408344585297,716.408883415978,2503.56942949098,2502.93357738738,2505.19118610978,6,0,0,6,1,4877.45114012588,283613.173101693,269184.697492678,397317.047500941,634573.787710241,305297.26072088,529929.402447981,527346.116507394
FT2966,716.436730726172,716.436581872058,716.437097393633,2284.50331879322,2277.07226995109,2290.39196807801,9,1,1,6,1,387974.820486886,866637.156738278,374561.494248046,1399279.01580378,13750003.8492461,3060856.05645381,6597000.58942309,5577163.6579359
FT2967,716.594836853138,716.594836853138,716.594836853138,3092.11201910467,3092.11201910467,3092.11201910467,1,1,0,0,1,465216.205866135,2901.73859911311,26252.9303491891,13068.4773560231,20135.1123328742,34093.9789204646,12173.4824349755,31477.176061203
FT2968,717.16291337356,717.161321119114,717.168503830809,932.375775805727,907.84283804913,986.188454518929,12,0,1,6,1,326384.422530222,6849049.32924879,3766346.73104011,5483605.05114904,3557803.6641978,2751497.75889941,3543386.25346094,5741047.32850975
FT2969,717.164959693821,717.160800832346,717.168229134751,760.872709870561,703.273072980059,794.530816781663,6,0,1,2,1,0,3175020.34583998,1241426.46761144,4681.78162979714,863007.140312887,2532.10651672039,0,1904.06802330771
FT2970,717.147283503296,717.147283503296,717.147283503296,1089.73362855498,1089.73362855498,1089.73362855498,1,0,1,0,1,22799.0315870232,285971.038535008,217597.184588384,123310.01060151,150552.814516419,148251.513618738,69765.5716069741,85304.4840660695
FT2971,717.407730476982,717.407730476982,717.407730476982,2892.77672943999,2892.77672943999,2892.77672943999,1,1,0,0,1,187713.368190105,8494.24478726938,37879.1375024614,17819.891222336,15271.5716821757,26134.9754570787,19565.3720152373,29997.4769895814
FT2972,717.295973359029,717.295973359029,717.295973359029,776.711064241707,776.711064241707,776.711064241707,1,1,0,0,1,829624.306900266,117544.77465453,132836.26371642,80273.1126282033,60462.5375617223,80412.5322263328,51871.8037538164,58389.0895394915
FT2973,717.364555145385,717.364555145385,717.364555145385,1341.69110389128,1341.69110389128,1341.69110389128,1,1,0,0,1,858993.89746745,0,0,0,0,0,0,0
FT2974,717.438751485976,717.41133822095,717.440149077937,2282.2002341242,2244.92111870202,2290.26329154989,8,1,1,5,1,247251.481417743,304860.54717831,162782.816004101,482678.618759156,5229520.08984991,1127058.5595575,2590550.35655189,2008470.84046038
FT2975,717.492154789734,717.492154789734,717.492154789734,2926.25036440076,2926.25036440076,2926.25036440076,1,1,0,0,1,2323023.32867037,1302.45263818923,65362.6974307258,15943.9129167645,1646.51432474196,13598.2483281096,5770.64477545421,23051.9650603804
FT2976,718.172128054776,718.172037022922,718.172171424331,931.429720873898,910.031303796794,934.237215328479,6,0,1,3,1,353994.825347314,3829006.01454468,1968325.39204874,1631269.60556702,1648970.32310647,1608398.24698476,885284.381527018,1824735.34796503
FT2977,718.368021722912,718.368021722912,718.368021722912,1341.69110389128,1341.69110389128,1341.69110389128,1,1,0,0,1,254728.409733072,0,0,0,0,0,0,0
FT2978,718.46917472428,718.46917472428,718.46917472428,3056.43582966171,3056.43582966171,3056.43582966171,1,1,0,0,1,488097.743257213,3613.2803036208,5627.64464996965,0,1712.51866996539,6457.84655833558,0,0
FT2979,718.495483697105,718.495483697105,718.495483697105,2926.25036440076,2926.25036440076,2926.25036440076,1,1,0,0,1,906025.161051305,0,21719.7864855814,0,1481.92418634231,2574.50325638675,0,7234.33534944516
FT2980,719.071872232282,719.071741486411,719.072068139659,1090.90180816807,1089.44191714182,1091.77970194718,7,1,1,5,1,1047444.48270787,1815390.45619663,1195477.76147461,679274.124606122,216351.249777561,355823.597923826,330751.50932526,196722.021004749
FT2981,719.193200934081,719.190349168027,719.19689690737,108.320769710986,86.2378072093844,170.76598188496,8,0,0,5,1,7084.07135428965,756520.293891756,1002521.17629897,1823566.16443603,2351659.06191426,6252801.7369212,1466651.93026062,2073424.56854729
FT2982,719.184351624467,719.181267011951,719.184442646422,857.025457225663,812.461834395863,881.605516455319,7,0,1,2,1,10403.4967469099,2504749.86697082,1576874.61054571,1130657.69778955,1536451.48585547,1142590.91628478,889352.499812222,996047.040553357
FT2983,719.184666336884,719.184666336884,719.184666336884,1330.02072684285,1330.02072684285,1330.02072684285,1,1,0,0,1,249497.726961498,41568.2054397083,62622.261420291,76292.5498098049,89625.8709896691,58631.9349547905,86364.9975014916,56496.9702112379
FT2984,719.314771548445,719.314650227189,719.405858932083,2354.98365507502,2353.12476403306,2448.30601762737,7,1,0,6,1,3306926.99959472,116990.317721211,126617.1759375,268086.555034526,367577.292925518,353084.614675804,270291.465902572,349129.759451294
FT2985,719.472896751706,719.472896751706,719.472896751706,3056.43582966171,3056.43582966171,3056.43582966171,1,1,0,0,1,186888.497383256,0,4880.82685782097,4072.94252738677,2374.44572688031,0,0,2045.08950903746
FT2986,720.075028236651,720.074870275273,720.13709837559,1091.34075505763,1088.58816328454,1098.52808608713,4,1,1,2,1,278521.99924121,506564.782451172,377227.892246703,209631.950765315,57751.1815644418,198425.946495916,96425.4208844149,54378.3880149736
FT2987,720.409153233771,720.409153233771,720.409153233771,2450.70010810749,2450.70010810749,2450.70010810749,1,1,0,0,1,1145053.11595041,0,0,0,0,0,0,5696.22430990417
FT2988,721.132868599927,721.132581569039,721.133039095185,93.2477667584616,68.6119296101901,145.671280730956,12,0,1,4,1,65189.6477729642,3969161.57716759,3577221.15910659,2716548.90650561,992686.179669077,2770389.55373419,1014790.44494233,4206355.95892415
FT2989,721.218465903257,721.071920758269,721.220923793705,1091.59539672979,1022.02348785858,1171.77182152878,11,0,1,5,1,8111.11929768702,450459.240310932,269179.525134279,171924.713847656,152156.306209851,347221.957467886,0,608612.179718521
FT2990,721.199941217066,721.199941217066,721.199941217066,898.972695928766,898.972695928766,898.972695928766,1,1,0,0,1,1481809.86679352,139213.282229712,17124.3112022429,13518.8050916424,59915.6536627378,60567.9452280069,61268.1731866722,30745.9975285447
FT2991,721.366281593475,721.366268891988,721.366595711956,2755.77584884291,2726.75969385106,2758.21375590432,5,1,0,3,1,4020941.0757578,135516.521649568,210101.328715046,258024.909498516,228078.24224121,178025.533806071,248116.677259413,273860.74223445
FT2992,721.262033667736,721.215116193709,721.308951141762,1933.3379403942,1903.6099649422,1963.06591584619,2,1,0,1,1,185800.984091256,0,0,0,0,0,0,706898.039910015
FT2993,721.412292606854,721.412292606854,721.412292606854,2448.30601762737,2448.30601762737,2448.30601762737,1,1,0,0,1,454703.118507384,4304.4579876292,7519.8376306595,8551.03051904462,6262.29953368324,1138.73125348387,835.387753877961,0
FT2994,721.423686269905,721.384896974285,721.462475565525,3104.31209648756,3096.08643560062,3112.53775737451,2,1,0,1,1,264756.265019533,0,126270.333000184,1568.45231888878,0,0,1653.59926379258,0
FT2995,721.454567669805,721.454567669805,721.454567669805,2070.80354853069,2070.80354853069,2070.80354853069,1,1,0,0,1,657475.799963372,33029.4173349836,42301.9843005283,11568.7876209271,50273.5847974253,53151.6864230573,46895.9278262377,27714.9311697344
FT2996,721.542173351686,721.542173351686,721.542173351686,2975.40167374927,2975.40167374927,2975.40167374927,1,1,0,0,1,639670.09909003,3710.73866106831,4209.75920891797,6380.95606192836,0,1823.91959060506,0,2233.60915242275
FT2997,721.578565122381,721.578565122381,721.578565122381,2975.40167374927,2975.40167374927,2975.40167374927,1,1,0,0,1,463844.996795413,0,2626.50471902806,0,0,0,0,0
FT2998,722.369674491467,722.369674491467,722.369674491467,2758.21375590432,2758.21375590432,2758.21375590432,1,1,0,0,1,1446021.50410156,43100.369726943,63132.1743722594,87477.6291744002,86117.671219354,57190.3585979567,84885.4989470343,121750.6218111
FT2999,722.581869256754,722.581869256754,722.581869256754,2975.40167374927,2975.40167374927,2975.40167374927,1,1,0,0,1,206014.704897219,1626.76886702809,0,0,0,0,0,0
FT3000,722.699463973083,722.699463973083,722.699463973083,63.5275686712354,63.5275686712354,63.5275686712354,1,1,0,0,1,744422.691588862,0,0,0,8445.77494462644,0,0,0
FT3001,723.188753246231,723.188596512266,723.188903434379,1712.39657406538,1711.14261330165,1712.57951690859,3,0,1,2,1,0,281292.916153565,145893.523243063,83253.1099645667,285069.094266153,682615.445121092,647798.156701167,112693.660259649
FT3002,723.215563844878,723.187223603134,723.221719841044,143.17964176592,113.217235545996,159.746206848042,3,1,0,2,1,631833.61048398,2047206.34088699,1373776.37836373,1805903.86007601,2573752.71935945,848580.095289698,2220717.43611916,2267482.71175512
FT3003,723.215720586262,723.215720586262,723.215720586262,1555.33476685256,1555.33476685256,1555.33476685256,1,1,0,0,1,102987.664306641,21090.1596351789,2579.44894093994,13916.1835016523,37265.7910654918,30997.7579400808,31274.7367253933,21531.8019334675
FT3004,723.382321297031,723.382321297031,723.382321297031,1604.04286925893,1604.04286925893,1604.04286925893,1,1,0,0,1,256690.380737845,0,0,0,0,0,0,0
FT3005,723.470379876923,723.470379876923,723.470379876923,2333.96251346547,2333.96251346547,2333.96251346547,1,1,0,0,1,966896.0610863,0,36699.0747101124,4123.46054219154,0,15757.8640063183,24633.4254863534,29891.3027304142
FT3006,725.096326456675,725.096326456675,725.096326456675,1205.90464804101,1205.90464804101,1205.90464804101,1,1,0,0,1,509228.325463427,0,0,0,0,0,0,0
FT3007,725.194638217853,725.090277422164,725.195100173449,1112.34788320183,1090.36165202078,1126.19817616689,3,1,1,1,1,371193.639249571,637510.797436525,73775.9446138687,116990.408243648,167245.855718655,763924.499240024,157084.822490472,105045.426123418
FT3008,725.379947955856,725.379512489128,725.380358086346,3034.91988944826,3026.58804292037,3037.96664633474,7,1,0,6,1,1771363.92913446,62243.8414015716,971211.279214395,445807.373863934,598771.914820211,1034265.07159895,415485.858582685,709177.255117977
FT3009,725.347592718285,725.32479674187,725.38957856981,1917.20329116893,1821.44732856267,1925.06653110792,8,1,0,3,1,2204541.97648366,0,218809.177865602,0,568084.101528318,663071.796418712,0,0
FT3010,725.286212372442,725.194531697195,725.377893047689,1367.87204792077,1341.69110389128,1394.05299195025,2,1,0,1,1,173151.882506974,0,0,0,0,656820.91864583,0,0
FT3011,725.398016139425,725.398016139425,725.398016139425,2923.59186989002,2923.59186989002,2923.59186989002,1,1,0,0,1,548588.975261528,26074.5519900805,97974.7598427694,63285.1628926643,48331.676155701,55848.3982657147,56230.5860406366,70238.9354411287
FT3012,725.61010204522,725.61010204522,725.61010204522,3098.08687320768,3098.08687320768,3098.08687320768,1,1,0,0,1,149908.252108397,0,2498.05368967157,0,0,2140.30174061942,1513.43837257607,0
FT3013,725.573436084333,725.573436084333,725.573436084333,2975.40167374927,2975.40167374927,2975.40167374927,1,1,0,0,1,2621447.97392581,0,3872.21429424428,0,0,0,0,0
FT3014,726.161928201191,726.161928201191,726.161928201191,1833.03760091413,1833.03760091413,1833.03760091413,1,1,0,0,1,265248.041134982,0,0,0,0,0,0,844.538007229877
FT3015,726.198318017885,726.198318017885,726.198318017885,1124.36885499989,1124.36885499989,1124.36885499989,1,0,1,0,1,17701.1710527499,104306.055043944,0,0,0,30273.5224435541,0,5404.6271714402
FT3016,726.383447759123,726.382962218203,726.383955133204,3034.91988944826,3026.58804292037,3039.12893782396,5,1,0,4,1,451511.945833404,16447.8973074205,265573.474960937,134428.605424803,118019.527221679,304666.364999998,129270.939857708,218453.840996531
FT3017,726.401696625041,726.401696625041,726.401696625041,2923.59186989002,2923.59186989002,2923.59186989002,1,1,0,0,1,183276.307953959,8892.38914315155,31738.3037277126,23169.0059370652,21379.134770999,17386.2084366006,19854.338198494,27003.1197484695
FT3018,726.57674355227,726.57674355227,726.57674355227,2975.40167374927,2975.40167374927,2975.40167374927,1,1,0,0,1,1257747.76324464,0,0,0,0,0,0,0
FT3019,727.174338341062,727.17427391183,727.231851599273,958.675052179,929.295688733873,1010.76332430672,8,0,0,6,1,34365.6124552718,228609.790425729,454799.676147363,664900.577432555,744017.35200789,3405197.65569523,1036639.10326819,1009184.68999501
FT3020,727.24598887164,727.174355495178,727.247139045589,1215.45922184789,1197.2816901793,1280.54062140048,4,1,0,1,1,103927.136922201,5402.90122094084,0,0,6657.37874302299,902439.707882398,0,14797.5724969921
FT3021,727.247200848236,727.17431104952,727.28358345489,1398.66690253341,1344.91578108274,1476.5477878505,5,1,0,1,1,192384.224258789,0,0,0,31706.5495275448,1082620.60060764,0,7903.6732820716
FT3022,727.341047352599,727.340860895591,727.341118406434,1939.63851118468,1937.02511456087,1940.54673931233,5,1,0,4,1,265977.140465198,7396.01745020463,316740.209176432,365532.150281767,871671.960802738,1302270.30193777,180250.949794922,287749.867362799
FT3023,727.400373502585,727.395871006913,727.404875998257,3011.85319301428,3009.905331905,3013.80105412356,2,1,0,1,1,944587.660934918,0,120747.041108398,0,1669.86463623063,901.019679116284,0,1235.45811705039
FT3024,727.513039302892,727.513039302892,727.513039302892,3130.98967533102,3130.98967533102,3130.98967533102,1,1,0,0,1,174914.825426684,11044.6263246198,65305.3135286396,27864.5001910022,15961.4778335815,27956.6977499113,16026.7867911068,17921.3275333935
FT3025,727.307882342116,727.307882342116,727.307882342116,1389.83468833408,1389.83468833408,1389.83468833408,1,1,0,0,1,153932.675000001,0,0,0,0,0,0,0
FT3026,727.580208873751,727.580208873751,727.580208873751,2975.40167374927,2975.40167374927,2975.40167374927,1,1,0,0,1,255831.088565064,0,0,0,0,0,0,0
FT3027,728.437505155579,728.43677009712,728.437525628206,2408.70152696464,2407.11867770807,2409.63596830679,4,0,0,4,1,140611.438280528,74448.1170361277,72530.3791114409,156198.889678147,1410163.91348354,325045.631218607,1146349.12969848,646655.272830238
FT3028,728.642726298135,728.642641706725,728.6428519909,3548.92136962866,3510.73359409172,3598.61228540592,9,0,0,3,1,1351.66798372489,4823.46738142604,930066.628187372,656621.735588238,890831.652174485,16262.3355092641,1692091.29333284,860989.788370435
FT3029,728.958163328639,728.958163328639,728.958163328639,70.0220095180855,70.0220095180855,70.0220095180855,1,1,0,0,1,895701.919773267,0,0,0,0,0,0,0
FT3030,729.168516011252,729.168460658018,729.262277269502,1150.6987383944,1070.47773792882,1175.73191793311,6,0,1,1,1,29423.6803254696,1303084.69638672,238911.086562678,207303.352847045,426300.16538406,260372.264604002,202780.131328759,224513.28242083
FT3031,729.168478193097,729.16628667433,729.168720827654,960.427866982924,887.901993601224,1030.89634044516,7,1,1,0,1,913618.467051481,1330733.19801382,253821.275823907,205495.941844817,205418.563083623,217236.182225578,235627.18901394,299026.480390593
FT3032,729.207686980116,729.153161920273,729.26221203996,1412.73614064397,1400.06497031982,1425.40731096813,2,1,0,1,1,593722.775760692,2155.88743470695,687.643248971982,10407.2289999614,0,955953.429557292,20051.050221659,14468.2630014183
FT3033,729.44025725956,729.439765039703,729.440388379264,2408.99634191421,2407.11867770807,2409.63596830679,3,0,0,3,1,45214.8877251282,27613.242311025,18214.8218860959,41064.9299202231,536303.712209638,120563.442324394,390866.380528263,209624.705986243
FT3034,729.528031403835,729.528031403835,729.528031403835,3162.40105243641,3162.40105243641,3162.40105243641,1,1,0,0,1,189827.061758791,9170.25388185455,32553.5048234724,15530.340580877,5198.33213447252,9514.61154627235,7326.27236412543,11695.7792360035
FT3035,729.480879665693,729.480879665693,729.480879665693,2144.37417994069,2144.37417994069,2144.37417994069,1,1,0,0,1,1904095.52760309,20571.1155467946,361429.438760146,68125.2115256534,0,67358.6602081198,102446.855133153,115244.850317214
FT3036,730.170204404084,730.170204404084,730.170204404084,889.726399442457,889.726399442457,889.726399442457,1,0,1,0,1,156069.906928505,143794.631239746,0,0,0,0,0,0
FT3037,730.200699774029,730.200699774029,730.200699774029,1209.65432949276,1209.65432949276,1209.65432949276,1,1,0,0,1,204529.92857178,0,0,10522.1661608007,0,0,0,0
FT3038,730.416294275182,730.416033323333,730.416358740612,2495.09894305129,2494.82997493442,2495.4484874935,3,0,0,3,1,18629.8946013594,40202.2908092861,12383.4885131188,55456.8644519631,483624.996728518,160347.121393111,357505.452390282,202777.394540041
FT3039,731.162196740278,731.162196740278,731.162196740278,1592.51189176559,1592.51189176559,1592.51189176559,1,1,0,0,1,288393.842592771,0,22548.7816939298,12452.9406849164,24904.1023016719,0,30868.1863820349,17433.1474889684
FT3040,731.184348167297,731.184177266139,731.184509202621,989.614132001256,927.837326789269,1019.17684460881,11,1,1,6,1,525086.376424254,12061954.1610208,7017988.10330781,7449879.84752713,6602209.84387501,6286599.30217187,6485711.67709092,7900301.96597503
FT3041,731.184215376182,731.184139180415,731.184446000338,745.373356966336,743.579316337884,748.184847651439,7,0,1,6,1,141028.641927997,3071947.70664843,1360228.25013684,1102507.75220058,1202032.31229091,1336944.25620703,1149414.14125406,1285103.27424989
FT3042,731.330915969714,731.330915969714,731.330915969714,2454.53684588435,2454.53684588435,2454.53684588435,1,1,0,0,1,1604733.51474784,9475.72038445969,17598.4871353683,5991.3763937431,20709.8675819277,31965.6497235834,42486.3130755434,36772.9992269859
FT3043,731.399111978984,731.399111978984,731.399111978984,2975.40167374927,2975.40167374927,2975.40167374927,1,1,0,0,1,1123303.16376519,0,3174.32260870637,0,0,1799.21945566923,0,0
FT3044,731.497048078317,731.496617304862,731.497478851771,2154.51178879414,2144.37417994069,2164.64939764758,2,1,0,0,1,2453073.3645539,7523.55848224604,293868.258143965,85169.1790253208,0,114664.731229742,94628.9598511671,98388.1040479208
FT3045,731.473078390276,731.473078390276,731.473078390276,2499.23876631563,2499.23876631563,2499.23876631563,1,1,0,0,1,150394.161305336,0,6028.36634025354,0,0,0,0,0
FT3046,731.90061085286,731.90061085286,731.90061085286,2975.40167374927,2975.40167374927,2975.40167374927,1,1,0,0,1,797338.577111825,0,0,0,1758.94612276704,0,0,0
FT3047,732.1872696404,732.187188372923,732.187384376154,989.614132001256,988.203268042618,991.769703977962,7,0,1,6,1,194925.833682396,4508153.31514697,2402544.78999219,1811183.82218061,2165371.38754565,2106189.19963368,2422240.05282435,2436137.538867
FT3048,732.187290936715,732.187132127326,732.187352707124,747.323898997748,743.579316337884,748.184847651439,4,0,1,3,1,28956.8619928248,1031892.40405469,389825.791555665,278709.214576985,401846.766809634,423973.164498593,379304.476805054,415160.032344229
FT3049,732.395077706171,732.33964474673,732.395676060066,2503.07076799932,2454.53684588435,2504.067573965,4,1,0,3,1,492029.753680494,93866.1796176094,126015.876812228,152183.267699528,196602.783627726,118015.449281898,181601.079570565,136077.326606888
FT3050,733.163680773959,733.16362524352,733.163723044179,773.201870170826,760.09878755293,802.029223594682,3,0,1,0,1,153471.88713778,460489.790175,242488.42153321,193824.346600026,209710.28547955,248351.139479695,152541.882586487,162879.132308188
FT3051,733.163835148742,733.163709270727,733.163885805495,913.73201811801,887.901993601224,943.456575246042,3,0,1,0,1,335068.189252191,766087.796249022,533201.614555345,445114.156412089,499484.864791985,500764.321108718,383087.01569365,405722.989432769
FT3052,733.1788492223,733.17881986551,733.178970870382,1086.7605176395,1085.47135351087,1089.83460320345,5,0,0,5,1,104723.182967845,284171.099696303,351366.012174481,581027.747624634,661510.075703125,442055.579348403,320374.437486978,526756.210039065
FT3053,733.221113170122,733.221113170122,733.221113170122,1437.01780405068,1437.01780405068,1437.01780405068,1,0,1,0,1,0,1495700.23493303,133531.504658909,345281.258644276,217472.490935546,332863.385695178,166804.500553226,345382.935916038
FT3054,733.200141634372,733.200141634372,733.200141634372,1923.97354892335,1923.97354892335,1923.97354892335,1,1,0,0,1,292279.712769887,0,0,0,0,0,5894.22088566944,33837.3740463541
FT3055,733.190873518095,733.190830992845,733.195211410416,989.27391958285,988.313851211244,990.011401289073,4,0,1,3,1,6673.5980458081,763567.682239012,320780.370627442,239750.269429688,296508.404034872,314241.522255788,292649.834116791,336050.540704076
FT3056,733.476737732145,733.476737732145,733.476737732145,1341.69110389128,1341.69110389128,1341.69110389128,1,1,0,0,1,185945.239081054,0,0,0,0,0,0,0
FT3057,733.599602080224,733.599602080224,733.599602080224,3039.42307083599,3039.42307083599,3039.42307083599,1,1,0,0,1,279048.768145228,0,4036.44196510851,0,0,2403.51542479021,0,0
FT3058,733.578462532015,733.578462532015,733.578462532015,2977.55151165471,2977.55151165471,2977.55151165471,1,1,0,0,1,226369.508612917,0,24668.5951134558,3616.69614145804,0,13484.4825321801,0,7871.69272901072
FT3059,734.224787418993,734.224787418993,734.224787418993,1437.01780405068,1437.01780405068,1437.01780405068,1,0,1,0,1,0,412623.027492152,27855.910795916,123984.749001884,25869.7683421074,78820.3500581191,35686.4704750972,94227.3473907192
FT3060,734.237770818986,734.237770818986,734.237770818986,126.535297995497,126.535297995497,126.535297995497,1,0,1,0,1,0,212314.263422656,72568.8794031059,87710.2529555068,96428.3038779328,63604.8444950625,135994.585290667,83542.0010880626
FT3061,734.403272418018,734.403258286563,734.404023888831,2517.93187953279,2515.33064015727,2519.81864553474,3,0,0,3,1,67191.2858656191,9802.88179343005,15629.7153353496,41160.7112750689,552235.780525988,159340.377815702,462909.962951519,222194.6604526
FT3062,734.359498822821,734.359498822821,734.359498822821,2773.65295864581,2773.65295864581,2773.65295864581,1,1,0,0,1,188599.368640542,37245.0709286824,41158.6799706253,54365.7103669205,24571.7647857322,34524.9797024904,21528.9429441045,66897.7483795328
FT3063,734.60327882323,734.60327882323,734.60327882323,3039.42307083599,3039.42307083599,3039.42307083599,1,1,0,0,1,148564.761730958,0,0,0,0,0,0,0
FT3064,734.892465810123,734.892465810123,734.892465810123,72.7664092884219,72.7664092884219,72.7664092884219,1,1,0,0,1,217155.540629118,0,0,0,0,0,0,0
FT3065,735.140055420952,735.140055420952,735.140055420952,1482.3978162697,1482.3978162697,1482.3978162697,1,0,1,0,1,0,233825.990546262,7296.70991442859,0,0,0,6314.66452718926,0
FT3066,735.227580244476,735.224513215853,735.239514023505,609.414756008419,554.923991158399,626.98878404227,3,0,1,1,1,162664.718139133,642317.025303762,839546.457437455,1133585.53706266,1691614.81228509,1058997.50929972,1493098.92675759,1585028.04750449
FT3067,735.221041769231,735.221041769231,735.221041769231,123.169160099718,123.169160099718,123.169160099718,1,0,1,0,1,25381.2669190523,206251.826856467,220725.383274642,226226.884429963,385131.912761915,224045.142091808,415183.40847849,450301.88586786
FT3068,735.215377625964,735.215377625964,735.215377625964,1752.89463785709,1752.89463785709,1752.89463785709,1,1,0,0,1,329221.426054688,4158.01415582473,15176.4911923478,5363.29775031949,17166.4169331305,35121.9734467283,5172.37152749424,20157.6184018634
FT3069,735.216059075375,735.216059075375,735.216059075375,1654.03102149612,1654.03102149612,1654.03102149612,1,1,0,0,1,3347374.13280396,15146.502051104,28409.6987893407,38544.8987677571,42259.0853803686,40721.7154796381,29814.7957542767,60709.017361866
FT3070,735.306705200788,735.306642172958,735.306708693431,449.247823368624,447.520336562497,451.07399881993,3,0,1,2,1,864836.848947251,402458.614621686,793247.393537232,528495.652247465,470274.039423324,614959.806820154,488712.431585855,568223.031565408
FT3071,735.345677807737,735.34563387044,735.345721745033,2265.84987603843,2244.92111870202,2286.77863337484,2,1,0,0,1,858420.680984936,2961.01413080835,60247.7010019851,20409.4066302706,25421.6321288856,44468.5744345312,80941.0018669239,11259.0026225115
FT3072,735.400214305657,735.400214305657,735.400214305657,3039.42307083599,3039.42307083599,3039.42307083599,1,1,0,0,1,200598.77359375,9506.30250320658,1896.22656303104,2485.22541124289,0,0,4051.07355075188,0
FT3073,735.400730691089,735.400730691089,735.400730691089,2446.82800454632,2446.82800454632,2446.82800454632,1,1,0,0,1,329045.253768649,0,0,1402.56866537243,2495.69250110405,0,9434.69345752119,4884.41521073704
FT3074,735.302862367961,735.302862367961,735.302862367961,2027.43544008616,2027.43544008616,2027.43544008616,1,1,0,0,1,381926.017570084,9136.93023010851,14799.8962750157,0,4678.72733387163,5705.14906457577,12219.2675296234,17107.6557935421
FT3075,735.492995825838,735.492995825838,735.492995825838,1341.69110389128,1341.69110389128,1341.69110389128,1,1,0,0,1,144275.237881747,0,0,0,0,0,0,0
FT3076,735.576219582312,735.557964201178,735.594474963447,2973.5625993805,2971.72352501174,2975.40167374927,2,1,0,0,1,343529.729443363,0,0,0,0,0,0,0
FT3077,735.616684304922,735.616684304922,735.616684304922,3085.2633861569,3085.2633861569,3085.2633861569,1,1,0,0,1,1081213.97065576,9433.61130153276,32744.4234501517,17996.3452318558,7412.20495309478,15956.7755177109,9139.35062561967,24769.1928239281
FT3078,735.506791167759,735.506791167759,735.506791167759,2341.00359972151,2341.00359972151,2341.00359972151,1,1,0,0,1,136765.905840088,0,0,2884.57845121436,0,0,0,0
FT3079,736.219885579139,736.219885579139,736.219885579139,1654.03102149612,1654.03102149612,1654.03102149612,1,1,0,0,1,1237368.24975586,0,5617.55146735321,13804.3852757444,0,11513.4604964734,7975.48712279629,0
FT3080,736.348936297285,736.348936297285,736.348936297285,2286.77863337484,2286.77863337484,2286.77863337484,1,1,0,0,1,241930.944353695,5159.39462557179,52710.1844752919,7173.35377710932,4647.33265062963,13112.2843820081,47159.0618924055,17171.4327865207
FT3081,736.597599990472,736.597599990472,736.597599990472,2971.72352501174,2971.72352501174,2971.72352501174,1,1,0,0,1,174334.662780764,0,11233.0564295463,0,0,1654.95352423973,0,0
FT3082,737.216473504182,737.214062833907,737.246871569738,1100.83048372515,1091.77970194718,1217.77332430948,12,0,1,6,1,0,496779.959456882,352093.555777587,955864.704400811,553223.609791014,859756.429894211,700535.12451923,580476.24731836
FT3083,737.237467842808,737.237311598609,737.2375364515,775.207113956487,771.6416702603,776.251069925576,7,0,1,6,1,318068.247314558,621543.98256078,1895778.76669556,2041753.16779238,1070874.38480683,2602650.15427083,607939.904834558,615039.308110767
FT3084,737.168244914041,737.16811739106,737.222614677336,1676.70540157769,1654.03102149612,1678.99317208647,3,1,0,2,1,135310.71357422,94714.0427318788,75155.2196962379,23240.657868786,93903.7409999985,7252.16217534878,287020.63517578,26654.2095368141
FT3085,737.19555363653,737.19555363653,737.19555363653,896.931418278917,896.931418278917,896.931418278917,1,1,0,0,1,474752.448675481,104892.454201935,23699.8835428663,47951.3744008467,58522.0262165385,34895.7716492155,54352.6879400099,39960.021651863
FT3086,737.361862755165,737.361626917435,737.362181105285,2413.20374064151,2382.18101522812,2426.00845088232,8,1,0,3,1,6585608.50067459,98259.8942956717,1088917.57986675,276552.292499996,118460.031784725,751772.233366267,146048.29097198,212514.248762118
FT3087,737.41692958648,737.41692958648,737.41692958648,3118.38425288632,3118.38425288632,3118.38425288632,1,1,0,0,1,1126482.22825444,3068.89839159958,149980.304464431,59163.7212250804,23059.0730768085,51733.8920044071,45754.4365457335,66941.2058030269
FT3088,737.537169534156,737.537169534156,737.537169534156,2977.55151165471,2977.55151165471,2977.55151165471,1,1,0,0,1,470153.089829105,3590.97244052962,7388.56642914886,0,0,0,0,3263.43145236173
FT3089,737.637152448301,737.606538104084,737.667766792519,3132.98065008281,3109.80469628721,3156.15660387841,2,1,0,1,1,2412658.29576627,0,423289.612690335,0,0,0,0,0
FT3090,737.738512450157,737.738496922347,737.738643401276,773.201870170826,771.6416702603,777.055300407119,5,0,1,4,1,207847.472886377,299637.340019364,1117191.44960442,1181665.00471127,551572.004592926,1492879.89381248,339579.895877033,302997.094921709
FT3091,737.573603931132,737.573603931132,737.573603931132,2987.04085898408,2987.04085898408,2987.04085898408,1,1,0,0,1,1181422.83087547,0,3528.07878299206,0,0,0,0,0
FT3092,738.219290811255,738.219239223797,738.219342398713,1101.52089020819,1101.41584355909,1101.62593685728,2,0,1,1,1,0,142493.922701528,120213.517517462,205503.568425309,116237.999709022,152136.955444481,133609.219089356,134134.768579505
FT3093,738.364940861799,738.364940861799,738.364940861799,2423.06416918183,2423.06416918183,2423.06416918183,1,1,0,0,1,2382881.33896516,91327.9347115193,417893.076691377,203941.764845396,99794.8051516837,287170.827870331,129643.767435836,159652.483706425
FT3094,738.529364536144,738.518204259403,738.540524812885,2999.18337401458,2977.55151165471,3020.81523637444,2,1,0,0,1,447733.320625884,0,0,0,0,3587.41213125032,0,0
FT3095,738.564153289321,738.518007235527,738.610299343115,3141.76811298439,3127.37962209036,3156.15660387841,2,1,0,1,1,184434.022041667,0,142269.71881429,0,0,0,0,0
FT3096,738.577115948039,738.577115948039,738.577115948039,2987.04085898408,2987.04085898408,2987.04085898408,1,1,0,0,1,606388.512497401,0,0,0,0,0,0,0
FT3097,738.670766566857,738.670766566857,738.670766566857,63.5275686712354,63.5275686712354,63.5275686712354,1,1,0,0,1,587907.861245985,0,6788.33080121171,0,0,0,11206.7851521006,0
FT3098,738.671439261656,738.671439261656,738.671439261656,3109.80469628721,3109.80469628721,3109.80469628721,1,1,0,0,1,1062881.8807544,9764.10888259815,27910.2742511924,4309.30404233332,2219.43959778764,6545.95807972066,9576.36931445211,26383.1397015739
FT3099,739.154085392988,739.154085392988,739.154085392988,1540.48587367708,1540.48587367708,1540.48587367708,1,0,1,0,1,476374.945561582,574811.42894337,209762.547015445,168393.56742262,184365.385699115,163533.965750514,114737.607201477,109873.66863514
FT3100,739.153639974696,739.153639974696,739.153639974696,1302.37030119124,1302.37030119124,1302.37030119124,1,1,0,0,1,2586954.88838397,166686.450572091,93881.5220244482,70382.807357194,88194.535008449,71763.5656476721,106059.019923864,38099.3989137532
FT3101,739.21072109015,739.210301087223,739.236739214104,1097.13418735019,1086.51563721207,1143.88779873899,4,1,1,1,1,998088.220677082,871430.642148437,84376.6198570065,123272.693140104,144405.705276488,396496.226909182,114872.962331407,93711.6117883195
FT3102,739.252426000399,739.252379438182,739.252458274676,155.438405602058,155.299431878404,156.044234293197,3,0,0,3,1,0,58092.8010458298,178420.324551694,130670.497851327,243973.17284056,116492.250074694,646638.316777929,664181.909224447
FT3103,739.210067226925,739.210067226925,739.210067226925,1632.061501304,1632.061501304,1632.061501304,1,1,0,0,1,301554.479433596,3887.59448421874,13220.6617221173,0,20023.4934015371,36156.8546754046,19580.61650519,7371.30047334369
FT3104,739.341164488793,739.34050762667,739.341694026209,2036.36484385429,2032.79254638544,2038.17974179555,7,1,0,6,1,1231576.28542114,44108.8080433585,1635472.12626561,1704603.71956055,3802552.09763534,4795055.07028231,885358.730245534,1409219.04580529
FT3105,739.390536741654,739.367761191206,739.413312292102,2447.74351558735,2425.32373610676,2470.16329506795,2,1,0,0,1,284798.073410156,0,0,0,0,0,0,3767.47977710193
FT3106,739.424588499388,739.424588499388,739.424588499388,3014.855948268,3014.855948268,3014.855948268,1,1,0,0,1,646305.097301287,4088.61054680151,24956.7824202886,20480.908640043,0,7042.10430582422,9717.69209976997,23532.9352051376
FT3107,739.745949479533,739.745949479533,739.745949479533,145.006112024064,145.006112024064,145.006112024064,1,1,0,0,1,186743.756747654,0,3754.08894668211,0,0,2568.38368666299,17241.7521235603,6913.250231717
FT3108,739.678821001171,739.678821001171,739.678821001171,3107.76171372841,3107.76171372841,3107.76171372841,1,1,0,0,1,4750635.6044031,1480.347094217,0,0,0,0,0,0
FT3109,740.156490577762,740.156490577762,740.156490577762,1540.48587367708,1540.48587367708,1540.48587367708,1,0,1,0,1,89567.4057495715,112113.784969618,42366.9481096965,33502.0095092157,41697.0118883793,41379.0156625141,8157.00207057959,12160.5223372472
FT3110,740.156732711374,740.156732711374,740.156732711374,1302.37030119124,1302.37030119124,1302.37030119124,1,1,0,0,1,854297.087536972,35926.4878428936,13270.2890697983,7073.14169842199,10971.5789457903,25257.2866988779,13698.7052765205,7530.91385150112
FT3111,740.345596131734,740.34443541372,740.346200278384,2036.08049811199,2034.30230679264,2038.17974179555,6,0,0,6,1,377033.175100571,0,565527.344645341,518614.235121458,1203989.36097011,1544311.92832982,273782.097182992,447806.304168702
FT3112,740.432115857413,740.432115857413,740.432115857413,3014.855948268,3014.855948268,3014.855948268,1,1,0,0,1,223274.020452973,0,7212.24095798871,0,0,2157.55562683884,0,8979.93956877807
FT3113,740.425713925112,740.425713925112,740.425713925112,1353.57841796862,1353.57841796862,1353.57841796862,1,1,0,0,1,577975.06415192,0,0,0,0,0,0,0
FT3114,740.686467925446,740.686467925446,740.686467925446,3107.76171372841,3107.76171372841,3107.76171372841,1,1,0,0,1,2168649.34758399,23445.5575247043,98299.4262510314,37516.7302835012,3283.29969685902,36647.2152222302,17246.8773428852,47408.1635233129
FT3115,741.168704590465,741.168534663127,741.169731153686,1266.67587606624,1204.24005922949,1268.64436199703,8,1,1,6,1,6959413.23406655,4061857.03734378,1588751.40395386,1563038.49427379,1510184.86560081,1375611.43563282,1141387.76402442,1185377.82872934
FT3116,741.16857298485,741.053650976014,741.247279975499,1083.84013442985,1053.82117167792,1120.25036914673,9,0,1,5,1,309433.429595392,2298427.12617244,1394742.23204102,1179581.85900792,1031603.39064164,1298009.42050456,597903.424623129,673587.540889646
FT3117,741.21561722266,741.168565141168,741.262669304152,1426.03269490884,1425.40731096813,1426.65807884955,2,0,1,1,1,0,2048054.83240235,0,0,0,983975.4471031,0,0
FT3118,741.232030915437,741.231951221372,741.232110609503,116.274220998733,113.051257659069,119.497184338397,2,1,1,0,1,275836.895187807,789019.648136975,505857.991701207,612205.701239466,678712.522177602,684773.151705355,697932.034521976,645614.594379571
FT3119,741.411915387037,741.384986246601,741.411980331092,3060.91746104886,3054.47849031293,3072.83295964872,9,1,0,6,1,1919957.18877766,47632.7402993235,638372.488596656,296285.82316382,204721.879000151,429752.746005857,329509.149649171,547787.652309635
FT3120,741.320303675513,741.320217045131,741.322205589361,1913.04365846261,1908.81652526197,1916.92524001969,6,0,0,6,1,502419.19066234,65025.0392861294,342758.344114987,206886.477258113,1414162.7902553,1930427.29379507,165083.9866333,239099.125915529
FT3121,741.388019349354,741.388019349354,741.388019349354,2448.30601762737,2448.30601762737,2448.30601762737,1,1,0,0,1,629589.696729497,10184.2398345579,35577.4978319568,49108.5297686448,43433.7626997562,32768.0142230635,19080.1791424999,15948.0557307643
FT3122,741.411603330703,741.411603330703,741.411603330703,2243.31374969751,2243.31374969751,2243.31374969751,1,1,0,0,1,396859.429168298,31338.382791597,91247.768175649,45167.7494664944,20142.8136047696,42281.3315809504,44963.2557066672,70834.3675434468
FT3123,741.605383034859,741.605383034859,741.605383034859,3099.58594412973,3099.58594412973,3099.58594412973,1,1,0,0,1,1483163.89109057,2770.02739463607,38339.8913390479,14612.3030288053,15128.2327587442,11431.406269284,3624.70720797789,22832.5442287882
FT3124,741.429280847762,741.429280847762,741.429280847762,1353.57841796862,1353.57841796862,1353.57841796862,1,1,0,0,1,198477.249737026,0,0,0,0,0,0,0
FT3125,741.444474526927,741.444474526927,741.444474526927,3004.94954744062,3004.94954744062,3004.94954744062,1,1,0,0,1,483278.35178257,3477.27635392805,44152.7519542599,18546.4784516381,5777.76619679664,12762.4494326573,18404.6466184515,27734.6428862516
FT3126,741.690202182799,741.690202182799,741.690202182799,3107.76171372841,3107.76171372841,3107.76171372841,1,1,0,0,1,454864.026624666,1767.38291081609,22858.5624695068,1503.17941533527,2108.84802806604,4387.76481035726,1832.99800040975,8675.2969010193
FT3127,742.218647803942,742.171770424066,742.265525183817,1426.03269490884,1425.40731096813,1426.65807884955,2,0,1,1,1,0,726425.379873047,0,0,0,233437.524272461,0,7949.89685063342
FT3128,742.171838115843,742.171838115843,742.171838115843,1267.10416194198,1267.10416194198,1267.10416194198,1,0,1,0,1,7490.01196037424,1482937.00265626,507767.494854333,435045.781130189,463403.10739507,404863.666439442,413309.05045881,409347.783446474
FT3129,742.172000061418,742.172000061418,742.172000061418,1201.26427381531,1201.26427381531,1201.26427381531,1,1,0,0,1,2542671.37739489,279062.595874052,234316.661770229,202103.668229109,134156.425010591,129316.122612066,89946.6758014275,72092.1783031633
FT3130,742.414370032894,742.387581904812,742.414560559419,3057.28704393399,3056.43582966171,3064.05732122072,3,1,0,1,1,517077.912656249,20781.0857884074,141542.281262429,89908.9460885277,70846.921559135,130940.750727835,95795.4648781757,143358.211890014
FT3131,742.415725476549,742.391070271133,742.415965125479,2488.61781209177,2448.30601762737,2497.75517807565,3,1,0,1,1,663956.771311644,161393.875238602,119728.70070056,215385.984774157,501692.454009047,428815.647646656,976044.676779637,727258.468738144
FT3132,742.608303427112,742.608303427112,742.608303427112,3099.58594412973,3099.58594412973,3099.58594412973,1,1,0,0,1,647820.615011987,1442.16854836927,20885.9021233012,3569.74491302638,3291.29042371136,4481.96434137698,0,6400.64291419187
FT3133,743.213455904674,743.207484374838,743.242541329089,1160.10797845356,994.686540126766,1203.4423637471,12,0,0,6,1,0,0,1079011.23024216,1566887.44385455,1361520.51938564,6203629.38959197,1946806.33113464,2286442.15444995
FT3134,743.257363143409,743.257326515791,743.41939756649,2460.74605958732,2460.39552869792,2488.61781209177,4,1,0,3,1,221701.348795571,140446.620340972,164929.833027902,203362.647150214,79547.46236305,79601.6128173465,366568.358996584,856382.597162345
FT3135,743.38898482649,743.38898482649,743.38898482649,1341.69110389128,1341.69110389128,1341.69110389128,1,1,0,0,1,187569.547892794,0,0,0,0,0,0,0
FT3136,743.436449043376,743.436210956904,743.436902009008,2651.18619583191,2650.59077411572,2720.88533579898,6,0,0,5,1,0,211195.075165797,135526.10708146,120544.41983817,520145.558424265,332490.253427731,269956.858569337,286415.104899089
FT3137,743.620804605593,743.620804605593,743.620804605593,3110.68414394332,3110.68414394332,3110.68414394332,1,1,0,0,1,297382.708804582,0,13960.7486674166,7294.7923183083,1328.37197887312,13544.8852290711,2499.38322178674,4197.25521510821
FT3138,744.208890234585,744.208858660088,744.245428393021,1186.49859285749,1186.21769141618,1203.4423637471,3,0,0,3,1,92790.9156347894,4123.84455017662,319463.65586604,374565.309181669,329361.850588932,565218.945272459,482203.922248658,540521.470781248
FT3139,744.245227751472,744.245227751472,744.245227751472,903.443018921406,903.443018921406,903.443018921406,1,1,0,0,1,169845.517195638,0,0,0,0,0,0,6134.72531533774
FT3140,744.432404945863,744.431784763143,744.469007324661,2514.33221251204,2441.67217712855,2518.1666853251,15,1,1,6,1,403036.988884628,510924.450480767,239881.751741659,1047840.85564731,11261651.5653313,5028914.50122131,8327888.11736417,3624318.51078381
FT3141,744.503718940977,744.503718940977,744.503718940977,2923.59186989002,2923.59186989002,2923.59186989002,1,1,0,0,1,2991166.49784622,0,38109.7886678134,9663.89293794892,0,11228.7532709648,5562.40498747646,18900.915728135
FT3142,744.478429287878,744.478429287878,744.478429287878,1067.31653036054,1067.31653036054,1067.31653036054,1,1,0,0,1,141688.416886597,0,0,0,0,0,0,0
FT3143,744.760590826181,744.760590826181,744.760590826181,145.006112024064,145.006112024064,145.006112024064,1,1,0,0,1,361865.51357872,21826.5664028619,14403.6529237012,12093.6242356978,0,22228.4803094264,25371.6262320611,0
FT3144,745.163397475292,745.140192634468,745.163416379738,951.840916752019,893.398845928087,989.614132001256,4,1,1,0,1,586022.32412528,1522169.87650623,794886.015327833,772854.979275054,619469.81517544,698505.711432369,564818.260482173,526319.793028565
FT3145,745.163301497262,745.16328814687,745.163314847653,379.719113523604,377.413563884954,382.024663162254,2,0,1,1,1,1995.24496616652,851204.931383788,795426.458458521,661651.308966842,808501.767655805,592988.500172251,455845.883699883,511497.194256668
FT3146,745.177783663385,745.177110169681,745.205724680117,163.689931095443,111.22886874788,211.186641457023,19,1,0,6,1,968972.62143119,153969.863537457,1667918.47564019,2240518.47665554,2510571.68934619,1525364.41429225,2733882.05595022,3200406.37562656
FT3147,745.17523327776,745.142240121599,745.25716277263,1102.64227157,1096.68089995724,1183.10802707905,4,0,1,2,1,0,430688.977791018,106658.464660644,5175.20605255837,0,1112533.38872579,7997.74470305112,11687.0579524841
FT3148,745.257244817324,745.184511286339,745.325992001776,913.73201811801,895.31673140898,1010.76332430672,5,1,1,2,1,140426.755993164,882088.259992932,796694.958797448,0,0,4564383.93833665,0,0
FT3149,745.435235855185,745.434700112624,745.47205135389,2515.33064015727,2440.6018533647,2518.1666853251,9,0,0,5,1,164793.989609413,142613.337240406,86482.0868813527,337985.362436372,4277124.32966336,1971866.1092759,1584597.74837511,948704.863408203
FT3150,745.473058462253,745.439354432229,745.506762492276,2936.720997447,2923.59186989002,2949.85012500397,2,1,0,0,1,1241527.81734571,0,0,1012.75691162828,1501.68098888132,3502.14769303799,1597.5821476587,3398.72124952235
FT3151,745.636344858301,745.636344858301,745.636344858301,3107.76171372841,3107.76171372841,3107.76171372841,1,1,0,0,1,106006.117312124,0,52393.0515478985,17713.5405912254,0,13993.0996886799,9100.47057759014,15645.85583738
FT3152,746.185993764395,746.181053659158,746.186055846559,163.688566731494,162.630687220723,165.456870420975,5,0,0,5,1,57512.1452216402,12968.7766737776,324404.351063474,391940.666953906,308929.017240234,269599.68401595,635362.183476562,644893.005810096
FT3153,746.52283829297,746.510044283224,746.535632302717,2923.59186989002,2923.59186989002,2923.59186989002,2,1,0,0,1,255141.594805504,0,0,0,0,0,0,0
FT3154,746.463049874651,746.463049874651,746.463049874651,3096.08643560062,3096.08643560062,3096.08643560062,1,1,0,0,1,692597.947850466,11494.0534197054,29714.3050513056,16459.1695485689,4476.92430155234,9742.36763582798,6063.75753615364,3959.67889324866
FT3155,746.558822693183,746.558822693183,746.558822693183,3242.6717399202,3242.6717399202,3242.6717399202,1,1,0,0,1,919673.251142062,1104.37241047767,27030.2549709991,3649.77871015289,0,8040.90027224236,0,3801.62143999759
FT3156,747.179405766778,747.179371519036,747.179860437254,936.325031910097,934.008837905306,937.954416434167,6,0,1,5,1,457580.352839774,4841184.8483086,2285855.56365601,2837243.34659833,2230996.82072873,2064430.55109926,2282751.20163486,2039130.31531194
FT3157,747.220931329001,747.220931329001,747.220931329001,1204.24005922949,1204.24005922949,1204.24005922949,1,1,0,0,1,245956.749609378,26870.7330744802,99434.156673675,106576.822478662,143832.256444579,98899.0614035286,106330.19250472,95871.3558447532
FT3158,747.276687546302,747.276687546302,747.276687546302,1665.92884568889,1665.92884568889,1665.92884568889,1,0,1,0,1,0,79732.7456406245,43454.1635833657,73437.3033606347,25718.2869445322,12226.8825873006,91218.2464479122,48823.4789900118
FT3159,747.21592436068,747.21592436068,747.21592436068,1836.92655885731,1836.92655885731,1836.92655885731,1,1,0,0,1,93481.2098144539,0,0,19252.902605607,7428.43447995211,0,39241.6239718305,22418.5011456398
FT3160,747.318584123022,747.318584123022,747.318584123022,103.947738068775,103.947738068775,103.947738068775,1,1,0,0,1,197267.730770963,0,0,0,0,0,0,0
FT3161,747.382375940625,747.382375940625,747.382375940625,2845.59874429654,2845.59874429654,2845.59874429654,1,1,0,0,1,482789.328651126,4687.84367996647,47691.0795962704,36182.7835011021,42303.0757846904,38197.9185769426,30686.3087181456,28316.7850706952
FT3162,747.466467058418,747.466467058418,747.466467058418,3096.08643560062,3096.08643560062,3096.08643560062,1,1,0,0,1,239117.49765381,1494.21973111369,11807.6269781515,1861.45499240783,2104.79006737316,5127.95652987652,0,0
FT3163,747.55813109754,747.55813109754,747.55813109754,3039.42307083599,3039.42307083599,3039.42307083599,1,1,0,0,1,204595.091333001,0,0,0,0,0,1944.5795006213,0
FT3164,748.182373851324,748.182358957863,748.182388744784,938.330234936222,936.840107863209,939.820362009234,2,0,1,1,1,192589.737077581,1758048.51948112,752616.545682734,683740.614762453,669686.956324128,706400.656310068,667203.693240655,607095.41387241
FT3165,748.265736185929,748.265736185929,748.265736185929,103.947738068775,103.947738068775,103.947738068775,1,1,0,0,1,223323.462660937,3908.4984934332,0,0,0,0,0,0
FT3166,748.38557497959,748.38557497959,748.38557497959,2845.59874429654,2845.59874429654,2845.59874429654,1,1,0,0,1,198686.385428468,0,3385.20863729987,3482.88186534636,8518.94051161906,5755.8573102955,1623.17701931927,5164.89554722696
FT3167,748.449989864889,748.449989864889,748.449989864889,1605.56185365632,1605.56185365632,1605.56185365632,1,1,0,0,1,287263.324140625,0,0,0,0,0,0,0
FT3168,748.574913039197,748.574913039197,748.574913039197,2909.00259262247,2909.00259262247,2909.00259262247,1,1,0,0,1,200404.191290888,0,0,0,0,0,0,0
FT3169,748.777423400762,748.777423400762,748.777423400762,2604.65419414133,2604.65419414133,2604.65419414133,1,1,0,0,1,235756.383526306,0,10461.0188713415,23250.8739223068,5405.46354152374,13533.2821022687,5463.69484688105,13285.0851571808
FT3170,749.134270712136,749.134163640289,749.134331727837,227.502067275051,224.350147463383,228.355374637427,3,0,1,2,1,34963.4740343375,393066.244411339,414830.638768092,416808.211463928,229216.84573583,289353.179500277,19958.689317941,17818.3488323646
FT3171,749.195317240013,749.195172118122,749.195443247732,1207.01741195304,1206.48807746595,1208.56478080046,3,0,1,2,1,31592.7363090284,534787.803473014,1113594.37435059,455447.183952782,254555.224888043,348990.494328987,91363.0419060665,89544.6472134057
FT3172,749.361756736264,749.361695205169,749.3619689186,2059.94445962459,2059.08646401656,2061.33337241721,5,0,1,4,1,89986.3789099434,166816.087846236,108053.153206629,110008.699345183,288429.804385741,182130.466437498,195635.042516277,178234.706324464
FT3173,749.310159471269,749.310159471269,749.310159471269,1478.83548758875,1478.83548758875,1478.83548758875,1,0,1,0,1,0,197512.163306885,121661.119402312,48920.3444117197,31880.7854297639,12017.9733254629,72541.1905942701,32910.7416827
FT3174,749.437682357654,749.398272754822,749.438144404748,2895.9400443225,2893.47656340582,2901.25492031583,7,1,0,6,1,786306.911626914,35885.9960379123,182210.692499998,290197.350251838,334582.691484377,413992.923475063,501214.01336217,608930.353084019
FT3175,749.57356427953,749.57356427953,749.57356427953,3039.42307083599,3039.42307083599,3039.42307083599,1,1,0,0,1,601383.771519896,0,0,0,0,0,2085.6083906403,0
FT3176,749.573620427878,749.573620427878,749.573620427878,2971.72352501174,2971.72352501174,2971.72352501174,1,1,0,0,1,493513.310897467,1882.47292159569,1716.66375400814,0,1864.37388050688,1880.67162640971,1804.6769225591,0
FT3177,750.198497882631,750.198446618218,750.198549147044,1207.52642913321,1206.48807746595,1208.56478080046,2,0,1,1,1,0,192476.457318005,355194.25880941,154162.698361816,89828.8795117046,94468.4218580366,0,0
FT3178,750.441191264234,750.401630790889,750.530397890616,2897.58937676204,2893.88335267322,2963.6162575704,5,1,0,3,1,284194.513725583,9921.96322723634,81388.6750031633,124163.176296296,119179.637220011,93539.501953125,127380.932203367,185050.151399885
FT3179,750.518086125177,750.517998052274,750.518197269421,3054.97342922102,3054.69269414745,3064.05732122072,4,1,0,3,1,1507317.27619714,103280.415975386,487398.649252277,241446.121029182,199129.672633576,275072.31182129,139786.513448959,153842.664334717
FT3180,750.554367161737,750.554367161737,750.554367161737,3435.97022530556,3435.97022530556,3435.97022530556,1,1,0,0,1,3888824.52176141,6136.96804974119,71884.0728736771,27170.6331974657,1002.94361247965,39808.817916809,7378.53465612788,16350.4455730413
FT3181,750.577124305026,750.577124305026,750.577124305026,2971.72352501174,2971.72352501174,2971.72352501174,1,1,0,0,1,255683.259268666,0,0,0,0,0,0,1819.58125912164
FT3182,750.938070977566,750.938070977566,750.938070977566,64.872470984916,64.872470984916,64.872470984916,1,1,0,0,1,667666.901730984,0,5012.55949563545,0,0,0,35649.1231142778,36781.4447175879
FT3183,751.241678005799,751.238914699627,751.252333582498,600.619323763287,561.320355144619,640.151042772868,11,0,1,4,1,51378.5847696621,761064.464051854,419237.783695151,556484.344287095,1348150.03721198,582908.770211663,1726344.392454,2760757.4860102
FT3184,751.248345044878,751.189889670574,751.252601177439,161.515902611816,102.990925640048,163.438572546372,10,0,1,6,1,9303.83279966099,753790.54261853,1136006.89594713,1183619.11948799,2366434.66604192,1076175.29397182,6877435.37590754,6283028.05028655
FT3185,751.189231064316,751.189150937311,751.246835282106,1089.84712090131,1089.73362855498,1147.05380406037,5,0,1,3,1,28366.691578321,2228450.91853345,368658.291463621,345345.850211065,425670.600579659,420975.73310547,354858.568122566,366101.383731097
FT3186,751.231493799868,751.153171138383,751.231624303479,1217.88139834691,1205.90464804101,1278.18856078679,4,1,1,0,1,386558.522535157,5949210.62641449,674494.707978919,2399010.20715892,1124117.88626792,1409432.29048255,891558.352861793,1750443.96069519
FT3187,751.290499552795,751.290499552795,751.290499552795,928.0157920508,928.0157920508,928.0157920508,1,0,1,0,1,0,170555.825348308,185073.301935837,81339.4548828318,24646.2679584697,27878.6315910697,112425.200541145,62736.8324596728
FT3188,751.501650542358,751.501317719934,751.501736564346,3426.5594585061,3399.38907202918,3428.1239617766,9,1,1,6,1,25405154.1891424,1057224.14873381,3479278.99901565,1670337.02535791,1422239.10479852,1989325.87395729,1284997.85030323,1876534.86105616
FT3189,751.520874940474,751.42856284589,751.52090014875,3053.28152017818,3022.68339391616,3064.05732122072,3,1,0,1,1,719470.172082511,49381.6478297585,195545.960302735,93111.8699501692,83239.1667082897,127781.731193774,74019.6429015426,96724.6898936594
FT3190,751.736348644722,751.736214571214,751.736628970631,625.124657452158,601.442463241931,626.277117313622,4,0,0,3,1,12810.509978937,44670.4004387671,320616.90365239,488506.469665832,909649.577574608,328757.747237402,1010128.46527612,1688656.09284009
FT3191,751.557188743216,751.557188743216,751.557188743216,3433.54766921189,3433.54766921189,3433.54766921189,1,1,0,0,1,1808798.0177354,1652.14592480998,33997.676264827,7074.4375304358,538.437636011009,17559.8037812442,2206.14528002433,7473.5376027732
FT3192,752.256397339752,752.256228609455,752.256454615571,162.394536603988,161.447881227981,165.205945391047,6,0,0,6,1,0,19723.1332074394,319591.807548863,375229.387908635,711770.65585823,311246.382550435,2188084.49058064,2103951.28057659
FT3193,752.2748691462,752.2748691462,752.2748691462,729.895249320129,729.895249320129,729.895249320129,1,1,0,0,1,2066436.13607292,72352.4571262914,59996.1997002319,76406.4927583941,16499.4309617594,48637.4082562875,80371.252494131,82871.3277050749
FT3194,752.193092783841,752.193092783841,752.193092783841,1089.73362855498,1089.73362855498,1089.73362855498,1,0,1,0,1,0,182000.743383789,152367.057961218,152613.954671979,209761.706087282,107285.723331974,183686.164819548,161886.224665842
FT3195,752.185152549866,752.185152549866,752.185152549866,886.895533079168,886.895533079168,886.895533079168,1,1,0,0,1,181385.750160645,6228.08709513176,0,5192.71548870832,0,5050.50774068544,4619.57209243236,12321.5090342252
FT3196,752.235272063055,752.235272063055,752.235272063055,1278.18856078679,1278.18856078679,1278.18856078679,1,0,1,0,1,0,1616566.31853124,156233.448428321,542643.257194439,198276.398483916,254836.018247708,142850.191548386,380263.883361703
FT3197,752.533378763283,752.533132881876,752.533665364621,3084.37610371529,3077.9828189758,3094.98784727913,9,1,1,6,1,6027373.99075121,1370906.14355119,4563901.74024354,2537421.51330505,2196123.92837403,2895564.55106445,1370066.21336452,2163009.84517858
FT3198,752.505124751892,752.504799143854,752.505279769102,3426.64415361722,3399.38907202918,3428.1239617766,8,1,1,5,1,7622909.33654508,457827.770054625,1734812.68528274,797316.074099395,652636.395203612,958045.912640902,587827.83375179,1059669.57984451
FT3199,752.425746931137,752.425746931137,752.425746931137,1822.39742040456,1822.39742040456,1822.39742040456,1,1,0,0,1,173485.401785482,3795.13860342476,4518.15015489965,4731.66233001846,0,0,11034.3459608413,4779.60292602571
FT3200,752.569474885205,752.569474885205,752.569474885205,3570.02879896339,3570.02879896339,3570.02879896339,1,1,0,0,1,4260554.39225283,53190.8648302887,260058.83729805,113303.824774116,37547.9825675907,109854.948182346,44392.0258785139,78009.13861913
FT3201,753.166494418743,753.166494418743,753.166494418743,989.614132001256,989.614132001256,989.614132001256,1,0,1,0,1,0,280619.225289889,127905.159107548,91133.5634271579,45256.1179738195,58175.5568400073,42473.829350757,28070.7008737978
FT3202,753.247871391577,753.232096355656,753.263436941562,143.941717925369,121.840954764414,161.583923995651,4,0,1,2,1,0,3450118.96820901,6007.41661195612,4900.76916577318,1282.50460230439,13878.3316419522,547896.531067456,3916596.63359022
FT3203,753.278158687874,753.278158687874,753.278158687874,729.895249320129,729.895249320129,729.895249320129,1,1,0,0,1,610536.438333079,13854.9068232327,8432.85949563799,21047.6076442023,0,7582.58995030586,0,8028.13380478656
FT3204,753.318487073498,753.318444703699,753.318529443297,2449.90325814215,2445.26967039996,2454.53684588435,2,1,0,0,1,1611726.69414185,0,0,0,9501.49487804193,11009.0417714765,15430.02464181,30050.6977804233
FT3205,753.357073667125,753.357073667125,753.357073667125,2241.37941930903,2241.37941930903,2241.37941930903,1,1,0,0,1,1746750.00034369,43692.1979582862,198869.765213861,132551.772463236,61883.3311917523,206395.101717929,115275.793620128,105431.760064583
FT3206,753.537095683597,753.53683471717,753.537395501881,3084.37610371529,3077.9828189758,3094.98784727913,9,1,1,6,1,2441357.58389159,540157.188370925,2080407.86083947,1129899.76644836,939737.868585206,1302955.99188764,567673.708409933,967790.137772835
FT3207,753.517650303692,753.51744364689,753.517749205486,3566.15793939185,3524.06593016436,3570.02879896339,5,1,0,2,1,8137251.58287331,676204.099582416,2035648.08616447,1030373.40784437,1044635.62206883,1323009.98738524,644498.669997697,1105973.80759467
FT3208,753.508819614617,753.508758504961,753.508880724272,3411.22902187682,3401.25303822888,3421.20500552476,2,1,0,0,1,2554207.09462673,57182.67029583,245297.737879156,107683.236675104,100328.208117702,133864.223938468,88755.116074133,156760.441708399
FT3209,753.568471780996,753.568471780996,753.568471780996,2977.55151165471,2977.55151165471,2977.55151165471,1,1,0,0,1,221179.484693604,10140.1363574414,2702.94571346809,0,2706.54587989638,0,0,0
FT3210,754.257932315204,754.257932315204,754.257932315204,1201.26427381531,1201.26427381531,1201.26427381531,1,1,0,0,1,504492.974438476,0,0,0,0,0,0,0
FT3211,754.321714483475,754.321714483475,754.321714483475,2455.37333252381,2455.37333252381,2455.37333252381,1,1,0,0,1,374552.668139207,0,0,0,0,11305.4344889993,3243.24823695166,9826.75768385057
FT3212,754.539774079871,754.539722027411,754.53999728746,3084.84722908556,3077.9828189758,3087.14720980321,4,1,0,3,1,318798.156590686,118486.026852086,417963.969055991,151073.289808596,180810.725771255,256713.916186066,100960.421700939,157490.524074464
FT3213,754.520370804241,754.520370804241,754.520370804241,3570.02879896339,3570.02879896339,3570.02879896339,1,1,0,0,1,2809800.12368706,303969.560029562,943762.646085049,468310.56999669,431431.096909434,559510.498420518,269013.809716177,455044.543441057
FT3214,754.548758796532,754.548758796532,754.548758796532,3142.36846308441,3142.36846308441,3142.36846308441,1,1,0,0,1,376358.297735973,0,6592.82521894757,1743.8264579318,35058.6364983777,21831.2421040746,7179.93077945645,1772.90774297708
FT3215,755.248024456094,755.211632784687,755.248588322033,119.953838275006,118.970930694436,122.832544574636,10,1,1,6,1,191087.630592154,983240.689703412,478600.629060633,823215.855319401,931039.863373405,1108859.68027267,1095945.27073232,918886.949763336
FT3216,755.276239830598,755.276185230927,755.276266944517,2439.02289433045,2438.32844359161,2440.6018533647,3,0,0,3,1,0,4697.97141465236,79936.5130770757,130453.729119737,192449.071088256,165353.632584097,180470.565523905,219085.801062498
FT3217,755.190556589872,755.190556589872,755.190556589872,1205.90464804101,1205.90464804101,1205.90464804101,1,1,0,0,1,957758.988684901,5119.75025186724,0,0,9866.47586064931,3662.22033655359,0,0
FT3218,755.232204327268,755.232204327268,755.232204327268,1090.36165202078,1090.36165202078,1090.36165202078,1,1,0,0,1,599244.671440432,7695.66056381624,53702.0616459098,12140.45123199,0,7340.75822755249,19401.6465404518,11522.9360237731
FT3219,755.336691076298,755.331302038376,755.337012213201,2024.9421242393,2023.13334332107,2027.93691485607,7,1,0,6,1,4525425.87539063,196292.896238626,3076682.56289232,3869594.77964155,14014933.0314894,18182103.126655,1854655.90397461,2269038.57214722
FT3220,756.251209123521,756.251024225523,756.251541926137,119.810618046962,118.077615112223,122.832544574636,5,0,1,4,1,43368.1721929847,250811.612261248,155584.473274446,179619.050766863,177132.868155392,277017.61667302,266035.285520159,200188.487227051
FT3221,756.235401058071,756.235401058071,756.235401058071,1088.58816328454,1088.58816328454,1088.58816328454,1,1,0,0,1,166131.441119384,5799.6574208438,14384.6941585188,0,0,0,0,0
FT3222,756.339771601864,756.339293399566,756.340378739488,2024.9421242393,2023.13334332107,2027.93691485607,7,1,0,6,1,1550376.63896485,58209.6518989579,1052883.40943369,1261385.89626005,4898150.73227046,6624876.6988661,604648.665139725,769677.612624512
FT3223,756.468402470827,756.468365377046,756.46853198491,2567.47217980011,2566.58583563126,2569.45304358338,3,0,0,3,1,0,18785.6691338191,28146.6057224968,38575.5178287204,531172.340782821,338383.413429871,507493.230501301,296932.277289733
FT3224,756.431870085838,756.431728255442,756.431943060879,2491.21767466372,2488.15990602348,2491.7422759674,3,0,0,3,1,73187.0092191354,27478.7464169519,14747.2425649346,43590.2467912594,366975.955695455,132779.74729181,335073.233620176,161941.531905049
FT3225,757.163569065862,757.16347074881,757.16372354232,1101.07814010401,1092.84147067307,1105.8393948804,6,1,1,4,1,10829224.1247794,1366286.8841183,1267236.03182897,1264000.89292067,1242312.08172917,3837961.80445963,152813.294564345,138107.274350091
FT3226,757.234330596222,757.234170722539,757.244151677843,613.673858058692,580.041598822698,640.752997387432,9,0,1,3,1,68314.4855072727,1623374.93562721,335546.981796952,413685.706431415,602815.669381715,631235.40366914,385902.876300759,514297.315223562
FT3227,757.184705851381,757.184701406638,757.184711392683,1604.95633513034,1604.84338892732,1607.03529817144,3,0,1,2,1,14751.0737977636,291545.342889499,124234.974828697,242270.406908515,176498.260705078,158852.099390152,243409.911192968,260584.656168325
FT3228,757.343200702111,757.342067417673,757.346361203487,2026.36514462072,2023.13334332107,2027.43544008616,4,1,0,3,1,253936.989781493,11098.8664974372,173006.143314021,190473.411802179,948982.232307122,1156215.22966099,100212.728470856,93377.4963362776
FT3229,757.184819955685,757.179957644546,757.2211955597,1025.94912598481,1012.66404840499,1027.88149856079,3,1,1,1,1,6075255.5055013,43813492.1102139,232839.563364241,261674.430334524,406607.745105631,1208638.27147136,497700.544918197,426641.724344928
FT3230,757.19721794818,757.192952938555,757.293867507427,1127.92328468497,1103.77203697556,1205.90464804101,4,1,0,2,1,145414.59000279,185592.897014167,285605.85466539,339307.330592511,949568.219874138,267276.200935059,414494.386414192,441735.288758143
FT3231,757.415785720813,757.415541357856,757.416030083769,3090.27859223166,3082.52356118968,3098.03362327365,2,1,0,1,1,565487.463352391,33256.3112039162,142327.595748067,105715.021513032,74464.1997371593,139903.003511965,79068.6577559735,76647.8585296663
FT3232,757.361670889666,757.361670889666,757.361670889666,2450.70010810749,2450.70010810749,2450.70010810749,1,1,0,0,1,234309.208292319,0,0,0,0,0,0,0
FT3233,758.16732185656,758.167180889112,758.167503144403,1100.04858131377,1092.84147067307,1105.8393948804,6,1,1,4,1,3867965.99163144,454011.528632813,394499.152878604,431294.468224052,411687.668481121,1411516.66957438,62105.6559761509,27023.8564156896
FT3234,758.242581229965,758.242581229965,758.242581229965,630.888781348461,630.888781348461,630.888781348461,1,0,1,0,1,62297.6912522503,856389.314872214,365293.644239638,331108.76029615,552491.571104916,479502.324136016,271509.715582672,297487.154281201
FT3235,758.188565141838,758.188488579854,758.188641703823,1028.64226106811,1027.50776382089,1029.77675831534,2,1,1,0,1,1739081.76444968,14627468.5335403,32179.894541977,57579.8011773025,90140.8925691987,103476.20809016,89503.9325523455,97171.1115142375
FT3236,758.447688759661,758.447433449337,758.44783736438,2541.06450519655,2540.29870535132,2542.41091211166,4,0,0,4,1,64553.8858602357,76890.4526027676,41790.3082848762,104409.522742658,1141472.03411864,301515.328264849,919161.717425059,492129.957873941
FT3237,758.544051357858,758.543829455002,758.544100091879,3402.27996042364,3397.17636830263,3407.93611585106,4,1,1,2,1,2115535.71053922,493503.471378362,283646.471881008,195373.848110982,694438.624070491,253220.165379792,501620.976792776,337494.726377057
FT3238,758.743872026147,758.743872026147,758.743872026147,630.888781348461,630.888781348461,630.888781348461,1,0,1,0,1,24019.8811629059,475025.54455485,204029.195572117,151974.371147383,225211.872200962,236147.330815055,150867.4250941,149885.50643789
FT3239,758.764961034677,758.764961034677,758.764961034677,64.872470984916,64.872470984916,64.872470984916,1,1,0,0,1,177307.808213574,0,0,0,0,0,4048.93717010862,0
FT3240,759.170027888282,759.170027888282,759.170027888282,1105.8393948804,1105.8393948804,1105.8393948804,1,1,0,0,1,601513.733182985,66848.6447881605,54291.0598324383,64589.3714141724,32361.1631133176,128081.410244486,0,0
FT3241,759.226630406273,759.226522271496,759.227410112492,601.305190529056,552.87176495118,637.452773243841,5,0,0,3,1,0,3533.41811556875,746264.620686251,30135.3224207605,18633.359586473,9055.65981404061,2218833.28407377,1828512.08334964
FT3242,759.236692918956,759.236692918956,759.236692918956,1260.09608040725,1260.09608040725,1260.09608040725,1,0,1,0,1,82475.0432286127,429149.610961916,59367.218058029,92667.9924026626,78073.284009936,326025.709462054,88732.8873645147,91475.4961626998
FT3243,759.185201876033,759.179231091882,759.330778697888,1019.75122427851,849.26541003471,1088.58816328454,15,1,1,2,1,549492.768490182,3514826.02874552,6911.8570874328,3646.71770147842,1203486.35499362,116238.592938538,7769.6650767584,2399.10928383089
FT3244,759.293165083764,759.255497096293,759.330833071235,1399.45110805734,1393.69121674594,1405.21099936873,2,1,0,1,1,162632.701,0,0,0,0,116844.40237915,0,0
FT3245,759.512743767219,759.512725202698,759.512790899999,2698.62883364077,2696.88836164539,2699.49862080633,3,0,0,3,1,179572.460339891,168772.828828971,226731.975367893,216159.779415459,267413.909834319,181353.0528581,315863.595956451,651973.597604852
FT3246,759.483636354363,759.483636354363,759.483636354363,3597.05812251078,3597.05812251078,3597.05812251078,1,1,0,0,1,1727333.73502418,16461.7483784543,11034.3373724025,2309.76684689931,0,2410.50364097785,0,1353.11575695365
FT3247,760.096149709918,760.096087894743,760.096211525094,889.316538588075,887.901993601224,890.731083574926,2,1,1,0,1,134485.429841797,352803.544549354,0,0,0,0,0,0
FT3248,760.240029759504,760.23949541692,760.244879246508,141.709033514408,136.338949481163,227.461632546133,6,1,1,2,1,5611010.3960249,835421.162775965,729676.583107986,686930.943897566,380182.686289059,1616138.07599963,2129776.46272147,1025766.6777275
FT3249,760.239794481769,760.232880239573,760.239923517401,564.555007249381,563.853661615871,565.28776593153,4,0,0,4,1,472321.053101728,121419.247158378,924646.34365147,1281292.37243083,4089094.37223887,946099.75423414,2579007.9915854,3077510.59315103
FT3250,760.239948825331,760.239870989437,760.239996852321,772.215219816967,769.674453358216,772.829607529114,4,0,0,4,1,675628.962254555,585747.822384692,1260104.48108577,1620188.89073193,863165.963628701,3537405.47983036,646739.499718614,576249.654010861
FT3251,760.221721722244,760.187942636346,760.255500808142,1058.04796355271,1027.50776382089,1088.58816328454,2,1,1,0,1,209060.550933159,798423.454113282,0,0,11515.7240103368,0,4569.59885005597,5432.70360237414
FT3252,760.174618919485,760.174618919485,760.174618919485,1213.42626218193,1213.42626218193,1213.42626218193,1,1,0,0,1,135575.079010419,8001.5648813481,7589.60574800408,27013.8340319069,7851.28226129498,18987.7089124476,0,0
FT3253,760.741435630304,760.741416357808,760.741539577637,775.491362567585,772.829607529114,776.251069925576,3,0,0,3,1,434203.607262866,302701.429862523,772723.131386992,876010.090614938,488430.663217009,1250378.34046533,370299.422339497,332507.447965748
FT3254,760.741388510746,760.74133857768,760.741435386808,565.143929477039,564.443290541054,565.170137617698,3,0,0,3,1,237234.03217123,54694.188122242,481685.88426163,612011.441648522,1069419.58357115,483861.450688863,1331858.51046702,1897328.32008775
FT3255,760.741109526781,760.741109526781,760.741109526781,143.17964176592,143.17964176592,143.17964176592,1,1,0,0,1,3677171.23421126,794524.20834777,777792.080038466,630910.422678164,383466.764865495,1431620.70185808,1491750.8725468,790135.808290069
FT3256,761.137708846318,761.137708846318,761.137708846318,1089.73362855498,1089.73362855498,1089.73362855498,1,0,1,0,1,0,196577.299329177,124831.637389738,108109.396587108,122260.182023682,69016.0395726865,13146.6569916773,40051.5613466284
FT3257,761.116663447866,761.115847571532,761.201065316008,66.9055315245643,62.8983274946389,119.497184338397,6,1,0,4,1,519821.00686091,253631.275649391,270139.834361614,249360.196519326,296868.199695436,225373.093253064,244550.746948431,334448.691787861
FT3258,761.195390039423,761.195263978788,761.195468760233,871.69668271754,853.703936825789,906.176980900646,4,0,1,0,1,114888.330909752,1933180.766742,905939.249482576,794758.492925885,1095482.02957629,806942.990381421,924483.593454905,998506.99052094
FT3259,761.195372080376,761.195150508114,761.195519797902,949.11220665576,935.794804987582,967.953194746083,3,0,1,0,1,24626.6205971177,492369.001539963,166523.016693115,194787.032087356,278942.169281576,170256.813843812,222307.336374106,235898.213088288
FT3260,761.232013692107,761.232013692107,761.232013692107,1205.90464804101,1205.90464804101,1205.90464804101,1,1,0,0,1,406542.132277644,20887.9551601741,207552.254083462,263946.044679732,351937.080345939,226713.44958352,276130.432464159,229900.840050554
FT3261,761.173963458263,761.173845154231,761.199148601419,1089.78411587921,1087.53508824802,1112.34788320183,8,0,1,6,1,157423.307225481,2619203.77782064,1711904.0504004,1184710.26567654,1514486.66100126,1180106.34028542,1119537.4258586,1246405.32354167
FT3262,761.540073556177,761.417214620687,761.540149228451,3311.38557725114,3233.48256812531,3367.7265302271,6,1,1,0,1,416451.536124674,503420.464016757,0,0,0,0,0,0
FT3263,761.518896176772,761.518896176772,761.518896176772,2917.22744626781,2917.22744626781,2917.22744626781,1,1,0,0,1,4422241.71619975,19225.0873428136,152715.823937826,52420.9269704266,19644.860830292,38011.619326685,22416.3474471419,42760.9753249116
FT3264,761.573721441793,761.573721441793,761.573721441793,3037.74755507375,3037.74755507375,3037.74755507375,1,1,0,0,1,218913.50573864,24208.1223621412,1846.29095107481,2187.77923062433,0,1933.8178490122,0,0
FT3265,761.631539176421,761.631539176421,761.631539176421,3099.58594412973,3099.58594412973,3099.58594412973,1,1,0,0,1,469284.187170973,0,10079.1805238489,4124.65688653009,1409.7168533958,5189.39572130849,0,5255.2446461531
FT3266,762.177060387367,762.176957225464,762.177170222396,1089.73362855498,1087.53508824802,1091.15761762771,5,0,1,4,1,0,1033331.19348606,645391.053768382,493366.689938324,530380.366254883,468801.563964334,498859.829622051,462071.682426759
FT3267,762.238021391373,762.238021391373,762.238021391373,893.398845928087,893.398845928087,893.398845928087,1,1,0,0,1,664352.238021635,0,4957.94375380616,0,4877.63668425125,4891.33693399273,0,0
FT3268,762.369570075432,762.369570075432,762.369570075432,1240.51700925965,1240.51700925965,1240.51700925965,1,1,0,0,1,2457160.48101563,0,0,5415.57885753515,0,0,0,0
FT3269,762.502529111659,762.502529111659,762.502529111659,2054.03938250103,2054.03938250103,2054.03938250103,1,1,0,0,1,228636.210443789,0,16515.6674790689,12628.1313976528,9033.97579820629,4867.72544855707,15687.4804218036,25400.5555067025
FT3270,762.522255589429,762.522255589429,762.522255589429,2917.22744626781,2917.22744626781,2917.22744626781,1,1,0,0,1,1724682.35531531,2610.92127334128,49570.6453071291,20153.2233030789,2090.84111705745,9061.28612628085,5536.85391208741,13750.7741984944
FT3271,762.606010036494,762.577030843723,762.634989229266,3068.75497202183,3039.42307083599,3098.08687320768,2,1,0,0,1,160577.575625611,0,0,0,0,0,1512.51440319935,902.986363469971
FT3272,762.554117127023,762.554117127023,762.554117127023,3178.35125632861,3178.35125632861,3178.35125632861,1,1,0,0,1,230061.725867187,0,2687.29148083927,0,1261.94503260147,0,1418.31848645361,0
FT3273,763.188104594133,763.186151287438,763.195404075395,119.816084702193,65.8056614147915,147.725049205282,14,1,1,6,1,32566834.1261037,3289609.40566827,7261686.42264146,5651326.81831224,4386496.48614111,11020807.6408823,7030705.20589904,6330545.7481554
FT3274,763.189529212115,763.189397086602,763.189774433096,1094.81638685276,1093.37907403561,1096.68089995724,7,0,1,6,1,113450.771984775,495341.45283654,578050.020640629,647058.020875003,674680.888821755,346156.593036411,643541.524656845,701183.508046878
FT3275,763.241356749621,763.241356749621,763.241356749621,890.731083574926,890.731083574926,890.731083574926,1,1,0,0,1,162504.48769732,0,0,0,0,0,0,0
FT3276,763.3443944906,763.3443944906,763.3443944906,2191.62053493244,2191.62053493244,2191.62053493244,1,1,0,0,1,1383342.60555478,12345.5621342635,21230.3354318162,12993.5824514296,11213.6955118054,8367.73967322511,39201.7351943056,24783.2391589602
FT3277,763.37285301421,763.37285301421,763.37285301421,1241.85416009193,1241.85416009193,1241.85416009193,1,1,0,0,1,847353.557682832,0,0,0,0,0,0,0
FT3278,763.525111111968,763.428853608236,763.533788327369,2940.60983379805,2917.22744626781,2967.81068725419,3,1,0,0,1,338260.398330692,0,0,0,0,0,0,0
FT3279,763.458298071008,763.458298071008,763.458298071008,1343.56515430708,1343.56515430708,1343.56515430708,1,1,0,0,1,318421.33784067,0,0,0,0,0,6644.7465252692,0
FT3280,763.431853600278,763.431853600278,763.431853600278,2443.24904004906,2443.24904004906,2443.24904004906,1,1,0,0,1,377580.826361489,1307.85831589503,2093.69256950742,0,0,0,1982.22887298276,0
FT3281,763.546372908525,763.546330948573,763.546421030423,3313.32968215407,3285.69135808074,3376.734830334,7,0,1,0,1,0,1925855.21619318,0,0,0,0,0,0
FT3282,763.543598635884,763.465217243897,763.621980027871,3189.00345949807,3170.52793007602,3207.47898892013,2,1,0,1,1,359093.998577337,0,294188.172118878,0,0,0,0,0
FT3283,763.587088505576,763.587088505576,763.587088505576,3098.08687320768,3098.08687320768,3098.08687320768,1,1,0,0,1,222814.523326169,0,11565.1841849913,3249.33566414545,4987.26066970503,4756.91861458249,2581.98756261225,6547.29061534114
FT3284,764.191856414824,764.191699537414,764.192381565743,120.134985065989,118.970930694436,122.832544574636,7,1,1,5,1,8245617.15562989,654386.104122897,1593691.84381176,1250777.1995133,0,2108520.70008073,1509457.35023978,1209768.93532209
FT3285,764.206548903166,764.206548903166,764.206548903166,1205.90464804101,1205.90464804101,1205.90464804101,1,1,0,0,1,494297.120581058,68917.6616765349,7644.20522671001,22317.1055859878,0,24162.3278067934,0,0
FT3286,764.250504595543,764.250504595543,764.250504595543,990.394943842841,990.394943842841,990.394943842841,1,1,0,0,1,328979.765609474,0,5980.74429940075,0,6161.07338749359,6439.47033849779,0,6138.71462763713
FT3287,764.497089052007,764.497089052007,764.497089052007,2781.36437675518,2781.36437675518,2781.36437675518,1,1,0,0,1,775790.439650286,42345.9246099675,47796.7088202155,30530.055971432,25208.5670913256,39540.726629176,21309.1080377894,38031.4998357485
FT3288,764.435454941902,764.435454941902,764.435454941902,2443.24904004906,2443.24904004906,2443.24904004906,1,1,0,0,1,142384.788018799,0,0,0,0,0,0,0
FT3289,764.569991106427,764.56991208043,764.570070132423,3532.52301721655,3521.81161299155,3543.23442144155,2,1,0,0,1,11552725.6322928,44282.6898684205,246152.192578108,89470.1046931589,13256.8845084191,177008.780220381,15630.0409887464,40548.8528443383
FT3290,764.752094932976,764.752094932976,764.752094932976,990.394943842841,990.394943842841,990.394943842841,1,1,0,0,1,202771.656990501,0,0,0,0,0,0,0
FT3291,765.231931837455,765.187945445493,765.232004280701,160.022491372981,119.497184338397,271.958947006755,9,1,1,5,1,1789703.74715695,1301016.5300542,1178725.07575275,2266145.24832435,3257377.05636594,1193566.38563532,3467218.70419645,2194517.5033364
FT3292,765.206624841463,765.189749408185,765.22350027474,973.063958388743,951.684382430533,994.443534346953,2,1,0,0,1,315516.162292181,0,0,0,0,0,0,0
FT3293,765.271128898769,765.271128898769,765.271128898769,830.604387862802,830.604387862802,830.604387862802,1,1,0,0,1,232448.190059244,0,0,0,0,0,0,0
FT3294,765.21776368346,765.21776368346,765.21776368346,1209.65432949276,1209.65432949276,1209.65432949276,1,1,0,0,1,245713.162332211,0,0,5474.10209236761,40767.5333065981,0,20050.7320905589,0
FT3295,765.262541599236,765.262541599236,765.262541599236,1529.92391756711,1529.92391756711,1529.92391756711,1,1,0,0,1,200485.06939236,10558.0802599142,12010.6027892781,12069.738368087,6620.5491052638,6394.04066309693,10923.3733081387,0
FT3296,765.392821049424,765.392821049424,765.392821049424,1606.76914812078,1606.76914812078,1606.76914812078,1,1,0,0,1,78589.6257148441,0,0,0,0,0,0,0
FT3297,765.480926703072,765.444461903639,765.481103390228,2975.00512352517,2974.81525015413,3062.00283356915,7,1,0,5,1,2248569.33985404,50194.3308810803,406015.042376537,221553.727463942,135752.679470567,277456.732862723,258731.061630669,504240.395256693
FT3298,765.480966191656,765.480966191656,765.480966191656,3274.27246087852,3274.27246087852,3274.27246087852,1,1,0,0,1,1005311.84063721,0,12151.7256743149,2584.84606094077,0,2191.39253322566,0,12232.2316161473
FT3299,765.573010802953,765.572981293926,765.573040311981,3538.91845976564,3527.0820330162,3550.75488651509,2,1,0,0,1,3488567.78822736,16646.4139593754,97923.9449898518,33075.6114905045,2369.13006985092,62093.7683404784,6789.16627012701,7532.24954584793
FT3300,766.200816125644,766.200816125644,766.200816125644,1211.6893071022,1211.6893071022,1211.6893071022,1,1,0,0,1,350258.003834638,0,0,0,0,0,7206.66845957503,0
FT3301,766.200832853869,766.200832853869,766.200832853869,119.497184338397,119.497184338397,119.497184338397,1,1,0,0,1,247082.725424335,0,6006.0656957634,0,0,12930.4838648803,0,0
FT3302,766.448143572063,766.448143572063,766.448143572063,3062.00283356915,3062.00283356915,3062.00283356915,1,1,0,0,1,482046.007357454,0,36064.2209298747,8159.0183559289,0,4746.76279758479,8946.63525656966,16406.4472403988
FT3303,766.484603834395,766.484603834395,766.484603834395,3274.27246087852,3274.27246087852,3274.27246087852,1,1,0,0,1,394744.54818102,0,0,0,1036.66358354803,1532.76827828328,0,2691.08194233132
FT3304,766.512667183929,766.512667183929,766.512667183929,2812.39225567047,2812.39225567047,2812.39225567047,1,1,0,0,1,1664699.79569057,23634.3783666795,59532.8574237491,21104.7694693723,12963.4248981586,26575.6242792623,9045.59050991633,21500.5349819948
FT3305,766.484482028406,766.483799443129,766.585256328621,2975.00512352517,2941.81564991074,2981.22136292399,3,1,1,1,1,1010209.43237434,1274946.54758789,106212.119421714,68319.4256992413,53319.4590174303,107260.393462581,115105.052522961,145756.265231931
FT3306,766.871838877062,766.835476975775,766.908200778349,64.2000198280757,63.5275686712354,64.872470984916,2,1,0,0,1,1485914.20599356,0,0,0,0,0,0,0
FT3307,767.131079891359,767.130962778016,767.131315501945,52.0154020599975,50.9428206292685,53.2974331905768,6,0,1,5,1,1537.52416450488,203721.777810807,209319.51701225,319039.363323214,491289.853651198,362926.616657096,304280.494268697,408588.122452368
FT3308,767.247907087298,767.247804874506,767.248201702969,169.895401916194,125.742755767241,211.881365499209,8,0,1,2,1,11511.1879579105,1659320.70946321,669749.62321218,454687.611905451,954449.886239606,701334.86885753,1007257.04731206,1062866.70228364
FT3309,767.205448546236,767.205381828902,767.205805720479,762.387600055711,760.021814975653,767.580913575131,6,1,1,4,1,1779986.97465937,1302480.08148612,2248974.71494535,1633317.47377581,189314.60554948,3540655.52516497,9147.14941283234,9922.77316881134
FT3310,767.184590685226,767.184422620635,767.184650437592,1205.72844952878,1201.26427381531,1206.48807746595,4,1,1,2,1,11530444.19488,357816.341841572,566059.347746804,431499.383745116,242764.328111662,592609.957594659,167910.484623265,108964.988395397
FT3311,767.242051312892,767.184417941165,767.29968468462,1092.93796231365,1083.62264300683,1102.25328162046,2,0,1,1,1,0,380150.862804826,0,7005.61754148456,44209.2289506586,272638.239375,15992.3756648317,0
FT3312,767.372318130872,767.372318130872,767.372318130872,2200.78668286756,2200.78668286756,2200.78668286756,1,1,0,0,1,144788.179828557,4318.11790647853,285286.225447395,239564.343702281,280997.011806179,575007.617025107,199830.289140807,267052.572679847
FT3313,767.466049251101,767.465880251032,767.466306258667,51.371957407427,50.9428206292685,53.2974331905768,5,0,1,4,1,6230.42203787967,178191.838060286,163998.2530523,309960.202576693,442219.429925,378513.185345449,305800.702059311,430467.558498633
FT3314,767.423890337961,767.369909560893,767.498055093787,2892.77672943999,2845.02594316909,2951.887172275,3,1,0,1,1,1084829.40410776,0,0,0,237341.339157976,2620.64700218572,0,4156.84826485813
FT3315,767.497202986463,767.497202986463,767.497202986463,3366.47415907709,3366.47415907709,3366.47415907709,1,1,0,0,1,884416.006814355,1272.22218980955,21854.3448327633,712.848781431722,2175.17956416663,1029.52281743685,7276.85644540016,10910.4718512542
FT3316,767.511699095084,767.511699095084,767.511699095084,2660.40083430846,2660.40083430846,2660.40083430846,1,1,0,0,1,290010.084805503,2295.22841306189,5616.5285238191,1885.75667115258,1583.99626020112,0,1704.41311894305,3498.80935036438
FT3317,767.715370228216,767.715175373441,767.715463562584,3519.07755456422,3518.23175915206,3521.15700171167,7,1,1,5,1,1200837.21032072,217509.304012694,563015.74308024,389319.797091063,292099.166737306,650147.176518266,276574.555937714,677914.34541016
FT3318,767.605756681838,767.605756681838,767.605756681838,2975.40167374927,2975.40167374927,2975.40167374927,1,1,0,0,1,519670.729300131,9509.61593515579,21363.8734311784,9154.0351500551,2464.29894505119,10413.0839819596,6796.52506143174,12209.5641082331
FT3319,767.803464894966,767.803361571703,767.803697571689,51.5230553417072,49.936068312395,53.2974331905768,8,1,1,6,1,127923.932571808,1429493.71351695,1331376.85564496,1841059.98520991,2283772.24725946,1712528.52231445,1855333.94816885,2569938.29341561
FT3320,768.13762998461,768.137516114676,768.137845372528,51.6186068856377,49.936068312395,53.2974331905768,8,1,1,6,1,121350.772816109,1111143.97366875,1199814.69292816,1463277.30756867,2014944.06667321,1335089.84439826,1526396.23105702,1961855.2347902
FT3321,768.237191987623,768.237108958048,768.237244854998,546.574058886339,545.149429593365,548.761945770303,5,0,0,5,1,43812.7684743061,88818.8098259576,386578.75452002,675324.941565674,962923.279135418,444130.766457507,1366679.79185596,1611190.88780713
FT3322,768.208846373171,768.208741972299,768.209167413939,761.791391589654,760.021814975653,767.580913575131,5,1,1,3,1,627795.648883559,416602.837239933,759228.795746809,566423.485450352,98157.113282333,1228563.60561663,12158.402664834,6644.38010620994
FT3323,768.187983884078,768.187864749233,768.188103018922,1203.64093652734,1201.26427381531,1206.01759923936,2,1,0,1,1,4529575.66154716,137226.428991501,171421.033886719,201130.380692414,103731.148997753,251998.478716249,44565.8291688338,60454.330911064
FT3324,768.329745044017,768.329745044017,768.329745044017,203.005421623697,203.005421623697,203.005421623697,1,0,1,0,1,48871.2551822285,258837.060273438,178438.833176987,177545.568304891,147771.521323701,140269.406496159,28908.3400413432,31528.1385749457
FT3325,768.471658635706,768.471393546139,768.471884950991,51.3661788076545,50.743990155536,52.790384521068,6,0,1,5,1,44567.8680247797,538180.629754688,487172.565667318,700663.249371057,1086547.62205724,565881.569179377,669245.697217484,865377.75790824
FT3326,768.528122456631,768.528082082174,768.528360931261,3051.95388638504,3050.69006398641,3060.32478513107,3,1,0,2,1,1573084.53571126,112889.405467559,333870.836817706,126055.874993487,156833.623464368,219528.041745968,112420.456994405,173814.056959236
FT3327,768.563176803714,768.56311766145,768.563258441061,3325.01818837419,3278.47298464622,3367.7265302271,6,0,1,0,1,0,402621.2383774,0,0,0,0,0,0
FT3328,768.564481770986,768.564481770986,768.564481770986,3156.64842956329,3156.64842956329,3156.64842956329,1,1,0,0,1,413830.080267855,1788.02722173546,44590.4676177751,10658.9333033232,1278.72957964172,14686.1382448135,5923.52188450817,9657.41741399802
FT3329,768.738881745845,768.73882554159,768.738954786783,547.597054211197,546.406419777743,550.555736603242,5,0,0,5,1,18943.943515271,42573.4114147841,120139.591212294,378960.382125,546422.677372397,231665.30246559,740111.553724363,1019106.58836841
FT3330,768.718425741661,768.718354414379,768.718497068943,3518.50232487597,3518.23175915206,3518.77289059987,2,1,0,1,1,570950.590481389,125425.083827196,299448.890922274,235639.993437115,176351.779592905,351172.103351616,136339.803888455,308510.274501884
FT3331,768.609078816429,768.609078816429,768.609078816429,2975.40167374927,2975.40167374927,2975.40167374927,1,1,0,0,1,207799.889939211,0,6951.46474796108,0,0,1788.96806791783,0,2016.89805713509
FT3332,768.805830536143,768.805772431327,768.80613261816,50.9428206292685,50.743990155536,51.8652563638484,3,0,0,3,1,11452.7695296558,171533.458351171,153501.636221422,215001.302781657,375501.590219113,140422.058637061,188667.221088814,267620.677668008
FT3333,769.263775855674,769.227305589996,769.263921240696,153.432222669514,114.706886679883,156.352480691913,6,0,1,5,1,15971.6880934741,649043.051433039,299937.634001299,212259.427300648,517819.468349349,374172.382290365,1512209.29349604,1320574.86952759
FT3334,769.292425267258,769.292425267258,769.292425267258,2455.37333252381,2455.37333252381,2455.37333252381,1,1,0,0,1,385649.764638818,0,0,0,0,0,0,0
FT3335,769.2943601493,769.2943601493,769.2943601493,1684.01409623725,1684.01409623725,1684.01409623725,1,1,0,0,1,187404.04388672,31291.9967374412,16979.80561836,0,48466.6803850283,60772.0913225397,38594.7402272819,21826.1507231382
FT3336,769.198542253378,769.198542253378,769.198542253378,1201.26427381531,1201.26427381531,1201.26427381531,1,1,0,0,1,1020598.50795222,125584.446063023,255226.266942603,293845.625415729,334331.876861065,261202.777318212,255001.27867005,232974.064778624
FT3337,769.521980313366,769.51214572029,769.531814906443,3031.66060779397,3002.99643045688,3060.32478513107,2,1,0,0,1,610566.166588866,0,0,0,0,1118.55848859668,0,0
FT3338,769.621634919679,769.621634919679,769.621634919679,3045.18729264354,3045.18729264354,3045.18729264354,1,1,0,0,1,169414.094347331,7284.89688190066,65035.5068700949,31904.5484856686,10837.7576549433,50310.9613100259,16950.0421012476,42502.2055384142
FT3339,770.285049491625,770.285049491625,770.285049491625,549.787476005625,549.787476005625,549.787476005625,1,1,0,0,1,1905911.77067202,147320.075482035,172361.500392162,164434.026638097,41857.6586235472,99052.5094552396,151217.617420666,104687.635051532
FT3340,771.200804917917,771.179861293249,771.273433069012,1029.56425207809,1003.6013832388,1072.12136023748,3,0,1,1,1,0,498478.052077986,136558.603462076,151510.304450687,200522.098761895,315798.598501371,196675.999156477,184535.357657227
FT3341,771.242842666644,771.242742508784,771.242942824503,111.37986935724,109.708481055411,113.051257659069,2,1,1,0,1,694573.733476198,603360.37895762,257887.570849841,302775.145473989,317783.549649934,412846.473771604,377819.511883759,340596.862260766
FT3342,771.21975664928,771.200829453301,771.238683845259,1145.27591000367,1124.59510684594,1165.95671316139,2,0,1,1,1,885.898278548369,460481.507999551,7677.57964717091,12011.0899002798,41093.3256879444,967117.511141311,46568.7503088318,43630.46324464
FT3343,771.22043733701,771.200786659756,771.240088014263,912.724554810312,889.654304633042,935.794804987582,2,1,1,0,1,225278.672681479,503736.907156287,0,0,4332.09478378392,6366.72897375497,13473.4565088298,18365.1704478667
FT3344,771.367171697235,771.313558642671,771.367854307268,2035.4753637364,1988.67332866305,2059.84024996615,9,1,1,4,1,1881021.3078059,151891.297618519,1111304.97203474,1157868.45691071,2207739.90048377,3282599.909935,723719.23345424,881311.155769983
FT3345,771.741330347248,771.741330347248,771.741330347248,889.654304633042,889.654304633042,889.654304633042,1,1,0,0,1,165423.855364313,0,0,0,0,0,0,0
FT3346,772.206323674531,772.206323674531,772.206323674531,105.520085978719,105.520085978719,105.520085978719,1,1,0,0,1,369178.691613068,0,29921.8372543669,12822.5246857297,13180.8842930979,21278.9713542462,0,0
FT3347,772.370871896656,772.370819881871,772.370905940496,2035.37193285386,2034.30230679264,2038.74683165604,4,0,0,4,1,357219.391907129,0,324881.77923396,384426.922356741,781478.284581439,1135716.05007631,262701.02516741,297746.346952946
FT3348,772.463404727201,772.463356074768,772.463715841926,2667.37993225026,2665.56521543667,2670.28647294178,3,0,0,3,1,0,34740.8669579468,23298.6683897286,32733.8053597455,762545.511193956,368409.312695083,443721.951161818,257501.189564284
FT3349,772.512516672765,772.512516672765,772.512516672765,2963.6162575704,2963.6162575704,2963.6162575704,1,1,0,0,1,220631.687604633,0,0,0,0,0,0,0
FT3350,772.47874553687,772.47874553687,772.47874553687,3107.76171372841,3107.76171372841,3107.76171372841,1,1,0,0,1,596951.219986904,12136.428241238,30429.822103734,14955.3919735915,2878.12394597653,10008.2331903604,3965.51563011387,4707.77753771983
FT3351,773.194886170009,773.188653809591,773.252497384718,994.917204827825,992.668356262987,1107.78606090488,10,0,1,6,1,260096.261716252,2939557.33021191,2797468.16506823,2808041.96618329,3326248.13979436,2428234.18182861,4657949.4922505,5603657.39263276
FT3352,773.194799967113,773.188489693704,773.194899189289,858.262872017288,857.795671659917,860.889842494935,4,0,0,4,1,132927.268163859,1177939.30749552,1107932.23476489,903471.193127061,1065165.50420928,766257.085034677,1444807.66215588,1877663.75389425
FT3353,773.270517680466,773.252272610624,773.288762750307,1403.462584958,1393.72304240429,1413.20212751171,2,0,1,1,1,0,177863.768457031,0,0,0,172549.402265626,0,0
FT3354,773.231453775645,773.231453775645,773.231453775645,1205.90464804101,1205.90464804101,1205.90464804101,1,1,0,0,1,206194.809997561,26487.8079226519,121014.042877514,139152.941361236,190691.787132565,122780.148060917,185340.656725239,154885.340110613
FT3355,773.205724158227,773.205724158227,773.205724158227,160.62486784069,160.62486784069,160.62486784069,1,1,0,0,1,1830583.61967092,2382.22106591346,0,3287.36712551838,0,0,0,0
FT3356,773.179684372798,773.179684372798,773.179684372798,1588.89548396791,1588.89548396791,1588.89548396791,1,1,0,0,1,154135.980235595,0,0,0,4682.0052547554,0,4503.11391006362,0
FT3357,773.325218174437,773.325130994025,773.325491201386,2502.06212873242,2501.46094167395,2503.88581502531,6,0,0,6,1,12006.663288898,8088.92553169149,204344.721397704,521964.873639021,630049.431297193,576429.670971686,652351.029971084,1049692.54406066
FT3358,773.481526097508,773.481526097508,773.481526097508,3107.76171372841,3107.76171372841,3107.76171372841,1,1,0,0,1,193032.646481373,2334.99749543519,2607.25726299854,1567.56997101611,0,0,0,0
FT3359,773.631308494487,773.631308494487,773.631308494487,3096.08643560062,3096.08643560062,3096.08643560062,1,1,0,0,1,150341.931523436,0,0,0,0,0,0,0
FT3360,774.198779787086,774.1985879522,774.198872249941,993.583266613841,992.697146046748,996.43824130572,7,0,1,6,1,88656.4105496556,967289.304115478,1134333.65901074,1036368.42684479,1249614.16662684,918185.719136047,1751928.21912065,2252222.1331543
FT3361,774.237775614631,774.237684807645,774.237961405185,625.865041719593,623.903443459764,628.198507686554,5,0,0,5,1,28065.9554357761,68597.9216382388,757191.629550586,1216240.55731112,2641851.38687677,903514.325266363,3540950.18757324,6653882.37439629
FT3362,774.282208923201,774.282208923201,774.282208923201,107.149739077254,107.149739077254,107.149739077254,1,1,0,0,1,322350.21347781,0,17361.1370092362,6941.50855071096,6222.08569735786,6585.10242066483,0,18595.4521658693
FT3363,774.32895868766,774.328918537967,774.329089964202,2502.06212873242,2501.94954825625,2503.38658114903,4,0,0,4,1,0,3312.18104282767,88090.6235770914,193402.071382446,214627.631251156,219939.202221682,262283.090946141,398961.306805135
FT3364,774.739008483702,774.738917177192,774.739189966993,625.865041719593,625.169007272291,628.198507686554,5,0,0,5,1,2747.57814036488,26532.5961095985,397286.862521903,743067.375095593,1479420.71084472,485594.81528216,1938330.54683858,3903928.322136
FT3365,774.704606851458,774.704606851458,774.704606851458,3518.23175915206,3518.23175915206,3518.23175915206,1,1,0,0,1,385282.174194911,145660.856786122,162922.947807402,140458.288106817,95816.4288836491,188898.162085277,70815.9785455485,200139.466001538
FT3366,775.152942289315,775.152894875352,775.153053265078,1093.37907403561,1091.15761762771,1095.60348806682,5,0,1,4,1,253711.738591657,4189500.65975384,1845346.61144922,1560692.3116663,1446577.75158203,963265.306032365,867758.910556672,900782.323734086
FT3367,775.257706295325,775.247254479195,775.268158111454,1217.07217369839,1205.90464804101,1228.23969935577,2,1,0,1,1,166488.840842693,0,0,0,0,1034687.83924089,0,0
FT3368,775.201232069405,775.201109352921,775.268122943292,995.56341295496,993.14319795345,1031.98571219126,3,0,0,3,1,0,154250.437408305,140257.622294677,155766.972877117,160652.567184198,4128585.97752684,228267.807309085,252033.105263977
FT3369,775.432543965076,775.432543965076,775.432543965076,3266.88378141137,3266.88378141137,3266.88378141137,1,1,0,0,1,901109.599316408,0,47216.9238895996,5872.59284427978,1128.93686964042,4086.12427126114,1283.37936596576,1461.83054540925
FT3370,775.462784108687,775.462784108687,775.462784108687,2244.92111870202,2244.92111870202,2244.92111870202,1,1,0,0,1,848234.51044335,0,0,0,0,0,5057.88962338393,4064.51666518753
FT3371,775.701204283842,775.700977142592,775.701305917947,3519.07755456422,3516.62170636014,3521.15700171167,7,1,1,5,1,1776853.37447645,613510.249346743,716421.271214734,651280.777944044,377110.395751954,884679.743093375,335923.563720827,958545.840393357
FT3372,776.214242156627,776.156657373657,776.271708504635,1094.15397279289,1031.98571219126,1151.49939976814,4,0,1,2,1,0,1222198.77180032,807691.658480503,114301.285398032,201316.752139322,1598721.08353214,142263.407320625,104180.855977678
FT3373,776.46602245175,776.46602245175,776.46602245175,2244.92111870202,2244.92111870202,2244.92111870202,1,1,0,0,1,203291.102586495,0,0,3151.34611516456,0,0,0,0
FT3374,776.704025735643,776.703847016154,776.704112502402,3519.0169919393,3515.36157348419,3519.16203708541,4,1,1,2,1,968618.414198994,262211.054140179,371970.868594292,269979.81297433,227938.623418475,437982.644000217,158175.736002213,426603.590611234
FT3375,777.232329044913,777.228175514172,777.23246529166,530.83884749754,526.960661925132,531.730991489813,3,0,1,2,1,99948.0577928768,827173.28610243,805713.509445009,1300167.39194318,1670242.88766176,1501577.7744079,2446812.82280869,2146096.11971035
FT3376,777.215885126698,777.205498428395,777.226271825001,1756.23927824415,1750.89742211334,1761.58113437495,2,1,0,0,1,1206133.46170688,0,0,0,6359.39627069489,0,12472.215156339,0
FT3377,777.228506375116,777.228506375116,777.228506375116,1844.93453660385,1844.93453660385,1844.93453660385,1,1,0,0,1,1662471.60782131,57276.957063429,32976.4655611809,143383.149308762,176782.418348958,295002.854961572,195819.663687149,203184.707590553
FT3378,777.263131216214,777.263131216214,777.263131216214,1529.92391756711,1529.92391756711,1529.92391756711,1,1,0,0,1,322393.951215818,11638.3517892101,48051.9602102105,34728.3823590242,27894.7669732018,42158.9905108456,55686.2872172352,46006.0948371113
FT3379,777.318198294665,777.318076381726,777.319333306393,2025.16716637772,2023.13334332107,2027.33808072531,4,1,0,3,1,220270.734270019,15303.97507512,296535.089456677,237025.694856922,1252193.26010009,1647770.55880755,152871.50869958,151227.733428866
FT3380,777.513329774186,777.513329774186,777.513329774186,2528.79175208914,2528.79175208914,2528.79175208914,1,1,0,0,1,120223.105895722,0,0,0,0,0,0,0
FT3381,777.481701753456,777.481701753456,777.481701753456,3261.67440011639,3261.67440011639,3261.67440011639,1,1,0,0,1,3736728.14039061,0,5984.79316651296,0,0,0,1197.71664647777,4304.06339807671
FT3382,778.222661659474,778.200545991243,778.244777327705,1125.35348891591,1124.59510684594,1126.11187098588,2,1,0,1,1,141295.152234376,0,0,0,7493.59932799212,172249.968364958,0,0
FT3383,778.208384849258,778.208384849258,778.208384849258,1749.03185609615,1749.03185609615,1749.03185609615,1,1,0,0,1,137383.317200754,0,5566.03506572589,0,0,0,0,5787.50169297387
FT3384,778.299809952828,778.299723216951,778.299911713636,163.563569638933,162.344803646695,165.205945391047,6,0,0,6,1,51401.9377019363,47556.3068937629,380826.391540546,453150.542888183,355350.302921838,187022.009692205,477530.02915625,408670.356887277
FT3385,778.484266588697,778.484266588697,778.484266588697,3258.41875318176,3258.41875318176,3258.41875318176,1,1,0,0,1,1842879.82289917,0,0,0,0,0,0,2073.74270286801
FT3386,778.585067367296,778.501534828833,778.58519805703,2903.85995275472,2842.5375247761,2969.89570508271,6,1,1,0,1,615157.718004269,4668398.72933592,0,136149.225031177,50513.3235222308,2131.2116490979,69802.0072789927,28833.5115465198
FT3387,778.585359808801,778.585359808801,778.585359808801,3599.16812251078,3599.16812251078,3599.16812251078,1,1,0,0,1,364749.382698106,16651.440308618,0,0,0,0,0,0
FT3388,779.146294242173,779.146207274814,779.146381209531,1100.17466386697,1092.84147067307,1107.50785706088,2,1,0,1,1,299485.380601339,42954.8743101392,49887.3155318985,63837.4570428403,58123.4808352406,246159.337624289,0,0
FT3389,779.188500562416,779.183749033015,779.188793216518,112.24321900677,110.491630473791,115.446138833109,6,0,0,6,1,49477.9784422722,174191.376562001,416997.211658008,631473.698574921,485807.812953021,900923.324858875,417264.007609573,485052.048052054
FT3390,779.180751384677,779.180751384677,779.180751384677,1204.24005922949,1204.24005922949,1204.24005922949,1,1,0,0,1,4055029.40401634,7444.40006392642,6072.1853475214,0,15542.5853110151,23449.8430971863,8053.26548149342,9012.60568582898
FT3391,779.284800836492,779.284800836492,779.284800836492,751.159996923706,751.159996923706,751.159996923706,1,0,1,0,1,70340.8047713011,496970.511077303,247839.830326349,185269.831921362,204385.148115424,156355.925393045,271511.546423894,277276.421896798
FT3392,779.299965409396,779.299965409396,779.299965409396,1081.33836340209,1081.33836340209,1081.33836340209,1,1,0,0,1,4972750.42643855,0,69086.3054911135,5777.4000180605,0,28829.456121447,43747.4137834928,21966.6006046265
FT3393,779.390433738559,779.390433738559,779.390433738559,2975.40167374927,2975.40167374927,2975.40167374927,1,1,0,0,1,243129.063984376,2007.33203619984,18368.8898165273,1861.79899870488,0,0,1845.98037356215,0
FT3394,779.460856966122,779.460856966122,779.460856966122,3075.81044201454,3075.81044201454,3075.81044201454,1,1,0,0,1,393547.525939941,0,34902.2426506551,11490.364751068,3624.89710667885,16817.1235814697,3946.31101894459,12151.5828248459
FT3395,779.518177259353,779.518177259353,779.518177259353,2144.37417994069,2144.37417994069,2144.37417994069,1,1,0,0,1,398608.757329305,3524.56054642414,16072.228008366,8060.36113145246,12604.4552346145,6181.67900157515,4588.85788192559,26976.2949656688
FT3396,779.505268432263,779.505268432263,779.505268432263,2969.89570508271,2969.89570508271,2969.89570508271,1,1,0,0,1,211037.903272707,0,0,0,0,0,0,0
FT3397,779.679138907331,779.679138907331,779.679138907331,1204.24005922949,1204.24005922949,1204.24005922949,1,1,0,0,1,3233693.03750734,6185.48248517892,4747.82825714111,0,0,8751.87049971481,0,0
FT3398,780.18195360071,780.18195360071,780.18195360071,1204.24005922949,1204.24005922949,1204.24005922949,1,1,0,0,1,1356852.41267204,0,6739.51016330769,0,0,0,24056.1194529686,14329.1955741349
FT3399,780.302788849968,780.302788849968,780.302788849968,1081.33836340209,1081.33836340209,1081.33836340209,1,1,0,0,1,1804772.88730093,0,5121.30314011708,6283.4234620437,0,0,0,0
FT3400,780.463655503248,780.463655503248,780.463655503248,3075.81044201454,3075.81044201454,3075.81044201454,1,1,0,0,1,133953.882444192,1538.77201891413,7896.46330803805,0,0,0,0,0
FT3401,780.439920566123,780.439920566123,780.439920566123,2989.12799893069,2989.12799893069,2989.12799893069,1,1,0,0,1,162103.053013,0,4956.6826345632,1955.28387667554,0,2296.21497185248,0,0
FT3402,780.521328976448,780.521328976448,780.521328976448,2144.37417994069,2144.37417994069,2144.37417994069,1,1,0,0,1,180728.136633027,0,5831.13682007398,0,0,0,0,4437.12838447814
FT3403,780.594597655694,780.564846669321,780.601248194607,3191.22048007112,3162.40105243641,3223.25793606486,4,1,1,1,1,1193126.31819695,90597659.9564215,0,4882177.85460206,1661.6680414922,1584.17384947231,2341.10217849874,831.26300864885
FT3404,780.681886705278,780.681886705278,780.681886705278,1204.24005922949,1204.24005922949,1204.24005922949,1,1,0,0,1,273229.505208336,0,0,0,0,0,0,0
FT3405,781.215837430369,781.199607131905,781.263897097835,111.281607059781,101.457355688671,165.529774386727,12,1,1,5,1,273801.472578125,1753976.87128998,1199602.51594225,2165146.78688796,971444.70390521,21511573.7044725,1085592.87543605,10182.9468599617
FT3406,781.221735822388,781.221735822388,781.221735822388,1112.79420496318,1112.79420496318,1112.79420496318,1,1,0,0,1,365257.96609356,175264.325284534,125215.885322604,187844.47961003,166512.109631458,223325.692164662,191762.574169292,154093.454533942
FT3407,781.221688107427,781.221688107427,781.221688107427,1654.03102149612,1654.03102149612,1654.03102149612,1,1,0,0,1,1091947.00890624,10283.6318436199,15483.3296355413,33502.8152279428,56994.2078253568,223230.263698847,76032.3735602633,72536.4129528179
FT3408,781.467924948723,781.467906069322,781.467943828124,3319.94782830872,3312.8445597095,3327.05109690794,2,1,0,0,1,3411352.23343753,2004.90776838097,12725.979313866,1382.87776539525,0,5072.61978753395,2650.44221626723,15723.8115677996
FT3409,781.475596879758,781.475596879758,781.475596879758,2556.7971022148,2556.7971022148,2556.7971022148,1,1,0,0,1,397697.884073574,7428.50020352476,49707.142608629,29973.1899176205,14282.142178637,28140.8254401751,38919.7489894168,43563.1674972705
FT3410,781.305966393192,781.305966393192,781.305966393192,1081.33836340209,1081.33836340209,1081.33836340209,1,1,0,0,1,282340.781601074,0,0,0,0,6281.51024378204,0,0
FT3411,781.439309082682,781.439309082682,781.439309082682,2989.12799893069,2989.12799893069,2989.12799893069,1,1,0,0,1,328031.181627928,1322.16067060069,9857.92973243935,7499.16629668252,0,6692.16866814825,1544.37861713303,0
FT3412,781.60432952025,781.512403208261,781.604416033702,3195.23025172746,3167.24549080577,3215.19546933647,4,1,1,0,1,447497.262769911,42031963.6300001,1181.63971681227,658117.733538741,196204.871340755,38099.3642495065,215080.558230132,68263.6638615839
FT3413,782.207296232729,782.202658841296,782.295093413627,106.096285637184,102.080869153811,115.678358360739,4,1,1,2,1,351259.603277714,250977.978283997,219206.843163673,426469.600459548,80566.1635297652,5423352.60257623,28607.479177376,10743.2206697766
FT3414,782.224706703614,782.224706703614,782.224706703614,1654.03102149612,1654.03102149612,1654.03102149612,1,1,0,0,1,432315.540652902,0,6433.8013270083,4622.18768953436,7841.75166525147,94887.3838942255,7797.73704061145,13118.9758490096
FT3415,782.346999403149,782.346999403149,782.346999403149,1010.74375679628,1010.74375679628,1010.74375679628,1,1,0,0,1,127279.774969308,0,0,0,0,0,0,0
FT3416,782.352463663038,782.352463663038,782.352463663038,1083.34394343306,1083.34394343306,1083.34394343306,1,1,0,0,1,999245.32036058,0,69450.3373461972,71365.4627078694,23571.6819956108,12458.5092293514,0,0
FT3417,782.479098407574,782.479098407574,782.479098407574,2556.7971022148,2556.7971022148,2556.7971022148,1,1,0,0,1,182798.250400392,0,16733.0846649959,2903.55488471468,4851.15035816013,3927.88102303531,0,9562.76857620697
FT3418,782.471819862679,782.471819862679,782.471819862679,3322.03443624782,3322.03443624782,3322.03443624782,1,1,0,0,1,2649176.09080029,1143.18798319299,15048.1415963195,0,0,0,994.828817446146,7001.06098284123
FT3419,782.442825729191,782.442825729191,782.442825729191,2990.48114741833,2990.48114741833,2990.48114741833,1,1,0,0,1,100037.583618164,0,0,0,0,0,0,1784.45760745129
FT3420,782.608045841167,782.580753249137,782.608180603186,3190.92889313346,3164.84774899515,3208.58153685072,4,1,1,0,1,1436679.6235411,21107896.9875903,0,178551.125645951,37133.6378358721,3636.97190282939,43429.1504941819,8966.73285020274
FT3421,782.61680887512,782.616762716901,782.616837923572,3527.7157456776,3475.60495255726,3562.40668076107,4,0,1,0,1,18489.5210946994,24744065.634375,2958.48085623706,615723.253851289,177288.185791673,0,207320.313127983,130582.9359722
FT3422,783.242160712377,783.204897125651,783.242908565204,127.784715624987,107.321617575366,150.586107294876,8,1,1,4,1,5548965.29300039,2057146.42737012,1172691.37871094,2286919.97544634,1860302.31752661,901707.316259518,5587510.37746993,2292577.4265368
FT3423,783.240881207556,783.23927343046,783.242520168394,239.200418905522,204.387297391334,242.27432994582,5,1,1,2,1,3401075.92950825,1710167.32868483,1590212.53048096,1482479.78009139,1532582.04622429,1550645.88684662,2122309.37659812,1627193.30070868
FT3424,783.242670556392,783.242647906034,783.242737035171,564.443290541054,561.320355144619,565.143929477039,3,0,0,3,1,329779.985722199,135932.061227953,1034977.84921284,1231827.30512022,1978020.93819492,821566.379376421,3759153.36736607,3559408.56124219
FT3425,783.367199865462,783.367143905565,783.367388979542,2244.10444808774,2242.79118243369,2245.24333669014,4,1,0,3,1,258522.489257815,62163.7983886423,173114.28818477,167884.954708862,798256.247381345,1373068.0446045,115136.987729394,195854.929143582
FT3426,783.392575308455,783.392389146099,783.393047478828,2606.7272301963,2577.36976134417,2636.33498021252,6,0,1,3,1,0,126988.355115966,2769.15625962139,3240.79363602872,307624.124333493,2723.82910979248,197408.521106568,171110.222534184
FT3427,783.325024085177,783.294520649759,783.355527520596,1092.79861252676,1083.34394343306,1102.25328162046,2,1,0,1,1,349381.25057129,0,0,0,0,894455.708600207,0,0
FT3428,783.353325858369,783.353325858369,783.353325858369,899.954685405798,899.954685405798,899.954685405798,1,1,0,0,1,184976.254145996,0,0,0,0,6449.87881256263,0,0
FT3429,783.469415500662,783.469415500662,783.469415500662,3323.31228252868,3323.31228252868,3323.31228252868,1,1,0,0,1,2317346.05287573,0,649.729961078812,0,1007.2558287799,0,0,0
FT3430,783.573808526135,783.483454860257,783.619722068234,3450.36158635812,3424.79808696919,3540.30721079336,4,1,1,1,1,1173620.40433012,10483268.7786432,678948.26842773,0,531.450345462594,0,0,0
FT3431,783.583451534013,783.583451534013,783.583451534013,3197.2588388075,3197.2588388075,3197.2588388075,1,1,0,0,1,690856.933876441,5711.5676995463,43477.5428212005,20823.0536117117,0,29146.0927604623,1623.28707338527,5649.42194492797
FT3432,783.744165732306,783.744121659586,783.744196968833,563.909873318797,563.29903937567,564.443290541054,4,0,0,4,1,211396.925972045,51992.3089387239,534578.731331688,682692.575216488,1149136.92357092,441663.653198025,1472857.53149023,2214641.69565874
FT3433,783.744107603347,783.744107603347,783.744107603347,228.284242410574,228.284242410574,228.284242410574,1,1,0,0,1,1969809.08508916,292823.987772103,215020.129416625,243817.441724425,105005.171515053,381505.171877842,444722.693179027,175982.347004207
FT3434,783.743843205802,783.743843205802,783.743843205802,140.996702928284,140.996702928284,140.996702928284,1,1,0,0,1,2805388.33204635,805412.428934989,629040.20525308,565656.603442673,301578.340607817,1026407.88701856,1003240.67484065,515827.792097086
FT3435,784.211924749862,784.211924749862,784.211924749862,1204.24005922949,1204.24005922949,1204.24005922949,1,1,0,0,1,425007.726046877,23690.4876461987,15353.7715830841,8126.39217300073,0,0,1704.0880644699,0
FT3436,784.523584252478,784.523397531164,784.523802041126,3003.06297730984,3002.20202768615,3009.905331905,6,1,0,5,1,5191224.59637541,174855.894396856,822725.12017063,418704.415866702,277993.962789918,574370.003330588,264514.200961542,442508.174610643
FT3437,784.552273004853,784.552273004853,784.552273004853,3209.16826118805,3209.16826118805,3209.16826118805,1,1,0,0,1,277183.965673827,22523.5663202835,6098.80424522133,14087.0414888817,7189.52546873879,9265.32326967349,1761.22121981106,1325.86583543789
FT3438,785.215878503781,785.179467899756,785.252289107806,1280.88244552208,1275.85304802746,1285.9118430167,2,0,1,1,1,24264.8494850549,188318.779118463,86437.729220527,130443.780408329,132938.163064686,814446.971510415,173890.79112914,208393.646961058
FT3439,785.258088423325,785.258088423325,785.258088423325,114.706886679883,114.706886679883,114.706886679883,1,0,1,0,1,36533.5886613476,592785.899294197,155839.558097588,191869.153159026,276886.539614593,257476.900206617,279178.761860681,270872.631087358
FT3440,785.382672461311,785.382672461311,785.382672461311,1621.15618856407,1621.15618856407,1621.15618856407,1,1,0,0,1,94352.0714062515,0,0,0,0,0,0,0
FT3441,785.526314013024,785.517729331413,785.526326324916,3003.33734046969,3000.5576561714,3009.905331905,4,1,0,2,1,2262441.12205198,73948.1977825445,302329.44416222,168009.851686524,147159.188604353,233603.673534219,126559.462861503,191422.807752966
FT3442,786.223510535851,786.223510535851,786.223510535851,133.277259395074,133.277259395074,133.277259395074,1,1,0,0,1,2422260.075375,0,4618.78915738512,3465.9885473191,0,14374.0612028183,25878.8903593744,20703.2564321492
FT3443,786.51567606549,786.51567606549,786.51567606549,1343.56515430708,1343.56515430708,1343.56515430708,1,1,0,0,1,142667.431722934,0,0,0,0,0,0,0
FT3444,786.575742570728,786.575742570728,786.575742570728,3599.16812251078,3599.16812251078,3599.16812251078,1,1,0,0,1,687684.041503906,0,6924.4132650596,0,0,0,1305.925822214,4969.95816319461
FT3445,787.152972122346,787.15286064344,787.153083601251,983.689495541465,983.254435038056,984.124556044875,2,0,1,1,1,0,212287.851575521,166355.42072388,134210.258340095,130871.187573853,106778.248694398,87897.1503156946,76857.0120442505
FT3446,787.257564286426,787.198793782065,787.268204302467,1205.07235363525,1167.75942655965,1282.37513542158,4,1,0,1,1,365061.958215335,0,0,0,0,10821239.4852291,0,4370.36376728358
FT3447,787.340918366405,787.340840971895,787.340992717485,2560.54769262045,2560.34550363972,2561.44556781703,3,0,0,3,1,0,0,52631.5257944335,108133.358270056,146070.693513495,113144.354111327,148599.082614746,280407.473221823
FT3448,787.19527204954,787.19527204954,787.19527204954,1001.88871968047,1001.88871968047,1001.88871968047,1,0,1,0,1,103064.688524301,649674.640855866,122399.912595553,123312.969494321,164341.146959105,180164.623231829,204988.723147663,217544.763191687
FT3449,787.52084589855,787.52084589855,787.52084589855,2839.71235315636,2839.71235315636,2839.71235315636,1,1,0,0,1,125990.94298619,0,0,0,0,0,0,0
FT3450,787.579056215055,787.579056215055,787.579056215055,3599.16812251078,3599.16812251078,3599.16812251078,1,1,0,0,1,285784.974229913,0,1053.24859692621,0,0,0,0,2316.13478409746
FT3451,788.224969068039,788.224969068039,788.224969068039,643.12606225257,643.12606225257,643.12606225257,1,1,0,0,1,682684.943248085,8317.60037462381,28881.4049377278,22669.3376541539,6075.52054028338,26657.0395766384,45090.0365242441,24055.3674003823
FT3452,788.206595546089,788.206595546089,788.206595546089,1201.26427381531,1201.26427381531,1201.26427381531,1,1,0,0,1,283513.160339705,0,13297.9265143688,4891.80478033173,0,14831.0351245394,0,8892.08044830716
FT3453,788.254081964058,788.254081964058,788.254081964058,1533.74036042718,1533.74036042718,1533.74036042718,1,1,0,0,1,510768.324941055,0,0,0,0,7582.25459273806,15843.0342290502,0
FT3454,788.529596726706,788.529037018771,788.530156434641,2910.89244989261,2908.96251081734,2912.82238896789,2,1,0,1,1,12891796.9336127,19920.4270898057,126232.596347655,26607.8924876668,15723.1766754571,54856.7966871991,32322.025726038,92221.1468394617
FT3455,788.528098120566,788.509706682938,788.546489558193,3117.64026388135,3101.20761869709,3134.0729090656,2,1,1,0,1,409261.229298419,1204817.22412977,1474.93441446286,0,0,0,3079.02079524521,0
FT3456,788.8328966042,788.726003305786,788.854046867919,643.12606225257,634.432521094078,646.445256248808,3,1,0,1,1,425512.356170247,0,3376.47819613457,0,0,5170.59895730995,15354.3359061592,1131622.42887222
FT3457,788.93885362112,788.848001822606,789.014646815086,2050.21467315628,1987.59915883098,2090.35759334288,6,1,0,2,1,812777.303419921,0,0,4136.17655644811,0,107096.251441615,213266.96873169,207028.810227271
FT3458,788.895488975025,788.809141277539,788.9809711363,1706.20400051603,1684.01409623725,1733.81350793884,4,1,0,2,1,505937.176209531,0,0,11353.3737102246,416086.102498351,12184.8384876905,0,719620.963557142
FT3459,788.934658654887,788.814261134266,788.989300893285,1399.0127279873,1375.93170103465,1473.09503072461,5,1,0,2,1,546363.323819987,0,4823.51088428905,0,0,640802.196716309,435682.248417966,0
FT3460,788.985228523882,788.817287163894,789.003046907958,1586.98736649554,1512.32097863886,1635.72789566325,5,1,0,4,1,456171.67375104,74420.4644188489,0,0,620915.18120718,656037.803354585,422345.973916779,165627.704703506
FT3461,788.908742565017,788.81109505202,788.993345688755,98.7770630484386,66.9842785413205,187.338303146489,4,1,0,3,1,303736.185756756,4945.72180120982,0,0,6075.1258494442,852738.286471119,547713.587891224,301931.42423562
FT3462,789.168830516948,788.966205426916,789.169117082369,978.589833534628,951.684382430533,1008.53568057949,9,1,1,5,1,488238.543421688,612906.391409464,275010.01231422,1554109.36309993,300212.333314985,203117.241216633,227400.835558328,193843.183177469
FT3463,788.980789932908,788.921446543796,789.163141715343,2200.02600407762,2168.85503828299,2250.70425093957,4,0,0,4,1,45835.8979012937,2941.4214588191,191158.383580858,0,142890.059704592,160887.654510258,139056.821929689,0
FT3464,788.994894393693,788.950816251017,789.142067838576,684.373812095916,648.213845874978,693.30871701097,3,0,1,1,1,3841.9730279393,525634.491458292,0,435493.0071763,112478.924381863,94758.1946130027,0,0
FT3465,788.995634243533,788.947928406871,789.163875720458,2360.51748777956,2323.06361734016,2382.60406937866,3,1,0,1,1,704006.113881707,130579.593218924,376845.533071754,0,5700.17351163235,0,870.454064270176,0
FT3466,789.082335611955,789.001984899456,789.162686324454,1917.46926432757,1916.92524001969,1918.01328863545,2,0,1,1,1,52998.7443803779,518146.29561325,4159.53396101486,559289.401422119,17111.7321726307,0,4639.55569758352,4974.75287835162
FT3467,789.199596655677,789.154788226982,789.284062537367,1182.26098870148,1136.16065516492,1205.90464804101,4,1,0,3,1,284852.551464846,11486.9859775208,576106.734465786,819712.952621548,9073.11640643564,459370.007866963,9575.7861465851,8100.43670852625
FT3468,789.148452813059,789.120357252158,789.2788984756,1289.39468608591,1282.37513542158,1323.47479000836,3,0,0,3,1,1398.17157220916,67388.2867722703,858906.870161863,639496.320266563,41106.2554698041,764313.792109021,0,6772.42131295985
FT3469,789.194458056973,789.162384944541,789.226531169406,1819.01435467391,1801.1021504905,1836.92655885731,2,1,0,1,1,175775.051867189,0,372272.762439269,0,7701.1168133278,0,0,0
FT3470,789.481540753285,789.481540753285,789.481540753285,3271.8968378703,3271.8968378703,3271.8968378703,1,1,0,0,1,5106050.42202329,4662.88069478165,34079.1636783759,6818.42383009267,0,10729.7684516733,6651.87665349753,24352.6348612363
FT3471,789.533358933224,789.533358933224,789.533358933224,2912.82238896789,2912.82238896789,2912.82238896789,1,1,0,0,1,5743172.16007033,11129.2339759351,85665.3521298026,19432.3054568454,3940.52086005364,32503.9460485186,16532.9653120531,43922.1686575171
FT3472,789.518133813388,789.518133813388,789.518133813388,3144.26726463053,3144.26726463053,3144.26726463053,1,1,0,0,1,482372.525664203,2865.39429430591,17672.381611837,4661.51595325062,7485.18791612019,8401.04228314354,11089.9050158056,12682.7000047981
FT3473,789.51584625414,789.51584625414,789.51584625414,1551.6890723563,1551.6890723563,1551.6890723563,1,1,0,0,1,1404200.04436942,0,0,5150.66475994805,0,5644.06204675469,0,898.284913584698
FT3474,790.168521361195,790.168521361195,790.168521361195,1204.24005922949,1204.24005922949,1204.24005922949,1,1,0,0,1,678321.481037112,0,0,0,0,0,0,0
FT3475,790.484337734069,790.484337734069,790.484337734069,3271.8968378703,3271.8968378703,3271.8968378703,1,1,0,0,1,2356746.16182696,0,5265.77807374901,1384.50967249272,0,0,1113.44433315529,2995.09223292094
FT3476,790.536639655184,790.536639655184,790.536639655184,2912.82238896789,2912.82238896789,2912.82238896789,1,1,0,0,1,1217954.93010498,0,6244.36498324246,0,0,0,0,1520.41852073681
FT3477,790.519003978185,790.519003978185,790.519003978185,1551.6890723563,1551.6890723563,1551.6890723563,1,1,0,0,1,620386.742640905,0,0,0,0,0,0,0
FT3478,790.669640020116,790.669640020116,790.669640020116,1204.24005922949,1204.24005922949,1204.24005922949,1,1,0,0,1,547622.005468749,0,0,0,0,0,0,0
FT3479,791.178710445129,791.178710445129,791.178710445129,1205.90464804101,1205.90464804101,1205.90464804101,1,1,0,0,1,399245.450994219,0,0,6009.19333181982,0,0,0,0
FT3480,791.336413358934,791.336312019329,791.337469918589,2358.3406840474,2357.83351928805,2359.62663168753,7,0,1,6,1,186223.979687217,236897.329302368,377786.386134217,623042.901777342,720299.10378297,711651.920403654,614260.827049973,1056055.30383432
FT3481,791.339303846556,791.339303846556,791.339303846556,815.307121672192,815.307121672192,815.307121672192,1,1,0,0,1,665185.869640285,0,0,0,0,0,0,0
FT3482,791.497443479074,791.474316257114,791.497749450077,3329.83282418493,3304.94710128121,3331.96298410555,9,1,1,5,1,198079788.404511,195693.935551758,2216405.39857849,494942.417518314,196376.176276621,393175.604947664,512041.584723477,1142491.80199951
FT3483,791.840757076034,791.840757076034,791.840757076034,815.307121672192,815.307121672192,815.307121672192,1,1,0,0,1,428635.70161499,0,0,0,0,4176.49830188907,4024.34566273339,4992.42050032067
FT3484,792.270898971782,792.270898971782,792.270898971782,883.57113098796,883.57113098796,883.57113098796,1,1,0,0,1,207516.795960937,0,0,4288.39031588543,0,0,0,0
FT3485,792.339143037326,792.3390982736,792.339475266502,2358.43874371616,2357.83351928805,2359.06314914181,4,0,0,4,1,76006.5085988726,69495.6096752492,121176.928946742,205375.939902343,219944.630082872,260457.221146733,231398.444970068,320248.758821364
FT3486,792.311367064958,792.311367064958,792.311367064958,2658.75331494237,2658.75331494237,2658.75331494237,1,1,0,0,1,564797.159483332,36165.8716730512,27943.5615946536,17329.8925227998,16760.7684778462,15268.1899839262,23365.9426495977,24377.3722473255
FT3487,792.343659914758,792.343659914758,792.343659914758,2726.75969385106,2726.75969385106,2726.75969385106,1,1,0,0,1,987660.318753399,44403.8449023714,21843.0294160259,13868.581509391,11035.2719748437,13710.8499671592,9253.27945701244,18704.9603835294
FT3488,792.324463488732,792.324463488732,792.324463488732,2022.96196798786,2022.96196798786,2022.96196798786,1,1,0,0,1,1032562.79364385,0,0,0,0,0,3424.00795453988,22516.0373604594
FT3489,792.500359848938,792.487007331024,792.501169874092,3322.15378202769,3315.47586562403,3330.80868537525,4,1,0,2,1,96264593.6438382,138382.936846552,1018240.24308136,229906.842598186,87605.2202556621,198353.159951787,241868.333820181,518459.147316285
FT3490,792.456736236507,792.456736236507,792.456736236507,1341.69110389128,1341.69110389128,1341.69110389128,1,1,0,0,1,346437.053705511,0,0,0,0,8157.42845392583,0,0
FT3491,792.510338436169,792.510338436169,792.510338436169,2783.80580581722,2783.80580581722,2783.80580581722,1,1,0,0,1,244637.332440183,0,0,0,0,0,0,0
FT3492,792.813196360398,792.813196360398,792.813196360398,2658.75331494237,2658.75331494237,2658.75331494237,1,1,0,0,1,423754.714833828,24309.623115833,24516.0170159687,8129.95703915688,3323.7203942567,16071.0581292435,7003.04922270344,8524.01080246224
FT3493,793.227670844057,793.227523586554,793.227786652432,395.6690974313,390.862700902886,397.981338555447,4,0,1,3,1,60025.984835479,553982.256060315,779905.607560648,1606752.77230576,1107375.52562163,1138821.64994091,1925253.24838002,1928131.54879953
FT3494,793.203797970406,793.164526020612,793.243069920201,1391.99343899091,1379.63622040963,1404.35065757219,2,1,0,1,1,140601.718581542,0,0,0,17285.0129645123,410335.917187501,11534.4381092517,0
FT3495,793.340384744063,793.328672911138,793.352096576989,2044.05799152034,2022.96196798786,2065.15401505281,2,1,0,1,1,358906.665161133,0,0,3701.38514414836,163946.0917768,0,0,0
FT3496,793.40968160194,793.40968160194,793.40968160194,1655.62683607908,1655.62683607908,1655.62683607908,1,1,0,0,1,147865.230506592,0,9258.27284294005,0,0,7043.80671583148,0,5235.60942372847
FT3497,793.40645593569,793.40645593569,793.40645593569,2445.26967039996,2445.26967039996,2445.26967039996,1,1,0,0,1,126262.917649738,0,0,0,0,0,0,0
FT3498,793.300571096388,793.300571096388,793.300571096388,785.687348730731,785.687348730731,785.687348730731,1,1,0,0,1,1220318.61900757,179157.27576912,116033.261980243,84034.8011950709,135163.387080295,170511.161906491,237115.699192575,281110.082849059
FT3499,793.464336618026,793.463912905402,793.538061966151,2901.40663044111,2839.71235315636,2903.6657164258,7,1,0,6,1,502969.495407992,38525.5832958783,198985.975241698,214969.575447693,268494.92772864,304789.168949753,316071.350804686,440088.240548468
FT3500,793.512857956217,793.512857956217,793.512857956217,3418.30874981519,3418.30874981519,3418.30874981519,1,1,0,0,1,28272837.8786046,37239.1197890962,296750.12485227,77655.8433758273,23078.28520579,33612.6424684902,73123.4856977711,127982.951016342
FT3501,793.504180748571,793.504180748571,793.504180748571,3315.47586562403,3315.47586562403,3315.47586562403,1,1,0,0,1,23687066.2958657,21953.6471765922,192384.273054739,52853.0155951393,17318.7951031577,41470.5787173839,50895.2800644443,108504.846639334
FT3502,793.621661359172,793.621661359172,793.621661359172,3039.42307083599,3039.42307083599,3039.42307083599,1,1,0,0,1,134632.096022729,1269.79802491915,6032.75930904065,2647.50623202759,0,0,0,0
FT3503,794.258483347686,794.258322662732,794.258745418485,121.03716566182,120.097058503051,126.535297995497,8,1,1,6,1,1083618.92889805,1080009.01355273,520198.621735677,783139.936138463,787810.658524577,1046764.92126092,1313662.40930117,751609.073378865
FT3504,794.195225842196,794.195225842196,794.195225842196,1110.72147975254,1110.72147975254,1110.72147975254,1,1,0,0,1,1378153.6660144,10993.9635007119,14316.4690298439,7235.16420678151,13287.2122933402,22815.3312155022,0,6151.48954817115
FT3505,794.51567855801,794.515636346382,794.515720769639,3409.78089402203,3401.25303822888,3418.30874981519,2,1,0,0,1,13499251.5252715,8379.88283037847,75317.1137745212,16555.9389144671,7029.44867092601,10643.3150417226,18631.2585532103,39648.2382936912
FT3506,794.506038719374,794.506038719374,794.506038719374,3315.47586562403,3315.47586562403,3315.47586562403,1,1,0,0,1,3479720.00415001,2344.07763900748,19668.9396021071,923.407281413611,1169.45420376583,0,2474.95524243537,7639.85767444451
FT3507,794.462806050163,794.462806050163,794.462806050163,3062.00283356915,3062.00283356915,3062.00283356915,1,1,0,0,1,168980.500313895,1370.10350900724,0,0,0,0,0,0
FT3508,794.54117566578,794.54117566578,794.54117566578,2839.71235315636,2839.71235315636,2839.71235315636,1,1,0,0,1,252698.702457414,0,0,0,0,0,0,0
FT3509,794.580366112412,794.580301919551,794.580430305273,3212.42249073502,3203.23404764829,3221.61093382174,2,1,0,1,1,14376768.6298008,84734.9791961327,716309.006067917,196782.38393979,27180.4998022626,204757.220287902,77958.6805930557,170263.209479438
FT3510,795.04690797883,795.04690797883,795.04690797883,2465.24644203798,2465.24644203798,2465.24644203798,1,1,0,0,1,137170.127255247,0,23891.2465234889,18651.2893157737,47553.6722121783,66137.686408137,81370.3049050396,82533.007561675
FT3511,795.251958801207,795.248876301143,795.262641671005,121.840954764414,119.248059909676,162.630687220723,5,1,1,2,1,310274.126267571,719641.017633106,176538.54881493,191693.604782709,414270.455323712,205996.743391602,1908947.50891703,4192378.02703972
FT3512,795.226031863681,795.226031863681,795.226031863681,1204.24005922949,1204.24005922949,1204.24005922949,1,1,0,0,1,572344.135968424,45973.6661755885,7129.09860065274,29860.6614011255,9486.4875403183,22268.8895178805,19135.0834594192,53802.8766061949
FT3513,795.199422455659,795.199422455659,795.199422455659,1110.72147975254,1110.72147975254,1110.72147975254,1,1,0,0,1,488077.785449968,0,0,8301.3056350429,0,0,0,0
FT3514,795.180096751315,795.180096751315,795.180096751315,1530.95660898281,1530.95660898281,1530.95660898281,1,1,0,0,1,150435.488069197,5726.0760864361,66271.1957376584,43550.6404488154,51824.209623124,47859.615754604,56941.0900913,87910.0765161951
FT3515,795.367612947328,795.367486342701,795.367848959616,2282.7683245706,2281.72826320319,2283.44191131846,5,0,0,5,1,182659.766156412,6875.37470504089,450018.706698171,409422.054675296,371452.757995793,923385.480849601,248493.747814914,373020.624361878
FT3516,795.528306794561,795.528192075184,795.528421513938,3538.17691736918,3524.06593016436,3552.28790457399,2,1,0,0,1,10008773.216726,15122.2895674633,166796.876624194,57529.7373340275,27113.4180122639,33858.0834969412,37278.4375334359,86944.9362196244
FT3517,795.519583083319,795.519583083319,795.519583083319,3418.30874981519,3418.30874981519,3418.30874981519,1,1,0,0,1,2927697.25897417,0,21446.1869428256,3751.76974175869,0,0,1092.11491094718,4480.38788646832
FT3518,795.513193524887,795.513193524887,795.513193524887,2072.60501857983,2072.60501857983,2072.60501857983,1,1,0,0,1,452240.978645958,4661.12367185346,41086.3252339212,5399.03042554789,0,6283.06149193432,33814.6916171486,24141.6082349559
FT3519,795.491884519622,795.491884519622,795.491884519622,3094.98784727913,3094.98784727913,3094.98784727913,1,1,0,0,1,189720.432110597,1056.71869982753,10101.5884548585,4530.65590700018,1375.31239328881,4091.20286227463,4635.39812835077,9500.23685529678
FT3520,795.528125715565,795.528125715565,795.528125715565,2499.23876631563,2499.23876631563,2499.23876631563,1,1,0,0,1,164150.690145786,0,3176.38863428758,2504.68581650977,0,0,3429.77495898043,4915.15682529009
FT3521,795.584121976158,795.58390237146,795.584286793163,3221.61093382174,3203.23404764829,3287.84172022218,3,1,0,1,1,7078206.99562499,33796.4812642912,317747.841791995,93997.8772216336,17660.3478941874,108730.916245554,33216.6858612583,86008.5014944541
FT3522,795.563895806912,795.563895806912,795.563895806912,2975.40167374927,2975.40167374927,2975.40167374927,1,1,0,0,1,1205786.5574867,0,2330.04466646919,2056.49615363117,1878.45180050983,0,0,4690.26325759705
FT3523,796.531570828809,796.531570828809,796.531570828809,3552.28790457399,3552.28790457399,3552.28790457399,1,1,0,0,1,4843894.95346793,4861.77234475171,103042.742610311,31115.467209166,6366.57798292871,7227.31373004001,11080.6734567775,35446.4977210605
FT3524,796.516423104739,796.516423104739,796.516423104739,2072.60501857983,2072.60501857983,2072.60501857983,1,1,0,0,1,183346.502880863,0,3802.99570622182,0,0,0,0,0
FT3525,796.596542804646,796.59217578734,796.596711795967,3262.07318424128,3247.90649568669,3263.74094207698,5,1,0,4,1,16385589.6902419,227162.493707247,1422437.54096095,453881.099278563,100272.547172553,490197.564621096,215500.887537262,321328.458130457
FT3526,796.557300707836,796.557300707836,796.557300707836,1341.69110389128,1341.69110389128,1341.69110389128,1,1,0,0,1,108464.789587052,0,0,0,0,0,0,0
FT3527,796.56731371279,796.56731371279,796.56731371279,2975.40167374927,2975.40167374927,2975.40167374927,1,1,0,0,1,591262.228051766,0,5001.80175997965,0,0,0,1677.48071190006,0
FT3528,797.258929642259,797.222336031921,797.259164358251,118.158227428755,116.454037008462,119.345556409874,4,0,1,3,1,45244.0190923482,456778.246988569,491424.593693342,540659.57818634,1390286.37517321,469307.435149581,885546.153170611,1031637.96417867
FT3529,797.279609637528,797.237835678612,797.279829570618,1207.95356297745,1197.2816901793,1208.56478080046,3,1,0,2,1,2624066.18670307,70964.7676955475,122004.483837891,109541.136661781,0,801932.577421876,0,0
FT3530,797.361840361238,797.361840361238,797.361840361238,1959.18371467812,1959.18371467812,1959.18371467812,1,1,0,0,1,346785.088889381,3910.63959321709,0,23292.8649995372,22988.6087721592,19517.3029879846,22989.3807794861,14683.7783323313
FT3531,797.543581244432,797.543439309889,797.543729427549,2929.38738593257,2892.67618268466,2964.28466175683,4,0,1,0,1,2743.85072062645,5857640.39062499,1505.31329878756,25152.9333470295,11335.9846763746,0,4860.35282110255,8656.45781300507
FT3532,797.543737269697,797.463453172502,797.5438286379,3098.08687320768,3069.93349725144,3098.38366816703,3,1,1,0,1,1490591.37508194,14951275.9099349,9483.0780939134,169642.375920658,52107.710726192,31215.5334115096,52881.9333598612,43651.2752037686
FT3533,797.522346505227,797.522346505227,797.522346505227,2286.77863337484,2286.77863337484,2286.77863337484,1,1,0,0,1,129414.871887554,9660.05407740869,29629.0137067862,10521.6584556248,8201.06624249548,8748.86066322402,0,11059.4919706922
FT3534,797.599529392399,797.599472144852,797.599824542175,3261.04506190691,3247.90649568669,3263.91088186285,3,1,0,2,1,8101909.67179685,105407.363139982,680736.623864748,227752.102590109,47937.2311636649,228661.732529451,102406.928672967,161079.656828062
FT3535,797.652490091804,797.652490091804,797.652490091804,3107.76171372841,3107.76171372841,3107.76171372841,1,1,0,0,1,166810.0190625,6337.44276297538,7666.48227613473,8938.96098908746,3121.8078850382,3389.25152198338,11574.2005297425,17115.1682633027
FT3536,798.153754193141,798.153754193141,798.153754193141,1204.24005922949,1204.24005922949,1204.24005922949,1,1,0,0,1,470896.528218587,0,0,0,9551.6640010196,5628.13964511168,0,0
FT3537,798.253660720119,798.253660720119,798.253660720119,119.497184338397,119.497184338397,119.497184338397,1,1,0,0,1,415007.362081604,5037.15966909467,5844.85947439148,5157.00333998896,0,4157.89667700411,75858.7660901999,43237.4577676355
FT3538,798.261891781397,798.240890007087,798.282893555706,1202.61762657838,1197.2816901793,1207.95356297745,2,1,0,1,1,1055379.07765395,0,5489.2638680541,0,0,163868.730485839,906.025070339944,0
FT3539,798.365246174476,798.365246174476,798.365246174476,1957.90913363191,1957.90913363191,1957.90913363191,1,1,0,0,1,134675.413564454,0,0,4819.59009841584,0,0,0,5042.88088789724
FT3540,798.543582995244,798.466341477808,798.54754981357,3084.01018522956,3009.905331905,3098.38366816703,4,1,1,0,1,2269482.25679564,7344375.8645279,0,9373.67665120204,5950.8770800893,6141.59612466141,1986.09024204333,0
FT3541,798.547203198658,798.547203198658,798.547203198658,2941.81564991074,2941.81564991074,2941.81564991074,1,0,1,0,1,3025.37928995854,2629548.55119141,0,23469.3683936814,0,0,1653.32837298056,4372.35043895346
FT3542,798.65543097093,798.65543097093,798.65543097093,1204.24005922949,1204.24005922949,1204.24005922949,1,1,0,0,1,336045.704285157,0,0,0,0,0,0,0
FT3543,798.603393039982,798.603393039982,798.603393039982,3247.90649568669,3247.90649568669,3247.90649568669,1,1,0,0,1,1730691.83495067,19521.6594101082,98274.3025397642,32299.3966294913,3816.11108799727,31224.2008541808,12715.003147479,18966.964750033
FT3544,798.696982014469,798.696982014469,798.696982014469,64.872470984916,64.872470984916,64.872470984916,1,1,0,0,1,488257.289133893,0,7204.0287161362,5276.15892187021,0,0,14182.0372124599,0
FT3545,799.237770740181,799.136096240869,799.23823592129,116.481115304283,53.33989359909,121.263633480132,9,1,1,5,1,9340277.3371769,821532.540221875,511321.901448185,557755.784800049,500090.164314467,1216741.93366113,683058.742935268,481309.167412927
FT3546,799.243499758363,799.243499758363,799.243499758363,1273.70455745347,1273.70455745347,1273.70455745347,1,1,0,0,1,146100.970698687,0,0,0,0,0,8938.74868403117,0
FT3547,799.331470680607,799.289497510939,799.373443850276,1023.80371565797,1009.73858090406,1037.86885041189,2,1,0,1,1,201981.934042968,0,0,0,0,684030.457067864,0,0
FT3548,799.459691218848,799.459691218848,799.459691218848,3098.08687320768,3098.08687320768,3098.08687320768,1,1,0,0,1,338285.81608386,0,0,0,0,0,0,0
FT3549,799.574555777434,799.574555777434,799.574555777434,2519.6218799229,2519.6218799229,2519.6218799229,1,1,0,0,1,145999.044986976,0,31093.2965328423,5046.48880059842,0,2530.3089616153,2705.82980730079,12650.6879769765
FT3550,799.605661394975,799.605661394975,799.605661394975,3247.90649568669,3247.90649568669,3247.90649568669,1,1,0,0,1,137468.482935547,1683.11230440207,13113.1720001622,1431.64499486074,0,1761.253063807,0,1197.7372993602
FT3551,800.143884267837,800.143616771108,800.241410990211,53.33989359909,52.3566508440076,122.832544574636,9,1,1,6,1,2791801.17325586,2064530.53876204,2067079.05667738,2549117.67632914,2785599.62709315,1992865.15033151,2181612.85058189,2611808.54341842
FT3552,800.223033292088,800.210349530613,800.235717053562,1200.36310479433,1192.77264661121,1207.95356297745,2,1,0,1,1,1814677.42629233,0,0,6876.31902163166,21787.7869322191,734838.295268549,27788.7681749359,26581.1336591291
FT3553,800.510505158661,800.510505158661,800.510505158661,3180.01012122281,3180.01012122281,3180.01012122281,1,1,0,0,1,111249.748645019,3536.84574226679,14479.969756034,0,0,5168.0668019399,0,0
FT3554,800.646232776897,800.645984188027,800.646796882252,52.8468452426474,52.3566508440076,55.2975398983931,6,0,0,6,1,167065.583738696,1149157.64362257,1263653.64375826,1422881.78766101,1518003.63971309,1281884.13848688,1335961.52126563,1706345.38907303
FT3555,800.553624712564,800.553624712564,800.553624712564,3116.95364123045,3116.95364123045,3116.95364123045,1,0,1,0,1,35175.1435093871,31395094.5322329,15133.7159153118,20911.4149985163,11305.1360042569,2058.65017836618,18065.2102730088,9540.68391340696
FT3556,800.570992194658,800.570992194658,800.570992194658,3416.33694510504,3416.33694510504,3416.33694510504,1,1,0,0,1,2021775.00891231,670.601093884752,14122.8000309685,5924.55465596424,0,6501.85207873439,1184.40867174919,3491.66843253429
FT3557,801.029267580813,800.952974479074,801.102363115175,1987.7414306516,1923.66003674832,2059.94445962459,7,1,0,4,1,870800.210579832,0,0,5194.45848580985,747351.537908938,855516.959298831,191099.973227539,152215.642714844
FT3558,801.08133905229,800.967851975644,801.10086857226,2239.45130172188,2239.32088727661,2249.88422208009,3,1,0,2,1,542677.157989502,2420.5123234518,0,0,166762.685370735,21764.1766815866,4666.59332112666,226164.544259648
FT3559,801.044148805173,800.926965585835,801.092217787617,753.627843607405,702.45446436936,790.272843432401,3,1,0,2,1,1005286.07788869,27464.2401377439,9027.56712816992,0,214676.144373232,22670.5292770527,838179.949869559,978017.116308717
FT3560,801.081719808555,801.081719808555,801.081719808555,303.700338099415,303.700338099415,303.700338099415,1,1,0,0,1,847485.711466514,1674.83641280788,13633.0476339022,4919.52112186498,0,137213.774551335,0,21709.8690538723
FT3561,801.226803870209,801.079326267986,801.262952215544,1279.62807984155,1162.44179493797,1350.21756057645,21,1,1,5,1,1172572.42789307,1421622.61548828,1252125.87790681,6307563.06941427,1982723.01798909,1237458.26483887,1553583.68659227,1602439.31479996
FT3562,801.147162999009,801.064900543074,801.253223240194,60.1443178009917,51.360400207882,184.864783523546,12,1,1,6,1,620814.138880997,576858.522239727,266141.183357136,1163154.86557269,797646.155779297,211587.01600261,203780.419103339,335621.342266089
FT3563,801.127663944719,801.091842954746,801.26239565104,899.506256425546,844.669738203134,946.011147965329,7,0,0,3,1,13656.2440013682,4664.0509020618,966288.922930356,599515.8258844,1068740.244308,23791.4223414637,72147.8288062619,0
FT3564,801.095305686815,801.052664056594,801.119741308487,1661.47097596464,1642.43130453982,1673.20024496345,4,1,0,2,1,514414.744179244,208188.565543757,0,7736.71941629317,773100.815363008,620385.365554807,0,0
FT3565,801.123847606101,801.047500826062,801.260861751512,629.20223476207,569.117878913807,653.365976126424,4,0,1,2,1,0,641189.738853002,0,13257.257880533,94184.7031402865,222702.077613184,0,5110.29605431134
FT3566,801.101606547651,801.071777803317,801.264565378902,1105.8393948804,1073.69041214759,1108.67737997513,3,1,0,2,1,2418839.0997148,46675.5638226611,49139.8294132725,72884.6354693501,940197.991665856,526747.04466133,6780.83079113995,12445.6768621109
FT3567,801.226725177795,801.191202738898,801.227944254286,1450.52645575516,1381.47406764615,1560.93340734021,15,0,0,4,1,103420.321749549,26478.0535282187,764847.613023625,6715358.38000788,2910047.18598261,1084852.80068949,2033740.55439524,1539438.77284661
FT3568,801.238264842953,801.21302135214,801.377876713609,2046.94588065721,1961.47145050216,2139.54115643947,6,0,0,3,1,0,2882.56747959888,437702.980870725,558536.88579871,5879.22253698528,0,0,98188.2470427899
FT3569,801.484111626368,801.484111626368,801.484111626368,3516.3471593578,3516.3471593578,3516.3471593578,1,0,1,0,1,0,2962205.30442525,0,0,0,0,0,0
FT3570,801.517136294028,801.517136294028,801.517136294028,2311.01760296881,2311.01760296881,2311.01760296881,1,1,0,0,1,80745.1719003884,0,10646.4127502032,0,0,9117.1694488568,3891.22296424828,0
FT3571,801.430749321742,801.430749321742,801.430749321742,1726.59766841775,1726.59766841775,1726.59766841775,1,1,0,0,1,788586.890171273,0,0,0,0,0,0,4617.1763281916
FT3572,801.549572512864,801.549555468709,801.549589557019,3096.08157330542,3075.20950538039,3116.95364123045,2,0,1,0,1,69873.6630964363,15915577.5273877,0,145950.146034635,84886.9516217764,29274.4871271829,204302.754052879,4162.13374472645
FT3573,801.762275507167,801.762275507167,801.762275507167,653.365976126424,653.365976126424,653.365976126424,1,0,1,0,1,5231.94492905752,343595.560312461,161944.136380979,107680.709246963,145193.302336901,168822.345384817,88494.8426868323,62935.994671948
FT3574,802.240238069962,802.240238069962,802.240238069962,1205.90464804101,1205.90464804101,1205.90464804101,1,1,0,0,1,418115.582065582,0,6077.44003684297,25808.602279153,25847.298616151,7533.31635848308,22151.7545702117,0
FT3575,802.480361008615,802.480048266983,802.480566298443,3270.82946454812,3261.67440011639,3271.86702351242,8,1,1,6,1,14294869.1418427,1402715.45638787,3011017.82744138,1744903.02363282,1077456.84601447,1659678.89267578,695978.844610462,1193756.95457031
FT3576,802.502106451178,802.502106451178,802.502106451178,2967.81068725419,2967.81068725419,2967.81068725419,1,1,0,0,1,294593.74345355,0,0,0,0,0,0,0
FT3577,802.598472527384,802.598472527384,802.598472527384,3049.78513321064,3049.78513321064,3049.78513321064,1,1,0,0,1,353411.139044471,4191.62970416386,2068.52500406375,0,1840.98101955744,2127.18195485216,0,0
FT3578,802.553793604579,802.553793604579,802.553793604579,3119.33475511718,3119.33475511718,3119.33475511718,1,0,1,0,1,52330.6784687445,794968.331059778,0,19768.4800466809,8394.99973325321,0,31678.5573799321,1611.33799948093
FT3579,802.586106351215,802.586106351215,802.586106351215,3550.75488651509,3550.75488651509,3550.75488651509,1,1,0,0,1,1518078.5004531,6829.26134429482,33047.2394363767,17070.8180103858,0,25043.8992566754,0,5356.61825121679
FT3580,802.56235737697,802.562318360701,802.56239639324,3353.89901660086,3343.92406939407,3363.87396380765,2,0,1,0,1,61405.6802566897,42412343.1104683,7784.00529596959,1556039.08839762,1056564.34834659,550086.606214257,1952385.02154972,263374.547002284
FT3581,803.21747885055,803.21468695012,803.218146476775,136.751441698099,113.647088535667,162.344803646695,6,1,0,2,1,260904.018283447,5266.8092196448,0,9190.00679411618,1509031.12496033,18689.4237225883,10879.4663643474,725290.984658336
FT3582,803.197652220477,803.190707161708,803.234578644378,1027.69463119084,1014.76758116175,1046.63906708709,4,1,1,1,1,702318.114620226,4648579.49153982,2785.93243782289,1580.89967105373,2628433.94768817,0,7973.69879929812,0
FT3583,803.213559852838,803.184839362253,803.242280343424,1202.38983639658,1200.53961356367,1204.24005922949,2,1,0,0,1,2858936.05603796,0,0,0,3749.19675654968,0,0,0
FT3584,803.205910831423,803.205910831423,803.205910831423,754.72721153262,754.72721153262,754.72721153262,1,1,0,0,1,392634.179311686,148986.492760476,115440.299271123,115118.374673637,123672.496852493,106733.277083327,128224.040572263,128751.057600049
FT3585,803.483083505475,803.4827456556,803.483216510587,3270.96457151621,3261.67440011639,3271.86702351242,7,1,1,5,1,6057824.2321188,575245.485891547,1239819.32276475,707032.788880924,427068.990737913,678812.969877357,320905.390122837,492514.905969235
FT3586,803.505096357533,803.505096357533,803.505096357533,2967.81068725419,2967.81068725419,2967.81068725419,1,1,0,0,1,118315.841361958,0,0,0,0,0,0,0
FT3587,803.493040403088,803.493040403088,803.493040403088,2839.71235315636,2839.71235315636,2839.71235315636,1,1,0,0,1,168069.543771161,0,0,0,0,0,0,0
FT3588,804.242085433809,804.188751664488,804.29541920313,1186.57499070789,1175.11345404053,1198.03652737524,2,1,0,1,1,967557.803742682,0,0,4897.90967163061,0,198655.755737305,0,0
FT3589,804.194657682974,804.194657682974,804.194657682974,1027.50776382089,1027.50776382089,1027.50776382089,1,0,1,0,1,177339.687390377,1382421.64101034,0,0,6246.29805746749,0,7903.25162453508,15134.4427959233
FT3590,804.484669735004,804.482469477728,804.48686999228,3268.14897717484,3264.87268608287,3271.42526826681,2,1,0,1,1,1343720.36308875,105556.462100128,160627.74467999,138991.8719711,81958.9068023913,119864.997714663,58536.6989825734,84768.8398090415
FT3591,804.542503503285,804.542503503285,804.542503503285,2975.40167374927,2975.40167374927,2975.40167374927,1,1,0,0,1,121921.011431362,0,0,0,4631.35204132531,0,0,0
FT3592,804.614654453411,804.614654453411,804.614654453411,3075.81044201454,3075.81044201454,3075.81044201454,1,1,0,0,1,368258.912027697,591.527444871518,2237.11638160648,0,0,0,0,0
FT3593,805.242717071323,805.221295365516,805.279759481659,951.252915369911,858.978144917901,1051.58049781064,8,1,1,3,1,152341.552762695,3239441.3541933,1931379.65887305,1910386.85503155,2219484.74290397,4190876.82621931,1578531.51716999,1439563.22447218
FT3594,805.278706788891,805.191158839485,805.27923301376,1204.14149083719,1182.63904590325,1245.93449043959,4,1,0,1,1,161604.995373885,0,0,5765.09183652664,0,4531726.21726561,0,8725.34460580466
FT3595,805.41177929364,805.41177929364,805.41177929364,2028.8531997076,2028.8531997076,2028.8531997076,1,1,0,0,1,178927.797653536,0,5336.5917319972,0,0,0,6045.4879322866,5200.8644213938
FT3596,805.475926024098,805.475672432251,805.476179615945,3106.78959220773,3098.08687320768,3115.49231120779,2,1,0,0,1,2658977.02061648,4151.03599786867,70218.9186515026,14495.5212612099,1505.88443501602,9685.61999651469,15990.0257955471,26603.6881444846
FT3597,805.533523425927,805.533523425927,805.533523425927,3274.27246087852,3274.27246087852,3274.27246087852,1,1,0,0,1,926265.803561158,3989.73272686223,71479.0431479722,19922.7403631201,16984.1016839866,27008.633045583,11384.0526424692,37266.9131676194
FT3598,805.512417987663,805.512417987663,805.512417987663,3394.64852061836,3394.64852061836,3394.64852061836,1,1,0,0,1,2230795.90793944,1100.2202651167,9970.94733049918,0,0,2190.43301835094,1267.47796281668,7500.77154170151
FT3599,805.604606189919,805.545205176308,805.631629157877,2992.61176717478,2905.76237629313,3035.0421916384,6,1,1,0,1,2390022.44154623,402101.719964494,0,2322.33023521969,0,0,1690.42192365678,0
FT3600,806.264604377408,806.246401663268,806.282807091548,958.527082495485,949.11220665576,967.941958335209,2,0,1,1,1,7157.4705763107,1000613.87774993,0,0,0,1067834.22718765,0,0
FT3601,806.516536691776,806.516536691776,806.516536691776,3394.64852061836,3394.64852061836,3394.64852061836,1,1,0,0,1,919905.568161811,0,1082.23835273097,0,0,0,0,0
FT3602,806.549155249377,806.549155249377,806.549155249377,2905.76237629313,2905.76237629313,2905.76237629313,1,1,0,0,1,979307.177835898,1633.98630828276,17349.4547691886,3443.31830031459,0,2382.81028429439,3194.56177509321,6550.42862580946
FT3603,807.24247643801,807.24247643801,807.24247643801,116.454037008462,116.454037008462,116.454037008462,1,0,1,0,1,17649.0714026392,640938.0642912,689617.243646726,732022.897491518,1141652.59423205,484384.290193398,795574.381075468,1270552.10482277
FT3604,807.179451823022,807.179451823022,807.179451823022,1207.95356297745,1207.95356297745,1207.95356297745,1,1,0,0,1,265174.529179689,55409.8645374117,10738.5796365905,10144.8168209288,14956.0019736755,0,8328.27713843092,11162.4523174009
FT3605,807.316039868914,807.315499803754,807.316579934075,929.541563178586,926.66172946579,932.421396891382,2,1,0,1,1,1236461.94993918,25656.200456868,119470.246788825,23439.9226780103,97028.3761455907,94123.2876905684,229951.226891743,226957.111440173
FT3606,807.416187564878,807.416187564878,807.416187564878,2222.09803875006,2222.09803875006,2222.09803875006,1,1,0,0,1,276644.887014774,3045.47456465361,0,0,4540.80375681745,0,0,0
FT3607,807.490405819934,807.487700732385,807.491559592687,3096.6411618906,3094.98784727913,3144.26726463053,3,1,0,1,1,18551938.9583544,66945.1520291739,241224.093691968,88446.4411109213,15354.7338725472,62479.0463685717,48356.4658302311,103735.059031789
FT3608,808.487860248834,808.487860248834,808.487860248834,3318.87975233543,3318.87975233543,3318.87975233543,1,1,0,0,1,2676330.00643145,1078.2320576964,9680.2298584204,1229.05781897981,0,0,1299.87548803531,2238.64288146668
FT3609,808.496093538158,808.496093538158,808.496093538158,3094.98784727913,3094.98784727913,3094.98784727913,1,1,0,0,1,10209908.2326758,36298.4340645378,220558.138369836,60276.8439935156,9648.68170538757,29034.9187199509,30186.5675669023,70062.0702399436
FT3610,808.536425236791,808.536425236791,808.536425236791,3472.60883195135,3472.60883195135,3472.60883195135,1,0,1,0,1,15672.7087847925,206809.671041668,0,0,0,0,0,0
FT3611,808.542230174628,808.542230174628,808.542230174628,2866.99662104394,2866.99662104394,2866.99662104394,1,1,0,0,1,414079.277037259,0,5397.89610608728,5441.69598209944,0,0,0,898.393424670747
FT3612,808.560227671732,808.560227671732,808.560227671732,3072.98623571633,3072.98623571633,3072.98623571633,1,1,0,0,1,436194.723274735,1525.68767284786,77668.3764911201,22386.9010364631,7818.91150212783,22926.6565901895,6778.02227881364,29079.0208255809
FT3613,809.258231755045,809.25816152095,809.258318246145,233.460343416105,231.548390999927,234.581073216802,5,0,0,5,1,141385.362108212,338618.809156031,1112911.69937477,1541368.26935156,2114990.5727168,1127922.77491471,2182029.30038892,2574355.58397396
FT3614,809.200673638719,809.200673638719,809.200673638719,1207.95356297745,1207.95356297745,1207.95356297745,1,1,0,0,1,809484.874082607,0,0,0,0,34244.0518551343,0,0
FT3615,809.382887823658,809.382887823658,809.382887823658,2700.56948957473,2700.56948957473,2700.56948957473,1,0,1,0,1,0,130946.276684071,19499.912834421,13379.1910436459,18672.5351515564,12416.4397380303,11305.1746482258,18594.8474089196
FT3616,809.528540258844,809.511836885737,809.54524363195,2852.5953817905,2839.71235315636,2865.47841042464,2,1,0,0,1,197616.059909942,1241.21677591041,0,0,0,0,0,0
FT3617,809.502449840018,809.501260334634,809.503639345402,3109.00171647381,3094.98784727913,3123.0155856685,2,1,0,0,1,2432600.96822659,0,0,0,0,0,0,0
FT3618,809.499270884199,809.499216403783,809.499325364614,3471.09185414853,3452.880212681,3489.30349561605,2,1,0,0,1,3731696.03615869,1103.48512840518,16155.4144626476,3856.06623665372,0,2603.85621450037,1337.72073994068,2009.43304212979
FT3619,809.490314413919,809.490314413919,809.490314413919,3318.87975233543,3318.87975233543,3318.87975233543,1,1,0,0,1,1316803.2547669,0,2004.08515102474,0,0,0,0,609.825284673417
FT3620,809.522060019855,809.522060019855,809.522060019855,2275.51261422255,2275.51261422255,2275.51261422255,1,1,0,0,1,208545.219374998,0,0,0,0,3751.73830232279,0,0
FT3621,810.511451430946,810.511451430946,810.511451430946,3123.0155856685,3123.0155856685,3123.0155856685,1,1,0,0,1,987557.922607923,0,10599.2472958053,2819.52975087794,0,0,1649.14158306914,2999.6488470524
FT3622,810.575746881416,810.575574453574,810.575919309258,3162.89720110454,3145.78428098626,3180.01012122281,2,1,0,0,1,1516653.07165919,7516.91239931948,73751.6091456401,27974.0499229551,4706.8480609289,20489.6152381246,20303.1122558489,33395.3304911596
FT3623,811.195559889202,811.174695480956,811.216424297448,1205.69271506334,1205.48078208566,1205.90464804101,2,1,0,1,1,145999.979850261,0,6390.58893047319,6327.44127265225,20426.260735394,0,0,395999.046943968
FT3624,811.195450975408,811.195450975408,811.195450975408,950.327356708416,950.327356708416,950.327356708416,1,1,0,0,1,540040.710699488,13327.4108616746,5477.61049403034,3747.03079260445,7243.82009723501,0,14676.307245943,0
FT3625,811.237890942955,811.237500269393,811.238073494977,114.940190278307,112.460881472289,117.352254241597,4,0,1,3,1,145717.966280273,1151003.02484364,915488.816809195,829144.029583655,1193399.77508817,829288.844767909,1346190.32034624,1267795.77372331
FT3626,811.398011064054,811.398011064054,811.398011064054,2403.5933663732,2403.5933663732,2403.5933663732,1,1,0,0,1,115668.138755858,2142.2501344123,15767.2957483409,35848.5564331925,104889.86865216,111115.807772821,6039.10180567996,20762.8345018981
FT3627,811.537951899814,811.537951899814,811.537951899814,2281.18492077227,2281.18492077227,2281.18492077227,1,1,0,0,1,352220.861138391,0,0,0,0,0,0,3561.74768913006
FT3628,811.679324311276,811.679227157754,811.679562287537,3088.69076715428,3088.29384845396,3089.49535471955,6,1,0,5,1,664724.39176209,110706.140723619,482015.49601465,351662.193080359,353488.572215401,438471.496131953,376313.501060651,453841.864000109
FT3629,812.241392268979,812.241392268979,812.241392268979,116.454037008462,116.454037008462,116.454037008462,1,0,1,0,1,12783.6084092494,292995.640795794,228795.199915692,185641.369155953,254512.834550489,177312.507503469,232918.396087197,268731.386876609
FT3630,812.206827497627,812.206827497627,812.206827497627,1207.95356297745,1207.95356297745,1207.95356297745,1,1,0,0,1,229459.269427381,0,0,7367.14542478758,0,6009.56958023601,0,0
FT3631,812.54148229949,812.54148229949,812.54148229949,2284.48930005145,2284.48930005145,2284.48930005145,1,1,0,0,1,135840.697421874,0,0,0,0,0,4460.05157691143,0
FT3632,812.529623469257,812.529623469257,812.529623469257,2896.42749075758,2896.42749075758,2896.42749075758,1,1,0,0,1,91770.859658204,0,0,0,0,0,0,0
FT3633,812.682457713505,812.591173237831,812.682959375773,3088.92402445246,3088.29384845396,3170.54516993433,7,1,0,6,1,1105459.322323,53545.9003206329,267858.796493871,173315.736662948,186398.199381975,204944.501728817,206138.287655636,206594.945277103
FT3634,813.232203856635,813.232023657554,813.2534340397,162.487745433709,113.051257659069,196.557495798386,8,0,1,6,1,0,1006881.6451257,343925.324302885,1818591.4571186,657208.408476249,233910.484983568,397594.324709961,476080.932467173
FT3635,813.539013845758,813.539013845758,813.539013845758,3233.48256812531,3233.48256812531,3233.48256812531,1,1,0,0,1,3618207.35084718,8671.83093604215,159522.32594146,28850.3142712412,9062.51273481739,35048.5507907077,29679.4287440957,53997.0468456616
FT3636,813.55355641469,813.55355641469,813.55355641469,2441.26881696222,2441.26881696222,2441.26881696222,1,1,0,0,1,96494.7150585927,1761.05053243293,10571.6661631916,0,0,0,0,3192.678840754
FT3637,814.54229351632,814.54229351632,814.54229351632,3235.33014831196,3235.33014831196,3235.33014831196,1,1,0,0,1,1779991.95157774,933.912943147929,71330.1816998262,9237.14083195508,0,12026.4344704542,8312.32211797812,23389.1159076506
FT3638,814.606701476849,814.606649763231,814.606753190467,3352.70504962615,3343.92406939407,3361.48602985823,2,0,1,0,1,748800.840010236,8369061.50819928,0,1050016.67583685,377363.559887082,201096.473336027,1039126.54542716,207810.218590905
FT3639,814.585571402395,814.585571402395,814.585571402395,2783.80580581722,2783.80580581722,2783.80580581722,1,1,0,0,1,331217.760808593,0,0,0,0,0,0,0
FT3640,815.240566118109,815.240536218606,815.263460762627,831.99268942054,830.878325454065,899.954685405798,5,1,1,3,1,145320.908441955,404552.946133266,242880.837312378,506017.088427735,185288.874193262,140428.065400607,225932.873868015,233547.8880675
FT3641,815.269959022564,815.269488206789,815.270429838339,109.676113664261,109.322845671303,110.02938165722,2,0,1,1,1,0,656565.104359717,117025.946823109,156274.137650088,163058.905547841,524845.141745081,145250.819717318,174093.936925009
FT3642,815.242571405301,815.242571405301,815.242571405301,1204.24005922949,1204.24005922949,1204.24005922949,1,1,0,0,1,329983.813973797,17926.0879529818,92551.6935155964,117118.602219491,127269.480548173,70576.662121085,34844.4384831528,73920.9312000092
FT3643,815.588991547507,815.588991547507,815.588991547507,2783.80580581722,2783.80580581722,2783.80580581722,1,1,0,0,1,137881.324922181,0,0,0,0,0,0,0
FT3644,815.610358791331,815.610358791331,815.610358791331,3341.48493450015,3341.48493450015,3341.48493450015,1,0,1,0,1,929223.538651844,13200939.6975801,4617.93963394628,1060440.40180153,364885.5604779,176756.403611173,978896.809199153,225646.872525923
FT3645,816.541540336481,816.541540336481,816.541540336481,3231.32500885755,3231.32500885755,3231.32500885755,1,1,0,0,1,2484302.22693048,35786.3495351951,112333.031418923,58801.7570046477,18896.0222285316,108321.190088669,3492.1249018127,12826.5792938226
FT3646,817.26325524763,817.206069797159,817.279535497626,1163.86658610268,1103.77203697556,1207.95356297745,3,1,1,1,1,520308.919637146,89100.7647363294,26672.6760811578,28913.7506002676,52555.5411210219,14439938.8967812,64293.6224379371,19973.1001682115
FT3647,817.513014004675,817.513014004675,817.513014004675,3394.64852061836,3394.64852061836,3394.64852061836,1,1,0,0,1,2182860.43235061,1132.64164651074,13655.6765935069,980.726009350382,0,0,972.76872075176,2503.78761748107
FT3648,817.545344794819,817.545344794819,817.545344794819,3233.48256812531,3233.48256812531,3233.48256812531,1,1,0,0,1,1042333.23394609,4458.86300670836,41407.7603630536,16022.856162548,0,45736.7360262724,0,0
FT3649,817.473783336901,817.473783336901,817.473783336901,2380.13749472631,2380.13749472631,2380.13749472631,1,1,0,0,1,190690.162604626,0,0,0,0,0,0,6571.51126335213
FT3650,817.489247426308,817.489247426308,817.489247426308,3594.89685281065,3594.89685281065,3594.89685281065,1,0,1,0,1,0,1434817.04921289,0,0,0,0,973.713429086352,0
FT3651,818.264368066019,818.264285703245,818.264502856458,801.695249892628,798.881003211904,802.99126336028,7,0,1,6,1,305149.659739742,467310.507029297,1637308.21164198,2239180.43207422,1052656.03073623,1997972.55993717,610914.821764432,588236.254917696
FT3652,818.228918160504,818.225397227647,818.232439093361,1401.79887640555,1380.99868603934,1422.59906677175,2,1,0,1,1,432478.152720543,0,6295.89361308737,0,6743.42508538289,694842.196364934,0,0
FT3653,818.475194461142,818.47491915672,818.475322459421,3206.47791740513,3193.96526645308,3208.58153685072,8,1,1,6,1,1837472.29453124,270918.165820313,895835.457291417,569820.833021394,413979.723403927,512451.236989571,192899.704312337,439291.19732612
FT3654,818.765472309401,818.765340987259,818.765548833602,801.201042987753,799.086578156864,802.99126336028,6,0,1,5,1,215103.874681726,318430.919287625,1031563.23842952,1347572.619614,576428.617001629,1207803.26195749,311310.94040857,371708.996011822
FT3655,818.557504334469,818.557407011955,818.557601656983,3292.14920998398,3286.35639955282,3297.94202041514,2,1,0,1,1,2537692.32291666,86686.7413932681,212897.021884824,105565.287730113,50530.4947202168,341192.354803739,25048.2685865641,39307.1127509489
FT3656,819.248174407421,819.247771910091,819.279336168321,633.227377132669,556.787284329028,639.100869051207,21,0,1,6,1,8812.83571264103,3347341.96674183,3275852.6876567,1551421.50212909,2174289.7111314,1308834.29597112,2028165.86647968,2068850.8702145
FT3657,819.273426754896,819.269728664136,819.273472899807,1093.48290160523,1093.28460558149,1094.81638685276,4,1,1,2,1,3337538.78460937,1906746.09243578,18863.2348016672,10939.6179001505,497505.091107853,9998726.38456503,17282.8905294151,23033.5026430296
FT3658,819.237771356648,819.237113522987,819.240767136053,1845.90935361207,1845.37926980676,1846.50635055247,4,1,0,3,1,2797215.98647639,100179.582378129,54443.061348488,183046.559785654,302190.70950575,434835.877174531,188409.282006393,357244.152582979
FT3659,819.273200126835,819.267404485345,819.279341879899,798.053184436264,792.930727883062,803.474822767101,3,0,1,2,1,0,744713.978623291,185242.815997925,538823.618355737,5273.47316624195,5122.24836162938,0,0
FT3660,819.208510358612,819.179827239849,819.237193477375,1208.8039462351,1207.95356297745,1209.65432949276,2,1,0,0,1,888967.576703726,0,0,0,0,0,0,0
FT3661,819.516488903427,819.4899892313,819.528675935013,3483.43025851486,3416.33694510504,3489.06286635846,5,1,0,1,1,154102830.549537,535.812356451038,1557223.555967,810.935069800101,0,1461.68848029001,0,1053.9427217712
FT3662,819.478419512129,819.478284848573,819.4785481546,3205.90138508046,3193.96526645308,3207.03374583553,4,1,0,3,1,733125.541092196,109631.01646263,356551.894892122,188458.924775171,169732.78883843,130812.870457359,95898.789239686,162217.698727559
FT3663,819.458579127034,819.458579127034,819.458579127034,2446.82800454632,2446.82800454632,2446.82800454632,1,1,0,0,1,184205.965059408,0,0,2481.63246097566,0,1489.78105750559,0,0
FT3664,819.531636117915,819.513941847164,819.564275904173,2980.52735141451,2927.08695460263,3072.52627924441,9,1,1,1,1,149078.395019532,831526.715160758,2903.84001893631,32332.0266323989,60197.1264347609,0,380098.521210939,95827.2803927498
FT3665,819.755552994995,819.755489610453,819.755584429008,636.53286446871,634.357246654038,639.100869051207,3,0,0,3,1,205571.32413681,619215.580751993,1191617.5658261,675057.852780995,687963.611079301,757578.25465625,1050251.48974055,1086434.79326367
FT3666,819.561075131342,819.561075131342,819.561075131342,3284.61363933535,3284.61363933535,3284.61363933535,1,1,0,0,1,1033836.92389441,36679.0389464738,85976.9020235419,39721.2821027428,8868.9963322046,139857.096542115,6302.93948521446,7279.50328059415
FT3667,820.27714247552,820.276053789296,820.277226612552,1093.48290160523,1093.28460558149,1094.81638685276,4,1,1,2,1,1356617.97278939,773006.97785767,0,10370.4878697698,155960.783466799,4196420.16145619,11518.1125652311,0
FT3668,820.240894910802,820.240882138481,820.24239419842,1846.50635055247,1846.22683525894,1846.91886023023,3,1,0,2,1,1004153.27583646,41094.6665362803,14898.4107369419,57768.6715263278,119464.540108817,132915.973461694,117660.981248754,103894.555544086
FT3669,820.183768786316,820.183768786316,820.183768786316,1207.95356297745,1207.95356297745,1207.95356297745,1,1,0,0,1,363655.50574219,6033.28387832357,20152.3655216472,0,6675.03071305335,9082.85865061449,0,0
FT3670,820.282960621316,820.282960621316,820.282960621316,632.737760567809,632.737760567809,632.737760567809,1,0,1,0,1,30914.3458858582,1125426.40732805,146058.905282347,476831.681639635,291310.056438946,347918.000667365,403279.576084568,362827.512367793
FT3671,820.52786287369,820.523871401961,820.53185434542,3486.24656243666,3483.43025851486,3489.06286635846,2,1,0,1,1,82144077.0927821,0,800386.220257099,990.060253110318,0,0,0,1365.10086362233
FT3672,820.317163789333,820.317163789333,820.317163789333,1205.90464804101,1205.90464804101,1205.90464804101,1,1,0,0,1,782336.887311583,0,0,7634.28381960051,6110.7251184308,9055.0378617451,0,0
FT3673,820.567490698146,820.567490698146,820.567490698146,2973.68631876771,2973.68631876771,2973.68631876771,1,1,0,0,1,103060.687332029,0,0,0,0,0,0,0
FT3674,821.224842018812,821.224178504657,821.2254608458,120.759015778713,109.708481055411,124.538453940987,4,1,1,2,1,839052.008931789,1258332.15968954,1079834.246215,933807.721366838,1345707.23235557,754506.988183594,1059376.91872889,1730188.41239504
FT3675,821.280206792926,821.280194553756,821.280219032097,1093.21409992395,1092.84147067307,1093.58672917484,2,1,0,1,1,228178.415833335,145696.794821694,0,0,14273.8316666067,743646.918152793,0,0
FT3676,821.25815310089,821.25815310089,821.25815310089,1207.95356297745,1207.95356297745,1207.95356297745,1,1,0,0,1,303421.832656252,36115.9439885977,90111.9173447401,75939.901726418,121743.664224191,103596.767722162,153082.023731901,109441.351593662
FT3677,821.322338698064,821.313040877844,821.331636518283,1222.13518655642,1207.95356297745,1236.3168101354,2,1,0,0,1,392586.546582031,5898.53221693029,0,0,7430.47842788598,9468.59067726244,0,7312.09465625135
FT3678,821.432305445865,821.432305445865,821.432305445865,2542.35688253588,2542.35688253588,2542.35688253588,1,1,0,0,1,413897.061801761,7439.01535465011,6045.23838085999,5280.23678134711,2140.38411895917,3042.92802267788,5512.3415056468,2975.3413041619
FT3679,821.533755669675,821.533755669675,821.533755669675,3483.43025851486,3483.43025851486,3483.43025851486,1,1,0,0,1,19631863.9158327,24376.4624898637,85475.6894311729,13930.5636142305,5362.71359200918,5110.98570848037,20188.4281126537,22267.6810943422
FT3680,821.54424728553,821.54424728553,821.54424728553,3599.16812251078,3599.16812251078,3599.16812251078,1,1,0,0,1,3274568.75006255,1309.31059088968,2246.53842448188,0,1137.18033030798,1299.74778991469,1167.34153851962,10012.1878068156
FT3681,821.529389018358,821.529389018358,821.529389018358,3255.30044101599,3255.30044101599,3255.30044101599,1,1,0,0,1,982768.741140604,0,32960.1456097762,10382.0202143746,1140.67903699957,10551.022482299,6850.24275054342,20477.3015549221
FT3682,821.63478953466,821.508043743386,821.635039337902,3088.73657183898,3088.29384845396,3118.38425288632,5,1,0,4,1,285649.927857318,44174.545908928,200866.502214707,193327.429554168,117320.398600725,126594.074401039,114374.717346445,121526.68609375
FT3683,822.227616661044,822.226109615514,822.229123706574,116.199748205012,109.708481055411,122.691015354613,2,1,0,1,1,181625.060354903,4314.32795346976,0,99661.547578125,8422.12254484087,18689.5535155628,45746.243516634,55981.5539017801
FT3684,822.435644632626,822.435644632626,822.435644632626,2542.35688253588,2542.35688253588,2542.35688253588,1,1,0,0,1,149760.150432795,0,3960.77366532772,0,0,2399.96500410116,0,0
FT3685,822.532597488969,822.532597488969,822.532597488969,3255.30044101599,3255.30044101599,3255.30044101599,1,1,0,0,1,389526.476890655,0,15217.6678815433,2851.78103833183,0,1280.64492499052,1181.6507005893,1434.40848249995
FT3686,822.534630093846,822.534630093846,822.534630093846,3486.99787726709,3486.99787726709,3486.99787726709,1,1,0,0,1,1778798.67934569,0,0,0,0,0,0,0
FT3687,822.547554099651,822.547554099651,822.547554099651,3599.16812251078,3599.16812251078,3599.16812251078,1,1,0,0,1,1815486.38573244,0,3155.94161206537,964.78057190667,1012.59156615604,0,0,4471.0029175203
FT3688,822.612143142104,822.612143142104,822.612143142104,3266.88378141137,3266.88378141137,3266.88378141137,1,1,0,0,1,575343.27815164,17734.5496416496,37774.359227283,16778.3746331832,0,24691.3099537037,2368.76302889779,4730.91896184304
FT3689,823.255706612971,823.248909300313,823.256057279832,637.559655669279,607.960835695982,652.914621794386,8,0,0,3,1,23504.2030661561,425224.154976986,213993.779948302,265476.247786149,650097.614861189,244980.668606798,873005.464758301,506651.275515093
FT3690,823.23803216973,823.237801391112,823.23826017618,117.352254241597,113.170244827058,210.3517610035,9,0,1,4,1,43244.9619844426,1921759.6842479,1109254.26316721,1229631.74497281,1925592.5600729,790692.095766474,1356237.11885506,1905614.86096004
FT3691,823.174689832665,823.174689832665,823.174689832665,1209.65432949276,1209.65432949276,1209.65432949276,1,1,0,0,1,627150.784263392,47984.6104455892,32829.8635961148,56578.5059176326,7446.21882762164,23734.7116335537,0,0
FT3692,823.471934973322,823.471506871672,823.487384591647,2978.97349038926,2926.25036440076,3056.43582966171,10,1,0,6,1,2955977.8727608,17910.5642103003,995324.423892991,402513.008688847,401611.519251101,953223.197618619,250943.333590167,486500.770266601
FT3693,823.683364361186,823.683364361186,823.683364361186,2977.55151165471,2977.55151165471,2977.55151165471,1,1,0,0,1,546648.270229495,0,0,6075.94815478653,0,2790.67159854014,0,0
FT3694,824.192538660355,824.178548380296,824.206528940414,1210.67181829748,1209.65432949276,1211.6893071022,2,1,0,0,1,238193.652802737,0,0,0,0,0,0,0
FT3695,824.264195369305,824.264195369305,824.264195369305,653.365976126424,653.365976126424,653.365976126424,1,0,1,0,1,41858.1862097093,470244.761085694,306155.519426917,260196.860357582,354724.756894735,289513.98656104,310043.367923205,288450.707379601
FT3696,824.354744246719,824.354744246719,824.354744246719,199.311934530958,199.311934530958,199.311934530958,1,1,0,0,1,309307.533624822,0,1494.98206106666,0,0,0,0,0
FT3697,824.478511987119,824.475060456026,824.490450336994,2981.04793369873,2926.25036440076,2985.0771893212,4,1,0,2,1,1873614.07248599,9018.6408246975,388233.18602875,194368.854191779,187891.826660895,404216.277772861,112383.31555591,207068.76260768
FT3698,824.546926182466,824.546926182466,824.546926182466,3599.16812251078,3599.16812251078,3599.16812251078,1,1,0,0,1,334319.14808594,2249.6451718472,0,0,0,0,0,0
FT3699,824.6865686882,824.6865686882,824.6865686882,2977.55151165471,2977.55151165471,2977.55151165471,1,1,0,0,1,319878.762839846,0,0,0,0,0,0,0
FT3700,824.765407163582,824.765407163582,824.765407163582,653.365976126424,653.365976126424,653.365976126424,1,0,1,0,1,0,210658.682029855,111247.17481425,107907.883831731,147010.563088048,126435.326612836,85560.1951978021,103651.832103713
FT3701,825.253093169437,825.252834917353,825.25335142152,151.717342339878,140.996702928284,162.437981751472,2,1,0,1,1,143578.028806152,641886.14035889,1127360.79206921,1050560.28606995,1520237.43746679,964563.567558407,1409862.43086736,1731491.09907186
FT3702,825.17262668365,825.17262668365,825.17262668365,1025.94912598481,1025.94912598481,1025.94912598481,1,0,1,0,1,14818.4629713275,938461.860961917,0,0,0,0,0,0
FT3703,825.477630914444,825.477630914444,825.477630914444,2987.04085898408,2987.04085898408,2987.04085898408,1,1,0,0,1,116603.3365,0,34101.1277217464,13901.507306844,2061.81600554149,17004.8493266563,3363.52572481672,9342.31774930928
FT3704,825.494636077265,825.494636077265,825.494636077265,3144.26726463053,3144.26726463053,3144.26726463053,1,1,0,0,1,890416.984472936,0,1016.34016322676,0,0,0,0,0
FT3705,825.689987814424,825.689987814424,825.689987814424,2977.55151165471,2977.55151165471,2977.55151165471,1,1,0,0,1,117715.945642091,0,0,0,0,0,0,0
FT3706,825.80939028728,825.787596115648,825.80969662452,52.3278204424582,49.4479843215045,139.115394241513,6,1,0,5,1,219801.514823317,205186.159437437,185689.893287109,186629.604485625,508410.797638598,341404.101864294,355660.508722644,424569.827872626
FT3707,826.144028076671,826.143824235201,826.144407327804,51.7697048199179,50.9428206292685,53.2974331905768,6,0,0,6,1,0,200179.105471882,168070.774890625,238597.616411947,418289.9049875,366849.414482373,365645.278742783,384570.915715505
FT3708,826.176972618178,826.176972618178,826.176972618178,1027.50776382089,1027.50776382089,1027.50776382089,1,0,1,0,1,0,136145.056382813,0,0,0,0,0,6132.37906994333
FT3709,826.481119403599,826.4809809622,826.481358735754,51.6741532759873,50.9428206292685,53.2974331905768,7,0,1,6,1,117338.368346436,1172113.87524443,1370466.19484669,1838234.87409268,2492216.0484367,1748014.37289134,1842749.22779545,2401196.30287307
FT3710,826.498387565562,826.498387565562,826.498387565562,3144.26726463053,3144.26726463053,3144.26726463053,1,1,0,0,1,392413.975304262,1017.48627213487,0,0,1300.02843720433,0,0,0
FT3711,826.546553942063,826.546553942063,826.546553942063,3590.54685281065,3590.54685281065,3590.54685281065,1,0,1,0,1,0,129505.570927731,0,0,0,0,0,0
FT3712,826.730915800459,826.730915800459,826.730915800459,3106.28233350258,3106.28233350258,3106.28233350258,1,1,0,0,1,177910.821264104,8906.67164208425,22692.7246429259,4084.58422660496,0,0,2573.1811014033,0
FT3713,826.81514379819,826.814998346144,826.81539761566,51.6741532759873,50.9428206292685,53.2974331905768,7,0,1,6,1,109909.163849173,1155882.7075235,1233002.42941678,1724061.62561296,2068665.22044982,1445029.63682608,1599171.09108239,2084475.52184052
FT3714,827.149160864922,827.148944992878,827.149444585231,50.9796887570581,49.4852966943336,51.8652563638484,7,0,1,6,1,59894.9500701043,487286.103800618,709430.625141777,830734.016903091,1057416.05058452,790119.954333097,941384.831579085,1008620.95928686
FT3715,827.269201349079,827.268577006882,827.269488790908,139.443947164191,114.246075137765,140.238425262896,8,1,1,5,1,5596284.77268542,1309204.34231334,1806377.46819397,1828716.85275781,1274781.3124804,3587301.00146205,2806662.86466667,1242265.36840043
FT3716,827.269245207172,827.268985721818,827.26925635892,493.054961867651,492.180334890603,495.207215547277,3,1,0,2,1,2272111.23163065,474950.0283044,1338924.7677521,1365675.27069005,743530.494674587,2251618.61303877,685224.464883322,569895.065732468
FT3717,827.269249608449,827.269003603785,827.269519075618,418.887388027171,417.955898649583,422.243531826631,3,1,0,2,1,2497159.75773913,505733.448742669,1461701.35791477,1567493.64879645,829846.367842369,2365303.15637625,733853.538793356,653938.28151081
FT3718,827.483513082778,827.483275713483,827.483647997042,50.9612546931633,49.5519855457926,51.6741532759873,6,0,0,6,1,23784.6918585792,206848.53747253,219910.612113135,312116.468244961,441067.874173443,246997.168182188,331333.528244072,382746.550853672
FT3719,828.273181286252,828.272441413069,828.273277909105,139.939679666003,136.217679056572,140.238425262896,3,1,1,1,1,1910693.32443177,376927.430816797,474170.104241696,431566.570119656,403236.578639432,1030303.8452945,676886.698449808,382060.963352956
FT3720,828.273099671152,828.272808248571,828.273212849592,493.054961867651,417.355780046788,497.137761359543,3,1,0,2,1,678884.82176126,144371.214157697,378266.249470188,445437.480783503,212540.906722302,689999.48021176,193635.688605888,159890.236651012
FT3721,828.586372975213,828.586338205648,828.586407744778,3068.57930452339,3060.32478513107,3076.8338239157,2,1,0,1,1,2165904.28355101,22438.8262564796,310182.039017261,102643.065386232,30260.6546548669,81861.7250661841,88528.1603556716,168528.072103137
FT3722,829.22734103262,829.22731503025,829.227411764912,767.443259227983,766.801341464797,770.962104465147,4,0,0,4,1,160060.573893713,7394.06953129375,478665.082478556,498542.998893364,457734.563530313,479892.148007818,858734.415370737,1056282.90022835
FT3723,829.24862313466,829.248514943816,829.273700477883,113.051257659069,111.25503139793,136.217679056572,3,1,1,1,1,224246.635969426,520846.1918017,241788.239998472,235295.127907982,402414.67801588,299401.392050813,246530.641851335,306965.9597971
FT3724,829.206076748638,829.206076748638,829.206076748638,1253.08714798907,1253.08714798907,1253.08714798907,1,0,1,0,1,0,92670.8166972659,6810.55177237538,27239.5207716784,7658.77206363163,16358.539702302,9560.09786390629,8164.41460180979
FT3725,829.533876385591,829.533876385591,829.533876385591,3162.40105243641,3162.40105243641,3162.40105243641,1,1,0,0,1,595751.445741076,832.957434453892,33074.3771533839,6489.69540931865,4215.06970369073,2375.26049374188,5751.37741290739,9161.37243054765
FT3726,829.479614480568,829.479614480568,829.479614480568,3568.64312626578,3568.64312626578,3568.64312626578,1,1,0,0,1,2404300.06905503,7953.7409272153,157798.716937635,44465.5964042505,8591.061533212,27142.8889987834,29158.0914882812,55414.9645119883
FT3727,829.589649584111,829.589649584111,829.589649584111,3064.05732122072,3064.05732122072,3064.05732122072,1,1,0,0,1,1071147.89549737,16471.9113278317,250314.355563731,96828.5355137045,59795.7226446668,71266.2022813438,99292.6494761508,125169.599959414
FT3728,829.679494244274,829.679385509362,829.679825721394,3087.20160596622,3077.9828189758,3088.92402445246,6,1,0,5,1,3996958.04648438,127730.516032376,477166.869772597,236721.004790653,158766.119975585,309897.382031252,173176.188300054,337716.235256185
FT3729,830.602200571013,830.602030211577,830.602372324597,3068.38476425278,3067.00338120852,3068.69218360395,3,1,0,2,1,4658900.18478328,51317.7383907615,665763.123237166,188615.024288942,66561.2032873336,149929.74977867,156115.080810187,269483.497364503
FT3730,830.6828569989,830.682848334805,830.682865662995,3082.64168075552,3077.9828189758,3087.30054253525,2,1,0,1,1,2020180.29307618,56656.2317245658,223633.956959052,115023.243942915,84385.657013379,160918.914568999,72239.2515792797,148467.87414356
FT3731,831.164271716788,831.164271716788,831.164271716788,1440.69456348793,1440.69456348793,1440.69456348793,1,0,1,0,1,0,520116.441736187,163976.550085721,101509.567784474,172713.45304551,157620.210094311,33598.7148496603,61116.7623538268
FT3732,831.264060617061,831.264060617061,831.264060617061,114.706886679883,114.706886679883,114.706886679883,1,0,1,0,1,164930.096806992,288748.490580671,103119.212668562,144324.592588316,136047.003273391,168083.854928934,119240.174133318,178796.932689867
FT3733,831.2417207672,831.2417207672,831.2417207672,1207.95356297745,1207.95356297745,1207.95356297745,1,1,0,0,1,353371.665328127,13144.9229924905,111563.811050818,187332.743782881,190977.827194028,129484.616618809,152605.310111785,156640.930085164
FT3734,831.494988677812,831.494790413157,831.495277144911,2859.5650070884,2799.14171963495,2914.93374764582,7,0,1,0,1,0,568698.48046875,0,35313.8132201893,7437.78903037802,0,3415.13438385911,0
FT3735,831.495402877303,831.49529604647,831.495509708137,3473.48880583582,3463.54735315678,3483.43025851486,2,1,0,0,1,23476882.6630867,71092.4916094698,692560.126060561,150606.240283603,26476.156353322,118887.413178717,58857.8496761986,111436.554989803
FT3736,831.605513133116,831.605355065231,831.605671201001,3067.84778240623,3067.00338120852,3068.69218360395,2,1,0,1,1,2162651.80310117,24041.9539625838,261479.327094809,82352.2738854707,25574.6699325504,64726.8598097205,66113.6887077582,125447.767924198
FT3737,831.695166310551,831.691407882604,831.695779405217,3086.96640592942,3082.52356118968,3088.11071649875,8,1,1,6,1,21978877.8773717,486545.302340035,2546510.66569639,1366541.85430576,915217.852298987,1730217.98733519,919743.013431115,1750667.9112742
FT3738,832.168292465899,832.168292465899,832.168292465899,1440.69456348793,1440.69456348793,1440.69456348793,1,0,1,0,1,0,97996.8553704822,51792.312412395,19467.7213583684,24310.765266093,27751.407485532,0,10322.4737186814
FT3739,832.261683370064,832.261594356744,832.262143252204,603.274639102445,586.732835626956,646.445256248808,7,0,0,3,1,17562.8458594733,105799.376820573,315503.299004014,315062.391323191,1013091.9060701,269414.692970307,1564009.1171446,1917657.60834939
FT3740,832.499192311865,832.499063046575,832.499321577156,3473.48880583582,3463.54735315678,3483.43025851486,2,1,0,0,1,11184915.0903645,16472.9536998118,276032.89392087,75902.4246457276,7285.86912730288,53688.4118982407,24561.8303895753,44595.5537313556
FT3741,832.520520377624,832.520520377624,832.520520377624,2880.6896917668,2880.6896917668,2880.6896917668,1,1,0,0,1,241774.362098526,3327.18501027788,8630.51869870417,8075.18323418562,2201.40513140512,2422.17139472289,5013.53540945696,6132.34769906147
FT3742,832.608973049421,832.608973049421,832.608973049421,3069.41312546386,3069.41312546386,3069.41312546386,1,1,0,0,1,436678.332764125,1997.2876404771,58666.1066365248,10723.2058403243,0,4304.14546526401,14070.1885685877,21454.6781488027
FT3743,832.549113639875,832.549113639875,832.549113639875,2901.25492031583,2901.25492031583,2901.25492031583,1,1,0,0,1,16649747.9084855,956.467617455033,1840.30572924545,2386.64538984824,0,0,0,973.791800516496
FT3744,832.698603275949,832.698402094026,832.699247532373,3086.96640592942,3082.52356118968,3088.11071649875,8,1,1,6,1,11367459.5173061,203538.325976562,1310639.70186095,690938.371999296,462728.328133136,864830.952790822,438465.492129517,890174.437873837
FT3745,833.237523352839,833.216372638942,833.258674066735,955.652154194403,946.011147965329,965.293160423478,2,1,0,1,1,91074.7316640013,0,120864.528886719,53896.0686038498,50308.0517645022,90142.6021835471,86449.1382355635,84586.7400574555
FT3746,833.201321802976,833.201321802976,833.201321802976,1174.60088278191,1174.60088278191,1174.60088278191,1,0,1,0,1,0,141993.906345702,91998.1821777868,95141.0491039787,126689.209826014,102436.976881195,82971.976061058,66322.8490836844
FT3747,833.192812664254,833.192812664254,833.192812664254,1654.03102149612,1654.03102149612,1654.03102149612,1,1,0,0,1,123757.678201172,0,0,0,0,0,0,0
FT3748,833.507494989858,833.507445317929,833.507544661786,3148.15710085581,3130.98967533102,3165.3245263806,2,1,0,0,1,3434963.31477351,0,12277.5141065344,3459.68223569506,1751.72255004154,4791.10171543006,0,11591.9090509987
FT3749,833.511164338151,833.511164338151,833.511164338151,3594.86812251078,3594.86812251078,3594.86812251078,1,1,0,0,1,2984661.55136309,39018.4806540256,52062.3344610453,11233.9361201946,948.276623801111,1525.55220695419,0,5549.22455818953
FT3750,833.557013445065,833.557013445065,833.557013445065,2901.25492031583,2901.25492031583,2901.25492031583,1,1,0,0,1,7680516.46602911,5329.03049170892,57999.7224640951,18339.5417025317,2351.83798795329,16581.7986713446,14956.5846349387,37992.5476819926
FT3751,833.580063588144,833.580063588144,833.580063588144,2271.87117218273,2271.87117218273,2271.87117218273,1,1,0,0,1,472685.001591797,0,54938.4878118839,5114.65190097375,3784.32081713116,6068.53123200794,29331.3958581045,27513.0710788616
FT3752,833.701942222347,833.701783787737,833.702594573359,3086.07424845874,3082.52356118968,3087.10266939719,4,1,0,3,1,2860299.56179687,61445.2861212065,294352.784805349,183075.469601646,122395.269456955,190446.682405517,107387.55368414,206222.692421976
FT3753,834.177781515134,834.177781515134,834.177781515134,968.44436096009,968.44436096009,968.44436096009,1,1,0,0,1,221620.366367384,29798.6215981661,84014.4011897286,80258.3450141279,7014.27430105425,33589.8259983977,0,7487.85939579838
FT3754,834.259152198476,834.259152198476,834.259152198476,541.630545260674,541.630545260674,541.630545260674,1,1,0,0,1,333910.4446125,210193.721583499,440159.025783286,422147.567183822,458942.15369906,350813.443503064,571309.790562218,611189.967049094
FT3755,834.239022338556,834.239022338556,834.239022338556,1207.95356297745,1207.95356297745,1207.95356297745,1,1,0,0,1,1445925.64500122,5501.9403688879,0,5232.93251865371,8458.09649016892,0,0,0
FT3756,834.511438344124,834.511438344124,834.511438344124,3165.3245263806,3165.3245263806,3165.3245263806,1,1,0,0,1,1654443.65903563,0,30312.7467445077,4605.06776160987,1642.56387326998,1998.34961796194,6853.97275514136,7940.13537341975
FT3757,834.573470580156,834.573320568549,834.573644335725,3586.17530651387,3542.4919319411,3597.87685281065,3,0,1,0,1,487.72968415501,911868.054009017,0,0,0,0,0,0
FT3758,834.563245488625,834.563245488625,834.563245488625,2901.25492031583,2901.25492031583,2901.25492031583,1,1,0,0,1,1648016.70437265,27256.3330571536,8067.11758333726,2140.33110241345,0,0,0,5375.9329822133
FT3759,834.704863755047,834.704863755047,834.704863755047,3082.52356118968,3082.52356118968,3082.52356118968,1,1,0,0,1,419987.691782224,7924.93200031884,42226.5793057224,24306.0654442743,17986.6216161149,25465.5208970669,19381.2414659422,19127.9670183488
FT3760,835.217316918637,835.216888560741,835.223502917311,976.343265436612,975.10877932118,978.974885935155,7,0,1,6,1,13080.3434003019,732252.873731381,1129504.10614453,1241073.89730475,1976397.95657956,1266153.11510277,1718762.78032114,2084306.80900761
FT3761,835.310672023169,835.241836615057,835.310758742783,1161.6320963102,1160.62456653178,1205.90464804101,4,1,1,2,1,492523.868326174,711919.140769609,428382.837785521,389041.074692171,547634.884865198,265379.623782719,613082.225375914,584452.491436301
FT3762,835.521022535636,835.518608963264,835.523598122367,3152.07554962979,3144.26726463053,3220.93896080186,3,1,0,1,1,23933482.9971434,100847.081382333,427257.510666666,98836.2307444976,32996.2175253493,85910.6574189694,80737.9429186148,153181.41388733
FT3763,835.631942020941,835.631942020941,835.631942020941,3023.9709549594,3023.9709549594,3023.9709549594,1,1,0,0,1,149771.447363283,0,0,0,0,0,0,2990.68122062058
FT3764,835.565842148965,835.565842148965,835.565842148965,2901.25492031583,2901.25492031583,2901.25492031583,1,1,0,0,1,235062.025625112,25611.035540551,0,0,0,0,0,0
FT3765,836.220646473903,836.220560663503,836.220704254999,975.510345228308,975.208717958549,976.343265436612,3,0,0,3,1,0,219767.537597783,374748.470967634,471586.961742188,579153.069985236,378608.022579957,576662.937729232,627057.381951639
FT3766,836.273893782303,836.269629922782,836.278157641824,117.772134780639,105.520085978719,130.024183582558,2,1,1,0,1,1035233.54341631,226678.023060104,0,0,5003.06500420445,6581.49053162708,0,0
FT3767,836.526953516052,836.526953516052,836.526953516052,3144.26726463053,3144.26726463053,3144.26726463053,1,1,0,0,1,12759863.3256885,15726.3727831779,153607.514250203,39384.6872095268,8839.72580144219,35408.3328541453,29623.3465710199,69129.7956309635
FT3768,837.286018797453,837.286018797453,837.286018797453,105.520085978719,105.520085978719,105.520085978719,1,1,0,0,1,217448.07475394,0,0,0,0,0,0,0
FT3769,837.490509766795,837.490316624445,837.490577021291,2905.5681889342,2905.27780321744,2907.26509338273,3,0,0,3,1,21597.9887424235,10073.3045174594,102117.972613518,124299.326662085,139541.40275828,182632.764929254,125044.939410512,205690.870707802
FT3770,837.531030901488,837.484745955635,837.534405184756,3178.35125632861,3144.26726463053,3234.82735985812,3,1,1,0,1,3514490.3226129,7319230.93181352,15990.5293357988,1280.96135298747,0,1497.39661720202,1133.98247204202,3004.23347612542
FT3771,838.222395953049,838.222395953049,838.222395953049,1207.95356297745,1207.95356297745,1207.95356297745,1,1,0,0,1,426669.275834262,0,7919.46416531883,0,15408.2873343834,20635.2747338213,0,7947.24749009935
FT3772,838.536315209003,838.530209006553,838.542421411453,3159.88892950716,3139.76773779152,3180.01012122281,2,1,0,0,1,1642456.50463098,0,0,0,0,0,0,1387.25217639248
FT3773,839.233168713378,839.232940258893,839.233311301153,125.34332004618,111.25503139793,161.447881227981,3,1,0,1,1,208606.465050456,367358.992328563,336206.453041272,321585.581053586,496501.812222772,545224.464366351,350249.301932429,460839.228248092
FT3774,839.215484107121,839.215484107121,839.215484107121,1207.95356297745,1207.95356297745,1207.95356297745,1,1,0,0,1,409074.994156254,60190.8518553621,43146.2467022907,60996.6863282356,85363.9709273646,101708.985400378,62558.6443210573,53745.9408895118
FT3775,839.545582413804,839.545582413804,839.545582413804,3180.01012122281,3180.01012122281,3180.01012122281,1,1,0,0,1,313964.2296344,1865.35368646849,2833.63110410514,0,0,909.60429373425,0,0
FT3776,839.50028901175,839.50028901175,839.50028901175,3518.98254238419,3518.98254238419,3518.98254238419,1,0,1,0,1,0,2833104.15643026,0,0,0,0,0,0
FT3777,840.179505195367,840.179505195367,840.179505195367,981.197427866653,981.197427866653,981.197427866653,1,1,0,0,1,456589.678333636,0,0,0,0,0,0,0
FT3778,840.237889432846,840.237889432846,840.237889432846,1588.89548396791,1588.89548396791,1588.89548396791,1,1,0,0,1,226524.843708148,0,1022.33541831725,0,0,0,0,0
FT3779,841.266839863192,841.266724221034,841.266921140976,597.662417742795,594.380312019334,598.539302072985,4,0,0,4,1,229136.449178902,50139.0943562968,703018.050850391,779272.545167142,1553718.90390026,528495.962724477,1404208.55541455,2004287.59427636
FT3780,841.26877855717,841.242870095225,841.294687019116,1403.83578098768,1379.63622040963,1428.03534156574,2,1,0,1,1,139096.127535645,5474.62777054442,0,0,0,525178.591264651,1774.17806480665,0
FT3781,843.264698595479,843.264343083565,843.265073209631,138.8470636798,114.706886679883,139.575511778933,7,0,1,6,1,66011.9380001,1412036.34909821,2568074.03392824,2144183.94485156,2859064.65445062,2788290.59748321,2916500.97286747,3790821.8653418
FT3782,843.251345189506,843.243757732131,843.258932646881,968.469264035752,954.626098252223,982.312429819281,2,1,0,1,1,190338.901289063,0,0,5336.20323370001,1654.32342985404,140271.53917572,0,0
FT3783,843.186169130367,843.186169130367,843.186169130367,1276.1730013066,1276.1730013066,1276.1730013066,1,1,0,0,1,240189.444311525,42746.1114138843,0,0,7164.80848188551,8103.87760194224,6402.77231100935,0
FT3784,843.440765774677,843.440550761556,843.441138379534,2265.83300816297,2263.42430427621,2268.91006887876,4,0,0,4,1,0,2460.55156305924,86021.1032992516,145733.6789681,115429.200195312,46158.9255367422,548484.633464355,406181.801094637
FT3785,843.469185480684,843.469185480684,843.469185480684,3310.58416192078,3310.58416192078,3310.58416192078,1,1,0,0,1,934197.330158776,0,4206.99006277075,1014.63257217242,1287.6998921297,0,0,1335.11818256777
FT3786,843.469233364079,843.469233364079,843.469233364079,3118.38425288632,3118.38425288632,3118.38425288632,1,1,0,0,1,256168.189796612,0,3524.79032008607,0,0,0,0,2575.32316067005
FT3787,843.528738432362,843.528738432362,843.528738432362,3465.92345725182,3465.92345725182,3465.92345725182,1,1,0,0,1,9274279.78609487,1260.31248004558,38332.2323797378,6955.88168131801,0,1056.76940483981,1143.55734544756,11504.3922846151
FT3788,843.479363632164,843.479363632164,843.479363632164,2399.61154636122,2399.61154636122,2399.61154636122,1,1,0,0,1,481576.074713043,0,6557.94106511348,5931.08685946726,8519.84453210803,3812.19164153991,0,12680.3034468482
FT3789,843.695285952067,843.695285952067,843.695285952067,3074.64851542181,3074.64851542181,3074.64851542181,1,1,0,0,1,230375.199858398,1166.49475183734,15644.5753179099,6401.73324800145,2288.33999740457,12370.8499987836,2379.89670340645,24218.5576842546
FT3790,844.427151045403,844.427151045403,844.427151045403,2048.26169092096,2048.26169092096,2048.26169092096,1,1,0,0,1,2713800.61209434,0,0,0,0,0,0,5197.64274524149
FT3791,844.532061146011,844.532061146011,844.532061146011,3465.92345725182,3465.92345725182,3465.92345725182,1,1,0,0,1,4773701.29988282,0,10718.7079874257,3451.72940139298,0,2203.84896673129,0,2373.78445641526
FT3792,844.482516708039,844.482516708039,844.482516708039,2399.61154636122,2399.61154636122,2399.61154636122,1,1,0,0,1,223005.142902222,0,0,0,0,2994.32442986394,0,0
FT3793,845.23583906061,845.229248990291,845.236180596286,232.603212401326,188.837221926074,235.33501144774,7,0,0,6,1,267850.38772563,39203.7416523808,701175.969479309,958546.538324793,1312081.31847398,749565.728050781,1334762.03950296,2763040.95770306
FT3794,845.280444749258,845.280348804881,845.280540693635,111.426478220804,111.25503139793,111.597925043679,2,0,1,1,1,54112.7022713706,541133.348618984,102116.233205753,160869.421705664,132724.79481623,908694.933176563,115095.647493248,117293.363893177
FT3795,845.260011457027,845.260011457027,845.260011457027,1201.26427381531,1201.26427381531,1201.26427381531,1,1,0,0,1,1382053.98494299,10571.7620337622,17110.906445708,9109.04225163242,0,4608.58528415113,45863.7537234097,46164.5375265007
FT3796,845.408980936758,845.408980936758,845.408980936758,2760.33687776577,2760.33687776577,2760.33687776577,1,1,0,0,1,165185.207270508,0,2145.25048535997,0,0,0,3938.30964833003,0
FT3797,845.544529629243,845.544529629243,845.544529629243,3594.86812251078,3594.86812251078,3594.86812251078,1,1,0,0,1,22833234.8978127,25943.0590434284,109078.341065686,33525.0265628248,8849.07077222547,25450.9369990394,25318.5452720391,53968.394235321
FT3798,845.430752821338,845.430752821338,845.430752821338,2048.26169092096,2048.26169092096,2048.26169092096,1,1,0,0,1,1190702.12009138,0,4099.04950763262,0,0,0,0,0
FT3799,846.26803414638,846.26803414638,846.26803414638,1201.26427381531,1201.26427381531,1201.26427381531,1,1,0,0,1,473489.727786077,0,0,4095.69937212685,0,0,0,0
FT3800,846.467130594271,846.434012539814,846.500248648728,2043.69628505614,2040.07454479091,2047.31802532137,2,1,0,0,1,265160.487625825,0,0,0,0,0,0,0
FT3801,846.547807727914,846.547807727914,846.547807727914,3590.82812251078,3590.82812251078,3590.82812251078,1,1,0,0,1,12031730.4568833,11421.4276015831,52291.4088288889,16898.8165947475,1712.8336611107,11047.5801531098,9885.51104392678,27244.3091052366
FT3802,847.274611008242,847.274611008242,847.274611008242,660.296478689089,660.296478689089,660.296478689089,1,0,1,0,1,4852.44783478746,353041.128466645,94692.6273443922,78775.343629961,106188.076849868,122691.555122211,53089.8678686084,53688.0241892463
FT3803,847.175360777257,847.175360777257,847.175360777257,1207.95356297745,1207.95356297745,1207.95356297745,1,1,0,0,1,274973.161406252,330457.711600192,154695.039379149,81146.1633932069,29388.6595076032,103726.081240997,13044.2337718998,7035.36704826148
FT3804,847.500155757845,847.499964186616,847.500203581991,3518.23175915206,3502.23213435503,3541.9199545672,3,1,0,0,1,2159192.371875,37114.3365829687,66222.6436000562,21698.8543542779,2787.35175710616,29963.0515910819,1132.32016375406,3580.40028233242
FT3805,847.544738035444,847.544738035444,847.544738035444,3062.00283356915,3062.00283356915,3062.00283356915,1,1,0,0,1,1564057.3523181,1322.10759858421,59888.2744762851,10860.9630460956,1693.51733752464,3980.30710187844,16162.0163812003,32665.3453681247
FT3806,847.551151712775,847.551151712775,847.551151712775,3594.86812251078,3594.86812251078,3594.86812251078,1,1,0,0,1,2778106.97408854,0,9422.88138007396,3392.54351519398,0,988.340321663603,0,1013.65548074362
FT3807,848.548056990651,848.548056990651,848.548056990651,3062.00283356915,3062.00283356915,3062.00283356915,1,1,0,0,1,662679.588863926,3621.05709986507,26330.8207790246,1475.83340226939,0,0,3734.96314253256,5283.97394875945
FT3808,848.551096728212,848.551096728212,848.551096728212,2514.31916337086,2514.31916337086,2514.31916337086,1,1,0,0,1,247637.809407611,0,3549.58290491908,0,0,0,0,0
FT3809,848.589178064127,848.589178064127,848.589178064127,3215.19546933647,3215.19546933647,3215.19546933647,1,0,1,0,1,0,3194692.80485025,2258.94526185891,162375.600407268,30392.7523892167,3120.8254719554,52381.1993648972,3680.8225002268
FT3810,849.181128271171,849.181088701564,849.181199061728,165.456870420975,165.160894800863,166.721324957571,3,0,0,3,1,0,40991.8037026475,98520.3145214845,235603.341636679,383278.602263486,212255.694271591,405592.555086639,642764.723348236
FT3811,849.177465916938,849.177450405298,849.177481428577,1001.50610171589,1000.46119679129,1002.55100664049,2,1,0,1,1,633255.451744921,53751.4458889487,191335.712347655,146683.364083537,110523.607767695,135859.934969459,101472.859405474,125228.634083603
FT3812,849.284904699784,849.284904699784,849.284904699784,1198.03652737524,1198.03652737524,1198.03652737524,1,1,0,0,1,141153.239753068,0,5238.97816377286,0,0,0,0,14125.411562785
FT3813,849.33944536593,849.33944536593,849.33944536593,728.274987777109,728.274987777109,728.274987777109,1,1,0,0,1,685576.98206749,20767.0200946794,40779.77745917,38752.2968334559,4009.09336865377,32929.8845095683,68286.4387245203,50080.4021598206
FT3814,849.494175319552,849.494175319552,849.494175319552,3018.02763978972,3018.02763978972,3018.02763978972,1,1,0,0,1,2701035.71034598,3532.98728835647,55855.8156327243,12136.542122375,12442.3482448123,15662.3549899863,1562.60312699575,25027.941872468
FT3815,849.571423853996,849.571423853996,849.571423853996,2896.42749075758,2896.42749075758,2896.42749075758,1,1,0,0,1,492897.273454964,1312.19821645949,1945.85040275986,0,1650.13158327593,1932.85326279802,0,1829.35090265357
FT3816,849.578326302319,849.578326302319,849.578326302319,3247.90278584355,3247.90278584355,3247.90278584355,1,0,1,0,1,48523.9358890476,898384.463162456,5337.09560031807,12792.0506653767,2544.52433895064,720.017440746161,3938.4179507762,1203.9141407807
FT3817,849.699330028779,849.699330028779,849.699330028779,3039.42307083599,3039.42307083599,3039.42307083599,1,1,0,0,1,91585.7167382788,0,0,0,0,0,0,0
FT3818,849.589942661773,849.589942661773,849.589942661773,2975.40167374927,2975.40167374927,2975.40167374927,1,1,0,0,1,252589.698486995,0,0,0,0,0,0,0
FT3819,850.180778522394,850.180778522394,850.180778522394,1002.55100664049,1002.55100664049,1002.55100664049,1,1,0,0,1,178341.511314364,7456.51535728811,57755.6889950606,37924.5793433137,17346.8264030288,16491.8897044892,5631.65767890277,23537.5039805378
FT3820,850.243181316777,850.243181316777,850.243181316777,1405.02648238736,1405.02648238736,1405.02648238736,1,1,0,0,1,821180.969024088,89934.4513219233,5307.04075628535,0,0,0,10550.2394665094,0
FT3821,850.385996763394,850.385996763394,850.385996763394,1606.76914812078,1606.76914812078,1606.76914812078,1,1,0,0,1,79851.9990175785,0,0,0,0,0,0,22272.0187344394
FT3822,850.497229610202,850.497229610202,850.497229610202,3022.68339391616,3022.68339391616,3022.68339391616,1,1,0,0,1,641821.039639565,1405.90140554824,3418.75792557953,1697.03802367309,0,0,0,3031.37131627945
FT3823,850.50628039363,850.50628039363,850.50628039363,3123.0155856685,3123.0155856685,3123.0155856685,1,1,0,0,1,239015.44535194,0,2007.20242010966,0,0,2027.82967792645,1681.06921240998,1673.70463687406
FT3824,850.568586744687,850.568586744687,850.568586744687,3269.68867597363,3269.68867597363,3269.68867597363,1,0,1,0,1,0,90388.6238378914,0,0,1578.72728980557,0,0,0
FT3825,850.574772126077,850.574772126077,850.574772126077,2896.42749075758,2896.42749075758,2896.42749075758,1,1,0,0,1,190936.264711138,3109.65770419019,0,0,0,2645.56158035759,0,1978.97737839777
FT3826,851.244787708381,851.239676511318,851.246712029143,109.32809238494,107.394955787298,111.25503139793,4,0,1,3,1,3119.68120526033,326104.164179455,324087.149001301,236503.014443634,207510.821036801,394921.262006641,91415.6860830035,334319.750128125
FT3827,851.227622264245,851.227622264245,851.227622264245,1236.3168101354,1236.3168101354,1236.3168101354,1,1,0,0,1,540135.043413435,390928.049285383,120512.389473324,144573.414825724,188269.368062563,179140.675277005,148255.369703766,163614.376904336
FT3828,851.246518095701,851.246518095701,851.246518095701,1403.28491864694,1403.28491864694,1403.28491864694,1,1,0,0,1,257321.120933592,0,0,0,0,0,0,0
FT3829,851.510519306977,851.502525248699,851.518513365255,3067.20545905756,3039.42307083599,3094.98784727913,2,1,0,0,1,1220963.29109504,0,0,0,0,0,0,0
FT3830,852.513736856645,852.505845196479,852.521628516812,3067.7547532183,3039.42307083599,3096.08643560062,2,1,0,0,1,465583.888586428,0,0,0,0,0,0,0
FT3831,852.425626874714,852.425626874714,852.425626874714,2396.67342399894,2396.67342399894,2396.67342399894,1,1,0,0,1,194268.572141385,0,0,0,5686.55236253302,10202.643009538,0,3460.20233683029
FT3832,852.563068439664,852.563068439664,852.563068439664,3069.41312546386,3069.41312546386,3069.41312546386,1,1,0,0,1,1203393.80888671,19185.2137672706,59380.9013357123,28582.2876530432,2681.49664241993,37952.9939962075,3433.97343092305,12923.8483890774
FT3833,853.35075885188,853.335308407804,853.36345258067,1387.70580649276,1364.95805539849,1394.57836743146,3,1,0,1,1,292921.578017577,0,219431.732090454,0,0,0,0,0
FT3834,853.480094978122,853.480094978122,853.480094978122,3271.8968378703,3271.8968378703,3271.8968378703,1,1,0,0,1,1367160.88794897,13155.9684513739,22911.7341697188,1251.85221754816,0,3878.24161356161,1252.19322618352,1377.7629539409
FT3835,853.482942469423,853.482942469423,853.482942469423,2992.90758570548,2992.90758570548,2992.90758570548,1,1,0,0,1,280791.742498169,12137.6587246607,136094.597849463,50883.9691978863,33283.7024551976,70160.6973696428,35152.6722064576,58530.5213791744
FT3836,853.566501663493,853.566501663493,853.566501663493,3067.00338120852,3067.00338120852,3067.00338120852,1,1,0,0,1,484822.374755693,2415.3138224843,23600.9325151391,3464.98701526938,1974.46691117888,15439.2112387124,0,0
FT3837,854.131282786959,854.131282786959,854.131282786959,683.336570795082,683.336570795082,683.336570795082,1,1,0,0,1,449157.556002605,0,19755.5128633106,16906.342731677,0,4379.02744126649,0,4556.53419386354
FT3838,854.774171052326,854.774171052326,854.774171052326,1207.95356297745,1207.95356297745,1207.95356297745,1,1,0,0,1,167841.312246096,0,0,0,0,0,0,0
FT3839,854.890857835881,854.832346946396,854.910353329077,1669.56454532617,1599.60880246424,1690.73101093666,6,0,1,1,1,0,178841.290019533,6255.52430386805,0,285783.198486329,8056.54596237654,0,7736.79488672245
FT3840,854.850455616069,854.796867769735,854.86960717446,1770.04279138671,1731.40510714218,1781.93174648237,4,0,1,1,1,0,111846.316097004,5112.41717732208,0,216056.257015139,0,0,0
FT3841,854.876746672043,854.837265313314,854.920014482821,1487.50507852088,1421.56460277131,1525.74313086188,5,0,1,1,1,13959.7651429301,162988.959944372,0,4626.26944645977,498944.32661548,0,6400.43676966871,0
FT3842,854.96427258486,854.936448636018,855.041140451205,1238.34130391929,1192.21108553888,1311.61598905561,7,0,1,1,1,16587.658061278,323010.676977257,11298.1063377528,5972.66333615643,343673.812077839,7236.50668835588,7820.46390336061,4454.24262107999
FT3843,854.961194816166,854.923659002179,855.047614441982,1426.65807884955,1401.70202329049,1466.13937989672,5,0,1,1,1,11360.3218840654,321979.682785401,16304.0279861298,0,153309.243640135,6496.2820541995,0,0
FT3844,855.108752662388,855.099582287592,855.168177287177,917.839687996982,821.466785527087,994.686540126766,7,0,1,1,1,10287.0213264515,756113.585067885,10860.3436114502,17428.1041278514,6200.80524668747,323435.641099762,0,0
FT3845,854.929552121061,854.928293025104,854.930811217019,1610.35526096817,1608.40655278513,1612.30396915121,2,0,1,1,1,7519.95159855929,135221.786179375,0,0,409798.900637255,0,5854.66025421665,0
FT3846,855.149182499438,855.149182499438,855.149182499438,2446.82800454632,2446.82800454632,2446.82800454632,1,1,0,0,1,363276.425697783,1785.77032267415,0,4365.68134468058,3534.03624175868,0,3063.68234815827,0
FT3847,855.264568190117,855.264408341679,855.264875200174,233.939079970175,233.183175104912,236.245298915431,7,0,1,6,1,812648.934349274,883385.97343042,7692449.86689913,11074522.786875,16814152.0594773,8251708.09665212,19114246.3359801,20878522.0378307
FT3848,855.215435795041,855.115177319399,855.264176892049,645.63271709617,627.51568817568,681.467015889674,4,1,0,3,1,421987.481198487,0,8309.97012670504,0,1155848.79103808,126139.789071428,0,2774036.84219601
FT3849,855.238402899219,855.184912040639,855.293457887395,2261.02152275164,2239.7880481218,2275.51261422255,3,1,0,1,1,381522.076631468,3541.40228732992,0,0,0,316839.697239815,0,4059.3676187095
FT3850,855.181312373686,855.181312373686,855.181312373686,3039.42307083599,3039.42307083599,3039.42307083599,1,1,0,0,1,280162.388942872,21140.4995052507,2663.93953418265,0,1840.27740384478,1664.37141668,2190.81792483614,0
FT3851,855.232543722437,855.190093590432,855.250107051488,2392.80103763119,2347.46859317861,2422.09012954682,4,1,0,0,1,288619.645863713,16788.1651985137,0,0,0,2509.3893188832,2564.46075012763,4682.69912062577
FT3852,855.272347470328,855.201411538326,855.34328340233,1231.72983946356,1209.65432949276,1253.80534943437,2,1,0,1,1,179019.007343752,0,0,5620.7390135539,0,135019.234437779,32447.9393252398,6361.19586533852
FT3853,855.179631769542,855.179631769542,855.179631769542,1087.97255618065,1087.97255618065,1087.97255618065,1,0,1,0,1,0,246501.010384792,0,5439.78344207269,20699.0457610679,52325.5814231342,0,0
FT3854,855.412078747522,855.329317728839,855.542332483747,1991.23782194589,1941.05990856102,2007.02184276265,5,1,0,1,1,420957.943958494,0,0,0,11766.069222124,5869.58198710247,430363.62642026,51828.0809266632
FT3855,855.435810243163,855.320613269469,855.503334536922,1822.40981435098,1821.79753001339,1836.92655885731,3,1,0,2,1,305061.184221709,13227.198547896,24685.4578063397,5631.18710446768,5371.97321734385,228073.174757774,511134.001042199,97934.7123950955
FT3856,855.523494743373,855.521053192476,855.536767619712,1145.16860864656,1131.15702735039,1177.96951325093,3,1,0,1,1,356129.269122417,5021.14165291564,0,0,0,31529.3921107387,0,645140.13700256
FT3857,855.394696410953,855.297109554465,855.492283267442,2196.53190080454,2188.63173548684,2204.43206612223,2,1,0,1,1,326760.633377692,0,1190.56287953827,3256.17742134624,0,0,135616.691551758,3626.86609713342
FT3858,855.624463339277,855.524001081162,855.646232565713,1620.3012442099,1536.44927209111,1712.39657406538,9,1,0,2,1,287429.24518094,6513.10044556107,6035.68662060463,0,7906.65526209471,1783.69515216631,266557.280565074,518271.318369141
FT3859,855.602051951681,855.566556657233,855.665049330129,1259.5048370609,1225.48676015036,1322.90875472772,7,1,0,1,1,597508.311578774,0,0,0,0,0,0,140482.496484376
FT3860,855.558077282162,855.445474909217,855.587574477444,885.177242632984,830.604387862802,953.383944608375,7,1,0,1,1,372296.330269987,6384.00516278918,0,0,10072.1304677532,5815.57354380161,0,465443.839552125
FT3861,855.644768847244,855.608376851509,855.656834888528,1393.69121674594,1369.87819177866,1435.74704295182,3,1,0,1,1,829698.506841261,0,11558.9871491151,20773.4516487607,0,7865.89663839478,6236.38754320731,841944.760007093
FT3862,855.637179782739,855.637179782739,855.637179782739,2975.40167374927,2975.40167374927,2975.40167374927,1,1,0,0,1,288954.484133302,0,0,0,0,1926.5631516546,0,0
FT3863,855.765801652295,855.582349056539,855.770611113017,646.445256248808,644.84326150357,723.239757367278,3,1,0,2,1,106661.457541825,10251.6575341447,263504.726857151,282086.981027821,609958.703365257,234606.654287287,1208849.52215452,1552527.65004596
FT3864,855.788860317635,855.696075082703,855.834364865684,1500.21924552092,1417.87195072875,1588.89548396791,10,1,0,1,1,289095.340970866,0,0,1093.87137049853,5922.2941968735,8740.67075257098,313500.303978272,0
FT3865,855.765033880863,855.674316307661,855.869104697786,1326.91631420829,1291.99643098601,1361.52645012722,4,1,0,1,1,578211.181171876,3319.52028534919,0,5910.73967611364,0,15826.4341261333,663150.107300227,11831.7764645607
FT3866,856.135095602896,856.114900611226,856.142036957082,77.8929597567686,71.4926736122435,88.8658582847855,3,1,0,1,1,397615.917643538,0,0,0,7093.35868861689,0,160304.653606689,0
FT3867,856.268006138441,856.267937780155,856.268261098025,234.581073216802,188.814395827968,235.33501144774,7,0,0,6,1,271805.540464453,287708.640980518,2502602.53442486,3708253.47311719,5394734.92117578,2801148.76978125,6301122.65661659,6813997.0911543
FT3868,856.17289382712,856.17289382712,856.17289382712,61.4423887790096,61.4423887790096,61.4423887790096,1,1,0,0,1,298898.273534497,8227.24209971171,3187.47117481124,0,0,0,0,0
FT3869,856.364505131931,856.364505131931,856.364505131931,1588.89548396791,1588.89548396791,1588.89548396791,1,1,0,0,1,121128.099511719,0,0,0,0,0,0,0
FT3870,856.51914375305,856.51914375305,856.51914375305,2912.82238896789,2912.82238896789,2912.82238896789,1,1,0,0,1,548635.215821824,1464.10092369156,8430.04567335629,0,0,0,0,11524.5117376634
FT3871,856.581517877014,856.581517877014,856.581517877014,3022.68339391616,3022.68339391616,3022.68339391616,1,1,0,0,1,555571.466377602,3408.0611977886,94568.7202801138,23276.9291365349,2421.30881276685,26082.5980521624,28749.499702199,65562.1245526662
FT3872,856.567774092167,856.567774092167,856.567774092167,1341.69110389128,1341.69110389128,1341.69110389128,1,1,0,0,1,423818.104613445,0,0,0,0,0,0,0
FT3873,857.270373965193,857.270088629676,857.270883241099,234.629369824775,232.603212401326,237.864304803515,6,0,0,6,1,20927.5698758665,29702.1959609082,347988.300250076,538938.979075531,915690.95901072,400346.973309469,953975.952260742,1104161.99396162
FT3874,857.243728177508,857.243699099237,857.244055500657,123.215945701445,121.383046491437,124.538453940987,3,1,1,1,1,1892602.42626497,488838.979362368,305164.742543809,352811.739465844,305206.12856668,2399041.78299827,338352.821418456,290194.495312246
FT3875,857.217214356017,857.217214356017,857.217214356017,1201.26427381531,1201.26427381531,1201.26427381531,1,1,0,0,1,525137.973684083,29056.5978215727,127806.502566926,157924.71306569,223688.416557427,154512.61703961,173755.809738388,185590.581651879
FT3876,857.522129004748,857.522129004748,857.522129004748,2912.82238896789,2912.82238896789,2912.82238896789,1,1,0,0,1,218625.192261121,0,6488.66571848866,4473.60939142376,0,9361.81050609602,0,1901.47959767297
FT3877,857.623905507867,857.584406081524,857.66340493421,3034.96429155405,3022.68339391616,3047.24518919193,2,1,0,0,1,222076.816153428,0,0,0,0,0,0,0
FT3878,857.565520557423,857.495222650947,857.635818463899,2493.02335791743,2471.93534097196,2514.11137486289,2,1,0,1,1,613606.832337448,0,0,0,185177.308020368,0,0,0
FT3879,857.570924453291,857.570924453291,857.570924453291,1341.69110389128,1341.69110389128,1341.69110389128,1,1,0,0,1,185157.445245117,0,0,0,0,0,0,0
FT3880,857.711208832767,857.711208832767,857.711208832767,3094.98784727913,3094.98784727913,3094.98784727913,1,1,0,0,1,485247.237846075,948.109227402153,8059.9502224503,1420.96026719044,2214.68512325638,0,0,1103.46133002106
FT3881,858.247215528291,858.247107624258,858.247323432324,122.079054220475,121.325563866315,122.832544574636,2,1,0,1,1,548035.364059495,115260.731028706,48246.3848912033,79027.2859007737,51687.5457644582,467726.867798978,97353.6357170126,84026.827585508
FT3882,858.220769050405,858.220769050405,858.220769050405,1200.53961356367,1200.53961356367,1200.53961356367,1,1,0,0,1,119305.197453126,0,24292.6450665922,23992.9131368293,35755.835903811,17501.0359607432,17748.5822689988,27442.9952785517
FT3883,858.498633745197,858.498633745197,858.498633745197,2471.93534097196,2471.93534097196,2471.93534097196,1,1,0,0,1,318400.069494629,0,6447.90609531679,2499.91860762407,0,0,0,2333.58751758646
FT3884,858.597205043655,858.597205043655,858.597205043655,3060.32478513107,3060.32478513107,3060.32478513107,1,1,0,0,1,119714.930786131,0,16218.1534807579,0,0,0,0,0
FT3885,858.714253040433,858.714253040433,858.714253040433,3094.98784727913,3094.98784727913,3094.98784727913,1,1,0,0,1,216455.155458985,0,0,3224.91874031017,2013.2242950606,0,0,0
FT3886,859.240377497248,859.240377497248,859.240377497248,1200.53961356367,1200.53961356367,1200.53961356367,1,1,0,0,1,395944.361458333,5486.69862748073,0,13143.3189716359,7682.06364728783,8370.17376937359,0,12937.854784891
FT3887,859.363010663168,859.362794915609,859.363156293393,2556.3924541742,2551.91614002629,2557.45480927292,4,0,0,4,1,0,1634.25599371976,51448.3958986659,116446.101422222,138166.913623049,140928.039123048,119752.414679719,242447.545498046
FT3888,859.484950763444,859.484950763444,859.484950763444,3312.8445597095,3312.8445597095,3312.8445597095,1,1,0,0,1,10641257.751645,20687.9526380224,93032.1212910405,35123.9574213192,10511.5962110051,25241.7022236489,37757.2377528859,82132.3691604412
FT3889,859.600060951267,859.600060951267,859.600060951267,3023.9709549594,3023.9709549594,3023.9709549594,1,1,0,0,1,93164.6899218752,0,13927.6972144128,3323.56028283937,3220.16307838061,8050.17294439121,3596.26202448286,15706.7199885757
FT3890,859.68937868446,859.68937868446,859.68937868446,3028.4156737235,3028.4156737235,3028.4156737235,1,1,0,0,1,433551.168486328,1431.67251318809,3715.20210855195,2198.60062563908,0,2000.58593060181,2018.57981268897,6388.45321896471
FT3891,860.488590230761,860.488590230761,860.488590230761,3312.8445597095,3312.8445597095,3312.8445597095,1,1,0,0,1,5061681.92239833,2059.57560647283,49718.9143436729,16857.0767357819,3650.21992369939,15359.7260668749,13904.8878296936,34017.0305182707
FT3892,861.170559398313,861.170559398313,861.170559398313,119.497184338397,119.497184338397,119.497184338397,1,1,0,0,1,1650762.46458482,31281.638252012,342150.918241202,234703.080011862,127116.003443486,164395.789170406,140289.845165301,118321.231560037
FT3893,861.248295925081,861.248184262362,861.251289957941,2005.35195652659,2004.61661326154,2005.72889865249,7,1,1,5,1,1375583.40372031,270326.960606691,139333.71421479,615027.739861451,1427035.64378004,2184464.38617465,826479.246182339,3053851.77288382
FT3894,861.24869621676,861.248359552622,861.250955588521,1267.42652505651,1263.26799755089,1335.31916030065,6,0,0,5,1,75886.8991035342,51772.9491755769,921197.904550782,1906621.94726761,2646229.23759479,954410.200664067,2213021.77462215,1691326.28869629
FT3895,861.274978811766,861.230221542521,861.275041432002,114.706886679883,111.25503139793,136.217679056572,3,1,1,1,1,163286.840701734,187564.527531576,49734.0843893455,78942.6144952328,61358.1117964148,179932.313861062,95854.0115591152,61886.0417748627
FT3896,861.529334743114,861.519633638468,861.539035847759,3156.79944006368,3133.58875890455,3180.01012122281,2,1,0,0,1,5513749.42794254,0,0,0,0,0,0,0
FT3897,861.500853787623,861.500853787623,861.500853787623,3418.30874981519,3418.30874981519,3418.30874981519,1,1,0,0,1,1562185.8139083,0,10025.9783157159,3366.99789265939,0,0,0,4188.52768513776
FT3898,861.487689617615,861.487689617615,861.487689617615,2070.80354853069,2070.80354853069,2070.80354853069,1,1,0,0,1,105103.480712894,0,0,0,0,0,0,0
FT3899,861.670790016842,861.670790016842,861.670790016842,3039.42307083599,3039.42307083599,3039.42307083599,1,1,0,0,1,197092.568803714,0,131414.202796757,2372.06582661177,1632.60961864081,0,3576.90370775174,3448.04928427963
FT3900,862.251475176629,862.251405352504,862.253865463534,2005.63719011608,2003.59295255863,2006.16749540227,6,1,0,5,1,509642.626832683,146794.769494723,56317.0780791745,200091.756203003,544974.802016601,894248.400780497,294525.199821114,1209495.22446006
FT3901,862.173734201376,862.173734201376,862.173734201376,119.497184338397,119.497184338397,119.497184338397,1,1,0,0,1,376330.7062613,0,52130.5603576149,54323.1219649011,18527.3700805615,6751.45933839426,0,6104.13282218671
FT3902,862.532618291987,862.522843466921,862.542393117053,3156.79944006368,3133.58875890455,3180.01012122281,2,1,0,0,1,2680160.83288331,0,0,0,0,1725.99153698857,0,0
FT3903,863.242135385979,863.240043319056,863.246714776656,139.41227378863,109.319921846606,148.393924806012,11,1,1,6,1,19182388.5739292,784225.630708357,3566940.25741555,2943230.87194503,2159124.07248545,4137788.67051451,2834635.78199742,2576381.22821238
FT3904,863.185521196588,863.185432231441,863.185928118045,3335.74776420922,3309.45574186738,3341.6249397003,7,0,1,6,1,0,836018.524322145,1125496.44721519,587200.214138485,275406.878144972,740692.016983818,891589.085886862,1043561.19453575
FT3905,863.227592884082,863.227592884082,863.227592884082,1588.89548396791,1588.89548396791,1588.89548396791,1,1,0,0,1,251910.749003904,18420.8477691143,23558.7240356036,38411.5586925122,107441.869615374,21522.8811857975,73670.1880916707,68520.8799447205
FT3906,863.664286750987,863.664286750987,863.664286750987,3079.50764233854,3079.50764233854,3079.50764233854,1,1,0,0,1,166193.578833009,0,2485.58791881959,0,1918.09397766564,0,0,2264.25136482068
FT3907,864.258784998271,864.253563857714,864.260456448984,138.518493620681,136.217679056572,143.373634992299,4,1,0,3,1,7299150.3594711,3318.07859893082,887829.426834435,752080.992513764,8034.78462625006,1486309.65138753,0,4316.25735708872
FT3908,864.188863931221,864.188835981933,864.188891880508,3324.55294265748,3309.45574186738,3339.65014344758,2,0,1,1,1,0,230839.048261716,244334.575228914,185917.111000607,150829.822532453,169221.532478431,218309.218912514,309147.36744564
FT3909,864.497672763608,864.497672763608,864.497672763608,3071.08828034096,3071.08828034096,3071.08828034096,1,1,0,0,1,446501.077748103,0,0,0,0,2433.79104721249,0,2080.46776085837
FT3910,864.580560776922,864.580560776922,864.580560776922,3247.90649568669,3247.90649568669,3247.90649568669,1,1,0,0,1,1394017.6054996,9942.52213285593,29427.4736559533,10404.912989107,1029.69086687975,14483.5325203438,2367.49072412956,11995.1286970949
FT3911,864.892459022061,864.892459022061,864.892459022061,71.4926736122435,71.4926736122435,71.4926736122435,1,1,0,0,1,464514.324316293,0,5374.82311380556,0,4433.27963050137,0,8041.26858780346,0
FT3912,865.244243903663,865.243835862476,865.247697367617,138.131800196781,136.217679056572,139.41227378863,3,1,0,2,1,6885389.57520456,85784.3987329414,945746.128468084,404902.468436416,234567.233064848,1006352.25416772,316919.480100625,423922.419932289
FT3913,865.204075839779,865.185821935688,865.22232974387,1223.99781670602,1209.65432949276,1238.34130391929,2,1,1,0,1,149426.022276003,222414.071016033,0,0,0,0,0,0
FT3914,865.201153670622,865.201153670622,865.201153670622,1027.50776382089,1027.50776382089,1027.50776382089,1,0,1,0,1,131759.398977373,178751.246004396,0,0,0,0,0,0
FT3915,865.201135426303,865.201135426303,865.201135426303,785.602674749053,785.602674749053,785.602674749053,1,0,1,0,1,189709.041641139,531678.470992296,0,0,0,0,0,0
FT3916,865.496552655347,865.490567377856,865.502537932839,3051.73929864897,3023.9709549594,3079.50764233854,2,1,0,0,1,2101330.06808857,0,0,0,1838.05541281736,0,0,0
FT3917,865.588064270674,865.588064270674,865.588064270674,3247.90649568669,3247.90649568669,3247.90649568669,1,1,0,0,1,388679.075566102,1315.60738252217,26827.804051696,5074.00662765235,1437.17947788125,4289.98079967211,2329.15683214099,2956.61371846691
FT3918,866.248474505049,866.247135303408,866.249813706691,138.078679361287,136.217679056572,139.939679666003,2,1,0,1,1,1762441.69216134,10823.9754395294,64554.6750224897,37020.3064589943,25428.1039213994,166408.101011827,15184.6475376617,40139.1870083179
FT3919,866.453554098181,866.453554098181,866.453554098181,2502.89464626656,2502.89464626656,2502.89464626656,1,1,0,0,1,144006.054125978,41167.214131198,67294.0417459486,53765.3015266697,34723.5553744258,41304.4716198093,34620.8880904866,32862.196042171
FT3920,867.517182204092,867.517182204092,867.517182204092,3116.78977653277,3116.78977653277,3116.78977653277,1,1,0,0,1,2875288.46326829,4478.16206229126,240157.221583604,71728.095122415,15205.9487103907,57886.4785139338,49405.892365871,70188.9679243724
FT3921,868.269719125935,868.269719125935,868.269719125935,1198.03652737524,1198.03652737524,1198.03652737524,1,1,0,0,1,1157225.33809977,0,6595.19171556373,0,0,0,0,0
FT3922,868.771309649342,868.771309649342,868.771309649342,1196.78416052393,1196.78416052393,1196.78416052393,1,1,0,0,1,950046.104743086,0,0,6357.37696749698,0,0,0,0
FT3923,869.278798060773,869.278798060773,869.278798060773,666.013099077454,666.013099077454,666.013099077454,1,0,1,0,1,8550.13127205348,656080.024924864,105161.489636078,94036.2858867249,117635.612352445,115744.360916759,129062.03473304,134753.595221317
FT3924,869.510797729962,869.510797729962,869.510797729962,2446.82800454632,2446.82800454632,2446.82800454632,1,1,0,0,1,242874.637291663,0,0,0,0,0,3448.09141708125,3636.45242852552
FT3925,869.52883765135,869.52883765135,869.52883765135,2992.90758570548,2992.90758570548,2992.90758570548,1,1,0,0,1,2006252.7326262,4994.31253532055,114216.353064543,8724.47141980358,5755.43375664006,23953.7692700956,4686.26188434818,14130.174206889
FT3926,869.653080062385,869.653080062385,869.653080062385,3102.75911395573,3102.75911395573,3102.75911395573,1,1,0,0,1,195962.193126316,2078.27244395312,19141.7941542472,0,0,0,0,9844.96193780511
FT3927,869.616142041136,869.616142041136,869.616142041136,2981.22136292399,2981.22136292399,2981.22136292399,1,1,0,0,1,4623455.36121335,0,0,0,0,4278.59051191552,0,0
FT3928,869.781084574872,869.781084574872,869.781084574872,664.174236640307,664.174236640307,664.174236640307,1,0,1,0,1,9522.94604166609,362333.10807135,39884.6404987386,57405.2652547226,100417.940208497,99417.6212723194,47392.1377250274,30572.8266945616
FT3929,870.619411825063,870.619411825063,870.619411825063,2981.22136292399,2981.22136292399,2981.22136292399,1,1,0,0,1,2330958.46788854,0,0,0,0,0,0,0
FT3930,871.259040832156,871.259040832156,871.259040832156,136.217679056572,136.217679056572,136.217679056572,1,1,0,0,1,236183.523930176,163311.136068531,182317.854895791,141532.727508379,194521.458417805,214836.592821522,200400.53037069,239879.190204512
FT3931,871.618838438946,871.618838438946,871.618838438946,2978.49218324499,2978.49218324499,2978.49218324499,1,1,0,0,1,1167393.12005335,0,0,0,0,0,0,0
FT3932,871.668565794687,871.668565794687,871.668565794687,3107.76171372841,3107.76171372841,3107.76171372841,1,1,0,0,1,138845.258331299,0,17491.2992969348,0,0,0,2531.41846782212,3623.05065959087
FT3933,871.689688206243,871.689688206243,871.689688206243,3048.88243174569,3048.88243174569,3048.88243174569,1,1,0,0,1,611858.735158693,0,3028.75309148547,0,0,2050.9417078828,2575.55172885413,4041.90423152405
FT3934,872.693101889935,872.693101889935,872.693101889935,3048.88243174569,3048.88243174569,3048.88243174569,1,1,0,0,1,323280.682256943,0,0,0,0,0,0,0
FT3935,873.275333790616,873.267531430149,873.275797462608,142.022122804962,110.491630473791,189.374328641211,15,1,1,6,1,23915931.9368894,4547035.60028209,7379056.46421094,7442553.27666044,6612375.03298807,14145014.5257557,9332550.11722748,7599581.10518115
FT3936,873.269500743043,873.212593814104,873.290761558066,1329.37362373592,1224.4891116078,1363.23463572663,5,0,0,3,1,0,0,0,14209.618829562,2286285.67108128,540287.413957867,1392040.02772217,7494.37001959059
FT3937,873.175397868028,873.175397868028,873.175397868028,1485.67896000985,1485.67896000985,1485.67896000985,1,0,1,0,1,11277.3870432783,369374.263706754,146928.082682394,78804.3940680988,137757.670130176,109790.663744132,50919.9357549972,30011.6483848633
FT3938,873.705462900317,873.705462900317,873.705462900317,3049.78513321064,3049.78513321064,3049.78513321064,1,1,0,0,1,793368.819748226,0,6974.04833176089,0,0,0,0,3224.61861711482
FT3939,874.278581728889,874.277973331523,874.27878962173,141.469394835942,139.115394241513,218.151438293778,10,1,1,6,1,8021849.17205833,1380657.07438602,2272761.51027832,2250083.606554,2062319.17160773,4544118.31217734,2921527.48521335,2313760.89087268
FT3940,874.258234124757,874.222502463467,874.293965786048,1244.11004165473,1215.26028913217,1272.95979417729,2,1,0,1,1,376036.528205567,0,0,0,0,122769.163668824,2342.72923689862,0
FT3941,874.708844036379,874.708844036379,874.708844036379,3049.78513321064,3049.78513321064,3049.78513321064,1,1,0,0,1,439043.493611286,0,2086.0848534947,0,1636.02705645137,0,0,0
FT3942,875.191337656922,875.190929560219,875.225725573529,1209.40040570148,1204.5630971822,1219.42942315811,5,1,1,2,1,168979.271152345,2444714.42872071,1594211.52299805,1250385.57784696,2051077.80274711,1209753.66972324,1134207.03324044,1302207.46847334
FT3943,875.280155694658,875.254776000254,875.281260541041,139.527536953758,111.25503139793,144.643018216932,4,1,0,2,1,1664575.47098521,142622.781369028,263811.849796176,189805.616886985,354743.573512408,724957.800381836,259121.541252943,243647.653276077
FT3944,875.270827448185,875.243042693411,875.355176735965,1111.48111350533,1055.24391998083,1131.64291984025,3,1,0,2,1,1116848.36496694,0,106091.083502197,17645.4167584676,0,1073318.56342764,22686.9520515136,47496.1266610413
FT3945,875.596884669133,875.596794371901,875.597294187855,2828.3775785583,2827.32056890402,2832.66351053497,4,0,1,3,1,182316.77178502,211574.986650393,165623.860529296,255839.171996832,276620.236304998,258835.530190891,247243.673458112,352900.640100602
FT3946,876.268647545341,876.255041361052,876.282253729629,136.217679056572,136.217679056572,136.217679056572,2,1,0,0,1,474788.122621995,0,0,0,0,0,0,0
FT3947,876.262865150249,876.252191925189,876.273538375308,1083.79590159133,1055.24391998083,1112.34788320183,2,1,0,1,1,263333.996630859,0,0,0,0,287781.523480336,0,0
FT3948,876.194691102478,876.194691102478,876.194691102478,1207.68762314368,1207.68762314368,1207.68762314368,1,0,1,0,1,0,1508176.16854042,674868.054667851,622219.44488889,890584.011742155,557379.814397955,556754.779188763,630569.203804309
FT3949,876.582245091801,876.582245091801,876.582245091801,2892.77672943999,2892.77672943999,2892.77672943999,1,1,0,0,1,10958219.992428,16967.4623883346,96477.7688252516,17412.5819173439,3763.67508107468,30402.0171116776,20245.2485409174,46386.6247548635
FT3950,876.756977490685,876.756977490685,876.756977490685,139.115394241513,139.115394241513,139.115394241513,1,1,0,0,1,296397.333090219,4414.86411844187,0,0,0,0,0,0
FT3951,877.217552174048,877.216678145248,877.222788993082,986.706243300278,928.0157920508,1033.37324410336,18,0,1,5,1,0,1519863.09908775,2570.2569264248,1906486.60617477,2308129.2333187,1533480.85282864,2382734.38631628,2740194.71055837
FT3952,877.277670784755,877.206556546853,877.277953147944,591.559040212537,590.610276542879,636.431988797237,6,0,1,5,1,420804.407172024,699768.213084615,1671917.04105946,1745344.8886461,1794947.11289926,1277920.61538769,3542273.17544211,1806963.75795553
FT3953,877.373960906588,877.373169294063,877.374463842147,2425.54534387051,2422.1666416662,2426.38264242143,6,0,0,6,1,97627.5990079621,96285.3729556354,151847.760320097,192195.780525567,194016.406295776,264266.955157066,183804.053648571,468640.220110141
FT3954,877.482528470755,877.482528470755,877.482528470755,2940.60983379805,2940.60983379805,2940.60983379805,1,1,0,0,1,297753.5427846,1385.68975515016,34805.1616410005,10062.9579803974,11600.2851745419,19004.6138713718,10477.4010611344,7070.56818732212
FT3955,877.779341163317,877.7791426318,877.779469711919,591.782172544189,590.817566544592,593.153289203658,3,0,0,3,1,265373.92014722,477213.477622166,1176729.55332623,954726.818411273,1143478.51654,815964.850216274,1396016.76833508,2774460.80733964
FT3956,877.584990128276,877.584990128276,877.584990128276,2892.77672943999,2892.77672943999,2892.77672943999,1,1,0,0,1,5173709.63635823,4117.70608569107,39481.0370323369,3522.53655461608,0,13133.8975605575,9419.88736704145,14229.8020148191
FT3957,877.631651960529,877.631651960529,877.631651960529,2977.55151165471,2977.55151165471,2977.55151165471,1,1,0,0,1,2828830.69935099,0,0,0,0,0,1497.94508713872,0
FT3958,878.253868906378,878.253868906378,878.253868906378,1379.63622040963,1379.63622040963,1379.63622040963,1,1,0,0,1,113354.701090493,0,0,0,0,0,0,0
FT3959,878.322717138063,878.322717138063,878.322717138063,1205.90464804101,1205.90464804101,1205.90464804101,1,1,0,0,1,245075.805978517,0,0,0,0,0,0,0
FT3960,878.589165557306,878.589165557306,878.589165557306,2892.77672943999,2892.77672943999,2892.77672943999,1,1,0,0,1,1078383.03238932,0,6065.08527647233,1970.11425142364,0,0,0,0
FT3961,878.635047333737,878.635047333737,878.635047333737,2977.55151165471,2977.55151165471,2977.55151165471,1,1,0,0,1,1647956.95200723,0,0,0,0,0,2007.86989648017,0
FT3962,879.217187456836,879.21493585059,879.219004973106,920.686960532039,900.103898680301,983.254435038056,8,0,1,3,1,311856.798399421,2569348.30725449,2660425.51158846,2066928.39708868,1002620.1348947,1134397.33315257,2015352.03001771,989235.581834777
FT3963,879.592637044425,879.592637044425,879.592637044425,2892.77672943999,2892.77672943999,2892.77672943999,1,1,0,0,1,155415.433124998,0,0,0,0,0,0,0
FT3964,879.638618645345,879.638618645345,879.638618645345,2978.49218324499,2978.49218324499,2978.49218324499,1,1,0,0,1,398634.890724612,0,0,0,0,0,0,0
FT3965,879.695441103396,879.695441103396,879.695441103396,3079.50764233854,3079.50764233854,3079.50764233854,1,1,0,0,1,536024.656132816,0,6299.44812224087,0,2264.08386758495,0,14245.7397662613,6222.99009249165
FT3966,880.22165666512,880.22165666512,880.22165666512,910.031303796794,910.031303796794,910.031303796794,1,0,1,0,1,36053.5816485358,982107.633333957,529585.476451464,353950.537378313,428499.756696361,349962.186374474,363982.141323208,401596.526816773
FT3967,880.698765962291,880.698765962291,880.698765962291,3079.50764233854,3079.50764233854,3079.50764233854,1,1,0,0,1,333674.280298666,0,1930.97124890346,0,0,0,2206.71814450459,0
FT3968,881.250623202641,881.250374672765,881.251737619939,111.25503139793,107.833858239503,111.597925043679,3,0,1,2,1,0,545257.706042269,0,671143.760162746,0,1017464.12779727,0,0
FT3969,881.7106626086,881.7106626086,881.7106626086,3082.52356118968,3082.52356118968,3082.52356118968,1,1,0,0,1,2594511.93868021,0,13422.2086767537,0,0,2440.36956454535,0,5335.04955723844
FT3970,882.714113443602,882.714113443602,882.714113443602,3082.52356118968,3082.52356118968,3082.52356118968,1,1,0,0,1,1504447.84058086,0,11993.3059741333,0,0,0,0,0
FT3971,883.253784032877,883.253762270574,883.25380579518,1091.55960439247,1089.83460320345,1093.28460558149,2,0,1,1,1,8292.05979514103,274726.833178712,211449.033740721,211801.244631587,194603.711339357,189963.905165951,199304.833316332,158755.395811098
FT3972,883.245341765387,883.244378592647,883.295964014191,111.597925043679,111.25503139793,162.630687220723,3,0,1,2,1,0,374946.90626626,0,0,0,423270.95993356,123224.920103462,5765.13875908965
FT3973,883.420208540901,883.420208540901,883.420208540901,2714.77498041395,2714.77498041395,2714.77498041395,1,1,0,0,1,808525.759533198,35221.5429205178,29329.2696984147,33904.0363477107,30297.9205303096,17376.715979985,25368.3427158683,20784.299671433
FT3974,883.52147457308,883.52147457308,883.52147457308,3144.26726463053,3144.26726463053,3144.26726463053,1,1,0,0,1,1107043.85093994,4165.0184414744,59767.4275984955,32415.9905627723,1676.32581026693,53672.6835918008,6843.52238974216,13688.3246279512
FT3975,884.486682740421,884.486293675238,884.486977483357,50.9612546931633,46.909710284462,51.6741532759873,4,0,0,4,1,0,136925.881452296,132517.526685341,130981.91419987,208348.430194964,199447.449436134,90059.6830117188,182809.134325626
FT3976,885.158740373012,885.158566269647,885.159008563714,51.360400207882,49.4852966943336,53.2974331905768,7,0,1,6,1,118597.092569441,738424.549514883,789655.968782148,1126515.62889755,1486782.89498403,1158276.24415172,1182161.95623011,1351913.98845166
FT3977,885.275408118401,885.275281562864,885.275611111604,233.460343416105,233.183175104912,234.581073216802,5,0,0,5,1,81022.9540908636,259711.505433658,902151.328474663,1221412.29844922,1698597.77890907,797886.097714559,1744538.17570899,1797839.53088235
FT3978,885.260777204021,885.254413331687,885.267141076355,1077.15354140484,1048.43267629651,1105.87440651318,2,1,0,1,1,1394819.62475437,0,0,0,9147.59498588739,182713.836309813,0,0
FT3979,885.493237983921,885.49309090422,885.493571236727,51.360400207882,50.743990155536,51.8652563638484,7,0,1,6,1,115762.969608867,757812.531597265,771747.694735191,1295262.90221822,1591671.26670125,1130424.84503946,1233867.759125,1469705.23146326
FT3980,885.451899376117,885.451607171088,885.451900291878,2536.75379528077,2515.9098209098,2540.0013093132,3,1,1,0,1,6409563.49101567,408317.798391459,314528.548658201,143714.863319732,97898.9308476727,148312.101612024,86437.4074904133,171697.214553693
FT3981,885.508755502533,885.482512585844,885.508771485487,2993.17416543748,2992.90758570548,3043.61261960379,3,1,0,1,1,735295.336096189,37187.5624067512,261107.691378904,103201.714671421,57546.4041807604,171910.951660323,83854.9984248964,127461.44552808
FT3982,885.618039892996,885.618039892996,885.618039892996,2146.3290992197,2146.3290992197,2146.3290992197,1,1,0,0,1,195076.977744143,0,0,0,0,0,0,0
FT3983,885.827451381151,885.827307085051,885.827835944907,50.9428206292685,49.4852966943336,51.6741532759873,7,0,1,6,1,54693.2919396172,412016.10751875,489568.328771262,693092.138750499,896956.18319125,657357.98686843,740715.387951705,791984.912678551
FT3984,885.706182965107,885.706182965107,885.706182965107,3060.32478513107,3060.32478513107,3060.32478513107,1,1,0,0,1,136905.112196453,0,0,0,0,0,0,0
FT3985,886.161475704507,886.161467114007,886.161791388543,50.743990155536,47.4639344076242,51.8652563638484,5,0,0,5,1,19522.008999608,187332.618824226,181767.318362502,288652.195685547,354989.931290312,297938.252919531,303063.548669531,284171.705026049
FT3986,886.278829944412,886.278794827331,886.278998692317,235.33501144774,233.939079970175,236.245298915431,3,0,0,3,1,9140.06828748385,93744.1951308268,255516.899910023,394164.894236844,493208.723066101,255122.403737688,561824.252087054,543050.356816925
FT3987,886.257892862552,886.257892862552,886.257892862552,1049.11163595816,1049.11163595816,1049.11163595816,1,1,0,0,1,456232.245351158,5638.75100240047,13419.5945376871,0,39347.1967400098,28670.5931522798,21697.1586483951,29594.1865548509
FT3988,886.455379208623,886.455375692445,886.4553827248,2530.31627772659,2518.2756729173,2542.35688253588,2,1,0,0,1,2834322.86472658,145331.182750844,118926.411004786,50155.9650727809,34022.4576828549,79209.5206850038,34381.6372717696,75701.4613191092
FT3989,886.651304339279,886.651304339279,886.651304339279,3043.61261960379,3043.61261960379,3043.61261960379,1,1,0,0,1,206034.855761721,0,0,0,1646.32075849878,0,0,0
FT3990,887.516321366107,887.516275487098,887.516367245116,3475.46963433628,3465.92345725182,3485.01581142075,2,1,0,0,1,11668713.8686333,8823.33912832947,91517.3922515706,16893.7637184315,2860.83293452094,21033.8984154502,23349.9843075566,50210.045210978
FT3991,887.453873412697,887.453819570111,887.453927255282,2529.13335172284,2515.9098209098,2542.35688253588,2,1,0,0,1,2603494.24564455,0,1711.90448085236,1526.21559385026,0,0,0,0
FT3992,887.467066267636,887.467066267636,887.467066267636,2929.6482756589,2929.6482756589,2929.6482756589,1,1,0,0,1,151736.416863458,0,7563.32753655665,0,0,0,8440.3258610591,1716.38896881516
FT3993,887.498204415584,887.498204415584,887.498204415584,3041.54233233345,3041.54233233345,3041.54233233345,1,1,0,0,1,530614.636218749,0,2666.85830735888,0,0,0,0,0
FT3994,887.587173515765,887.587173515765,887.587173515765,2977.55151165471,2977.55151165471,2977.55151165471,1,1,0,0,1,1057561.06541097,0,0,0,0,0,0,0
FT3995,888.16058282282,888.160299048923,888.160870771135,51.8643041257173,49.936068312395,53.2974331905768,8,1,1,6,1,154613.02386573,1043113.2481875,1054850.55902635,1247292.12062652,1816851.55720312,1159392.59413707,1426675.62374267,1477553.56479556
FT3996,888.519845503559,888.519805232845,888.519885774273,3474.67685788334,3465.92345725182,3483.43025851486,2,1,0,0,1,5985829.06055795,3305.85320599999,49123.8700134924,5747.52986667014,0,5443.64017092706,4739.09272978808,23777.9573358587
FT3997,888.452540561658,888.452540561658,888.452540561658,2542.35688253588,2542.35688253588,2542.35688253588,1,1,0,0,1,882949.253747126,55968.9153545224,24504.8617163951,5496.48868458829,0,14495.8761690842,3176.15170935338,16737.8341291503
FT3998,888.501547491476,888.501547491476,888.501547491476,3041.54233233345,3041.54233233345,3041.54233233345,1,1,0,0,1,303699.433296875,0,0,0,0,0,0,0
FT3999,888.662310581422,888.662071074686,888.662721922828,52.3566508440076,50.9428206292685,53.33989359909,7,0,1,6,1,98097.1456271779,780871.460141466,702823.03269041,747518.607521191,1153630.53710279,778295.618910547,811919.075136364,1049246.8892558
FT4000,888.590529067611,888.590529067611,888.590529067611,2977.55151165471,2977.55151165471,2977.55151165471,1,1,0,0,1,650190.942302739,0,0,1987.32171127287,0,0,0,0
FT4001,889.163842554967,889.163728547697,889.164252822218,52.5735176825378,51.371957407427,52.9033059642269,4,0,1,3,1,17884.11935992,152444.124082959,196174.224593465,198136.501475067,241805.625863184,202638.346500886,201143.720640508,183233.762660075
FT4002,889.532663828456,889.532663828456,889.532663828456,3599.16812251078,3599.16812251078,3599.16812251078,1,1,0,0,1,199014.115167236,0,0,0,0,0,0,0
FT4003,889.590674192959,889.590674192959,889.590674192959,2977.55151165471,2977.55151165471,2977.55151165471,1,1,0,0,1,370242.230993092,0,0,0,0,0,0,1639.30854224353
FT4004,889.726343523934,889.72619471171,889.726492336158,3108.08282878803,3106.28233350258,3109.88332407348,2,1,0,1,1,624683.266128828,21843.5452927728,160674.627421882,125278.22276517,22378.1943305224,41951.5940414546,42953.7504201672,88779.7446488577
FT4005,890.433152468361,890.433152468361,890.433152468361,2047.31802532137,2047.31802532137,2047.31802532137,1,1,0,0,1,858152.439871916,0,0,0,0,0,0,0
FT4006,890.729523764228,890.729523764228,890.729523764228,3106.28233350258,3106.28233350258,3106.28233350258,1,1,0,0,1,382403.835845949,11070.5201907445,109828.377988343,58769.6700036966,7504.6648335632,26558.6864624345,22031.3984515972,40899.7570121987
FT4007,891.285755916455,891.285635066854,891.285876766055,112.153144528499,111.25503139793,113.051257659069,2,0,1,1,1,0,301602.30466982,29050.2102438584,47201.8336851953,30410.4317780425,235910.679466309,16564.1016386185,5782.0255015737
FT4008,891.436321479187,891.436321479187,891.436321479187,2048.26169092096,2048.26169092096,2048.26169092096,1,1,0,0,1,407352.138802087,0,0,0,0,0,0,0
FT4009,892.879731805635,892.879660556282,892.879803054988,826.419188255028,801.089016349176,851.74936016088,2,1,0,0,1,1487836.33059616,0,0,0,0,0,0,3862.67706008197
FT4010,893.377363403342,893.377116502282,893.377610304403,826.419188255028,801.089016349176,851.74936016088,2,1,0,0,1,1493903.64505339,0,0,0,0,9058.28066457646,5139.25082853827,0
FT4011,893.421758889944,893.421758889944,893.421758889944,1341.69110389128,1341.69110389128,1341.69110389128,1,1,0,0,1,221345.85563368,0,0,0,0,0,0,0
FT4012,893.610839979914,893.610839979914,893.610839979914,2975.40167374927,2975.40167374927,2975.40167374927,1,1,0,0,1,1970789.18080339,0,0,0,0,0,0,0
FT4013,893.878398207684,893.878398207684,893.878398207684,850.147058844681,850.147058844681,850.147058844681,1,1,0,0,1,613890.6138411,0,0,0,0,0,0,0
FT4014,894.137471736825,894.137471736825,894.137471736825,703.216042627997,703.216042627997,703.216042627997,1,1,0,0,1,281119.544455567,0,0,7320.38364754421,0,0,0,0
FT4015,895.545166158907,895.545166158907,895.545166158907,3018.02763978972,3018.02763978972,3018.02763978972,1,1,0,0,1,830512.786982568,1337.78452141209,7934.56938576929,5334.75217737547,0,2400.74126297001,0,2050.054970964
FT4016,895.689881573413,895.689881573413,895.689881573413,3047.24518919193,3047.24518919193,3047.24518919193,1,1,0,0,1,1046066.11685697,0,11204.9506531331,0,0,0,2001.51577201371,3478.08337084819
FT4017,896.358450509552,896.358450509552,896.358450509552,1209.65432949276,1209.65432949276,1209.65432949276,1,1,0,0,1,340321.702302248,0,0,0,0,9245.73401922885,0,0
FT4018,896.392123421412,896.392123421412,896.392123421412,2706.41484503814,2706.41484503814,2706.41484503814,1,1,0,0,1,257124.805559693,8436.098025984,9308.11424927964,25143.9406470439,11224.9970843876,17534.7092163135,20220.5498582251,11518.7298410838
FT4019,896.548673509857,896.548673509857,896.548673509857,3022.68339391616,3022.68339391616,3022.68339391616,1,1,0,0,1,404075.579080527,1092.98989098196,2016.78565759914,2027.39056302075,0,2237.65387167745,1898.85450812613,0
FT4020,896.693259012243,896.693259012243,896.693259012243,3047.24518919193,3047.24518919193,3047.24518919193,1,1,0,0,1,586457.605364582,0,4998.54767334974,0,0,3285.61409078047,0,0
FT4021,897.667464772934,897.667464772934,897.667464772934,3077.9828189758,3077.9828189758,3077.9828189758,1,1,0,0,1,261049.681487099,6237.77673879687,53055.1812334535,28793.4892182895,11586.3062150162,34564.2132284594,20822.5831926597,38145.2976862084
FT4022,897.703387700913,897.703387700913,897.703387700913,3045.18729264354,3045.18729264354,3045.18729264354,1,1,0,0,1,6707799.54072256,18334.84782067,96423.9906753642,31909.391786275,6322.28160779211,43699.5143461639,7822.93341641413,17692.210807086
FT4023,898.590114717641,898.590114717641,898.590114717641,3067.00338120852,3067.00338120852,3067.00338120852,1,1,0,0,1,176854.782234801,3408.74430863276,70989.9671382689,17885.7949804299,3927.81758692364,15933.892841135,7517.54021605903,28212.0137563619
FT4024,898.708785447931,898.708785447931,898.708785447931,3043.61261960379,3043.61261960379,3043.61261960379,1,1,0,0,1,3741440.68968745,8504.64678567323,11124.8542626516,15001.8457718425,0,0,4370.2879294228,2562.07338158363
FT4025,899.126666370239,899.126666370239,899.126666370239,119.497184338397,119.497184338397,119.497184338397,1,1,0,0,1,222525.414539513,0,13917.0522542089,6348.11010838564,0,14863.8633845494,0,0
FT4026,899.291175935733,899.290941160386,899.292854440073,822.282385264803,819.614502666666,825.105176927136,6,0,1,5,1,179408.408680825,289899.959013672,1092570.96428343,1379717.89945117,777625.934688312,1083602.77650838,484491.419820241,460836.821861385
FT4027,899.527836598469,899.527560109202,899.529254888254,2606.43334859803,2585.33502549312,2628.27665448034,6,0,0,5,1,0,14730.340587966,4719.31986649489,375827.558415341,399388.979656978,198155.547987264,321605.383511757,335247.714352213
FT4028,899.683175492739,899.681591621143,899.716728291417,3086.44042559809,3047.24518919193,3106.28233350258,8,1,0,5,1,6585244.0717978,115889.993917845,384995.036840818,234586.930551982,162201.699200191,286779.765655514,172079.884454346,242275.734748253
FT4029,899.792822449613,899.792626680051,899.793600036111,823.098150704802,820.323962412231,827.745617113599,4,0,0,4,1,127678.528997263,224738.140002419,632464.381404211,982325.779422171,495911.606733572,932664.581977503,303651.000085995,336220.396672313
FT4030,900.280600817192,900.280461130161,900.280798354861,571.662259448192,566.209284963158,592.305524666391,10,1,1,6,1,983643.080449298,1172253.18015775,2487283.28771073,1596042.97829757,1692483.66986468,1399174.93843959,2360514.89461327,2314754.78148036
FT4031,900.379527664119,900.379527664119,900.379527664119,966.658132531712,966.658132531712,966.658132531712,1,1,0,0,1,328374.689793079,46526.7614208892,131781.489512646,47212.2148049547,34153.0852869123,43042.1759002428,141500.678679164,72363.5326622378
FT4032,900.544461753854,900.544461753854,900.544461753854,2901.25492031583,2901.25492031583,2901.25492031583,1,1,0,0,1,1033327.02613587,0,9946.99475519187,0,0,2085.0492685528,0,5086.61620531449
FT4033,900.656573186475,900.656573186475,900.656573186475,3045.18729264354,3045.18729264354,3045.18729264354,1,1,0,0,1,246465.845067142,0,0,0,0,0,0,0
FT4034,900.782165886111,900.782089823856,900.782303500793,569.362901208774,566.209284963158,574.635184212523,6,1,1,4,1,478963.159678905,795005.931288459,1497276.77056585,1342709.22001974,1012465.55311084,964997.920827497,1447578.40227688,1561142.60391143
FT4035,900.686607592772,900.686354398235,900.720384212782,3081.94187302692,3047.24518919193,3085.31835445584,4,1,0,2,1,3302065.78193462,57990.9726254131,200192.495994872,128136.584009237,71534.4427990959,120849.354793212,87071.7925475238,102076.928342093
FT4036,900.881101047949,900.881101047949,900.881101047949,966.658132531712,966.658132531712,966.658132531712,1,1,0,0,1,234682.86397461,22546.9643855104,86357.0897609158,12249.5213416457,20800.42472439,17325.2295985695,68069.3268270771,61622.2105082051
FT4037,901.482269225271,901.482269225271,901.482269225271,2963.6162575704,2963.6162575704,2963.6162575704,1,1,0,0,1,207412.860858157,0,37546.9884838145,2940.96678153019,1883.03381980411,4471.04590384126,2105.41068854611,9862.95800194757
FT4038,901.547449559662,901.547449559662,901.547449559662,2901.25492031583,2901.25492031583,2901.25492031583,1,1,0,0,1,475222.162347317,1411.59814450313,2062.21719966871,5316.22104926793,0,0,0,0
FT4039,901.6320538922,901.6320538922,901.6320538922,2971.72352501174,2971.72352501174,2971.72352501174,1,1,0,0,1,573740.869848098,0,0,0,0,0,0,0
FT4040,902.635446641634,902.635446641634,902.635446641634,2971.72352501174,2971.72352501174,2971.72352501174,1,1,0,0,1,357939.289304475,0,0,0,2021.36572472895,0,0,0
FT4041,902.608901156202,902.608901156202,902.608901156202,2741.6913029888,2741.6913029888,2741.6913029888,1,1,0,0,1,452381.80671731,0,0,0,0,0,0,0
FT4042,903.285390527937,903.285390527937,903.285390527937,136.217679056572,136.217679056572,136.217679056572,1,1,0,0,1,267011.298112079,209991.755143364,236799.997525471,208480.866078968,243550.119274755,353334.957396575,314869.629226597,171328.144254881
FT4043,903.511645452973,903.511645452973,903.511645452973,3144.26726463053,3144.26726463053,3144.26726463053,1,1,0,0,1,1839973.72976366,0,42562.8557132861,3282.80469073677,1756.29879470236,7366.44214571366,5419.60353638616,6745.76716694504
FT4044,904.225913268365,904.225913268365,904.225913268365,1086.51563721207,1086.51563721207,1086.51563721207,1,1,0,0,1,293286.401132813,33100.1965772701,36153.567883596,32765.5683996701,28020.2428977094,13218.1952117131,20934.6067677991,76675.8082435357
FT4045,904.51502798499,904.51502798499,904.51502798499,3144.26726463053,3144.26726463053,3144.26726463053,1,1,0,0,1,905485.951634762,0,15545.3807106238,0,0,0,0,5708.39368342887
FT4046,905.238431164349,905.238202604085,905.239594524041,1182.99355034548,1180.19882508406,1183.88283150084,5,0,0,5,1,46898.71510204,257800.491798708,651638.47933008,908450.067460495,966866.176913306,601572.344331626,1263739.46625976,1421110.4404525
FT4047,905.700175209382,905.700175209382,905.700175209382,3106.28233350258,3106.28233350258,3106.28233350258,1,1,0,0,1,271691.802432723,0,9761.83713581824,6342.41203562584,0,0,2945.51888927045,7623.19293056931
FT4048,906.241802702868,906.241613592664,906.241844157237,1182.99355034548,1178.84547717916,1183.88283150084,3,0,0,3,1,9720.54168886954,97766.8428095375,282255.186324454,327666.263633083,419335.442904397,150454.542606028,489730.017749022,603585.068436585
FT4049,907.217657047489,907.217457010467,907.218717456245,945.930002438402,940.620534768982,1012.85872552663,13,0,1,6,1,73906.5054240733,4923703.65678014,3785379.28319452,3654703.92526823,4205927.60143822,3513669.88196081,3780791.76183855,3881624.85362468
FT4050,907.231877495849,907.231676275714,907.236347509858,234.385700057247,231.774028545978,236.245298915431,6,0,0,6,1,0,0,932716.427203326,1594870.12335938,1896309.79085201,1458112.00379053,2300830.02242132,3110910.96950928
FT4051,907.217749732888,907.217683602473,907.217815863303,1105.63994701822,1103.77203697556,1107.50785706088,2,1,0,1,1,166869.494969075,178214.095093275,99810.7410699464,93326.1565828612,143454.034741915,629531.382333983,91605.314319597,105148.751118947
FT4052,907.217697426375,907.217511662994,907.311598234281,744.69111899152,742.52440382021,751.778753027906,4,0,1,3,1,13572.9903103269,1326935.90046549,634165.157287327,647634.682608564,732127.437581143,348367.554935617,640923.894632665,700594.645571161
FT4053,907.679212286507,907.679212286507,907.679212286507,3043.61261960379,3043.61261960379,3043.61261960379,1,1,0,0,1,379398.31226807,0,0,0,0,0,0,0
FT4054,908.221038315133,908.220955405674,908.222070407668,941.744039047055,941.148397219763,944.388963493771,7,0,1,6,1,28875.6908143386,2228638.18348438,1542413.25501849,1505147.78594141,1593174.25370719,1279714.31328297,1562783.53724371,1621775.501249
FT4055,908.239844896966,908.236469209998,908.240179658235,233.460343416105,232.603212401326,234.581073216802,5,0,0,5,1,76378.8320691219,15804.6655386865,301152.846521484,336929.539440169,398278.239730469,307737.38684115,468598.772588593,828917.996451416
FT4056,908.376783887512,908.376783887512,908.376783887512,728.274987777109,728.274987777109,728.274987777109,1,1,0,0,1,434522.028485351,0,5809.44360195941,0,0,0,4750.34949701554,0
FT4057,908.533131727155,908.533131727155,908.533131727155,1939.6031743371,1939.6031743371,1939.6031743371,1,1,0,0,1,85598.9108242204,0,0,0,0,0,0,0
FT4058,908.682511450563,908.682511450563,908.682511450563,3043.61261960379,3043.61261960379,3043.61261960379,1,1,0,0,1,203344.093582032,0,0,0,0,0,0,0
FT4059,909.231410024943,909.22886913849,909.232793479739,932.056605081179,926.146935051098,992.697146046748,8,0,1,4,1,432824.140608507,2785271.53852053,2139502.05334001,2732040.26888503,1524880.00162722,2445884.26324767,2598313.65858635,1566962.37054661
FT4060,909.233267051146,909.233267051146,909.233267051146,800.706836082877,800.706836082877,800.706836082877,1,0,1,0,1,153205.632483454,1740579.75182155,1006589.77609327,762525.971012771,512873.064797355,698453.062967546,581192.188825494,419927.462423124
FT4061,909.579775863975,909.579775863975,909.579775863975,2975.40167374927,2975.40167374927,2975.40167374927,1,1,0,0,1,192838.866661786,0,0,0,0,3352.8749921854,0,0
FT4062,909.647787725525,909.647787725525,909.647787725525,3037.74755507375,3037.74755507375,3037.74755507375,1,1,0,0,1,721499.2301709,0,0,0,0,0,0,0
FT4063,910.237062524824,910.237062524824,910.237062524824,928.0157920508,928.0157920508,928.0157920508,1,0,1,0,1,157818.37874144,1937091.07993688,1252920.20176509,1084442.21393791,733513.333892972,859262.993390474,1029654.94724769,751124.102064612
FT4064,910.651170653955,910.651170653955,910.651170653955,3037.74755507375,3037.74755507375,3037.74755507375,1,1,0,0,1,436281.40652636,0,0,0,0,0,0,0
FT4065,911.327580438368,911.327580438368,911.327580438368,803.597304457075,803.597304457075,803.597304457075,1,0,1,0,1,92257.0492084907,805660.294611102,365875.744831318,264813.775614489,266297.900351665,207425.975436067,317079.866238366,296143.302621272
FT4066,911.498018101028,911.498018101028,911.498018101028,3037.74755507375,3037.74755507375,3037.74755507375,1,1,0,0,1,1123384.8279951,0,0,0,0,0,0,0
FT4067,911.587590881992,911.587590881992,911.587590881992,2971.72352501174,2971.72352501174,2971.72352501174,1,1,0,0,1,213944.164469401,1983.57425001377,0,0,0,0,0,0
FT4068,911.721998490998,911.721998490998,911.721998490998,3075.81044201454,3075.81044201454,3075.81044201454,1,1,0,0,1,193038.026827257,0,0,0,0,0,0,0
FT4069,912.501339927879,912.501339927879,912.501339927879,3037.74755507375,3037.74755507375,3037.74755507375,1,1,0,0,1,674299.479089833,0,1068.79440208147,0,1580.7639271051,0,0,0
FT4070,912.590710025267,912.590710025267,912.590710025267,2971.72352501174,2971.72352501174,2971.72352501174,1,1,0,0,1,117407.992142576,0,0,0,0,0,0,0
FT4071,913.247014359539,913.242687069537,913.247986139128,106.139081059966,103.351920805285,109.322845671303,7,0,1,6,1,34602.3646531575,928182.951957565,408474.436446204,480981.630128442,294403.457944561,1132389.37370859,255870.445912783,176330.430857561
FT4072,913.288421588907,913.288421588907,913.288421588907,559.492053775153,559.492053775153,559.492053775153,1,1,0,0,1,547301.085098363,236769.151489218,297673.483293905,353903.662944795,270247.896087562,267033.55915531,267522.715266783,266706.044860344
FT4073,913.296046768955,913.296046768955,913.296046768955,669.687452893643,669.687452893643,669.687452893643,1,0,1,0,1,0,308542.773198831,57542.9717821576,23351.9067700618,59829.8015360575,87330.8182449362,20474.7117797301,16491.4211410985
FT4074,913.532779071132,913.532779071132,913.532779071132,3592.96812251078,3592.96812251078,3592.96812251078,1,1,0,0,1,1512635.76927247,0,8862.89467715342,0,0,1207.20753124966,0,0
FT4075,913.517189636901,913.517189636901,913.517189636901,2971.72352501174,2971.72352501174,2971.72352501174,1,1,0,0,1,197616.939069475,0,0,0,0,0,0,0
FT4076,913.790095444283,913.790095444283,913.790095444283,561.453301147698,561.453301147698,561.453301147698,1,1,0,0,1,366707.902502346,162637.255237755,212398.190411331,243262.025315532,167560.215201671,169831.284399494,203317.076750472,162457.375563268
FT4077,913.797917903217,913.797917903217,913.797917903217,673.328045083161,673.328045083161,673.328045083161,1,0,1,0,1,0,179413.064615196,55420.3688253344,12294.1671016044,54903.7821227214,63171.4680072514,13089.3516758862,17272.0332444531
FT4078,915.207493107628,915.207493107628,915.207493107628,951.684382430533,951.684382430533,951.684382430533,1,1,0,0,1,339284.546561564,0,11420.2887884326,4962.21662780149,7763.6925413572,0,6211.07053004334,0
FT4079,915.425498765151,915.425498765151,915.425498765151,2746.90434917661,2746.90434917661,2746.90434917661,1,1,0,0,1,495745.86499024,0,10227.0317684703,692.350186074706,2665.35584567922,1794.00276411573,1630.50491369776,8675.94706200379
FT4080,915.716088480899,915.716088480899,915.716088480899,3047.24518919193,3047.24518919193,3047.24518919193,1,1,0,0,1,231991.273158481,0,0,0,0,0,0,0
FT4081,916.518456900958,916.518456900958,916.518456900958,2901.25492031583,2901.25492031583,2901.25492031583,1,1,0,0,1,296583.883419802,1739.49220800614,0,1834.64043946908,2629.29579445914,1268.12680357775,2036.45965314646,0
FT4082,916.42883796493,916.42883796493,916.42883796493,2746.90434917661,2746.90434917661,2746.90434917661,1,1,0,0,1,197306.474654387,0,3676.86993256267,0,0,0,1999.69292650308,1953.39009752336
FT4083,917.202069669235,917.202069669235,917.202069669235,1215.42847263518,1215.42847263518,1215.42847263518,1,0,1,0,1,0,1916820.33763916,961227.17540232,839744.467812553,980136.124832214,659774.123592089,993638.552233735,1150646.12512429
FT4084,917.433374882402,917.433374882402,917.433374882402,2739.524493597,2739.524493597,2739.524493597,1,1,0,0,1,1641692.55664626,14924.4006167956,47536.789736635,25241.2263637461,6606.83309647874,8935.417103093,16313.3770781451,24331.6703548161
FT4085,918.44443697292,918.44443697292,918.44443697292,2739.524493597,2739.524493597,2739.524493597,1,1,0,0,1,646231.100586914,1187.90205464065,10893.7978087129,4700.33748583932,1902.12169600388,0,3486.01310908677,6012.79576048254
FT4086,918.609376847393,918.609376847393,918.609376847393,2971.72352501174,2971.72352501174,2971.72352501174,1,1,0,0,1,179748.015694754,0,0,0,0,0,0,0
FT4087,919.218072243601,919.218072243601,919.218072243601,1027.50776382089,1027.50776382089,1027.50776382089,1,0,1,0,1,27186.2778089756,423928.015645229,437944.294762598,335626.169335073,637691.430317307,447858.831254249,534629.148701839,677265.879074996
FT4088,919.507742696498,919.485828419372,919.529656973624,3121.17706891911,3098.08687320768,3144.26726463053,2,1,0,0,1,518764.51320117,0,1788.95184160595,0,0,0,0,0
FT4089,919.438137184869,919.438137184869,919.438137184869,2739.524493597,2739.524493597,2739.524493597,1,1,0,0,1,378638.116082768,1514.69220758959,3843.54261292293,1767.06672432508,0,0,0,6089.62551569613
FT4090,919.68979931297,919.68979931297,919.68979931297,3039.42307083599,3039.42307083599,3039.42307083599,1,1,0,0,1,380124.920569342,0,0,0,4234.34781878579,0,0,0
FT4091,920.376919094556,920.376541945246,920.377096044138,839.942475456129,837.968871578722,842.934830458143,4,1,0,3,1,348812.910596192,159006.829568818,317978.58763923,219546.415766178,176139.033843884,205612.127648986,274253.56597107,218854.415956264
FT4092,920.608766916196,920.608766916196,920.608766916196,2881.98247108189,2881.98247108189,2881.98247108189,1,1,0,0,1,2645382.2707745,2973.2394806954,11564.6310457931,0,0,7476.31248566314,0,6099.0060693435
FT4093,920.693200354001,920.693200354001,920.693200354001,3039.42307083599,3039.42307083599,3039.42307083599,1,1,0,0,1,206705.43227539,0,0,0,0,0,0,0
FT4094,921.218372432903,921.218071246945,921.218645070935,921.852555304804,920.095229417555,924.227493179071,7,0,1,6,1,6558.86005623032,213761.486888607,673219.308511231,627735.496966551,566180.966360466,335855.372694661,1076859.50917758,1217783.41907169
FT4095,921.306310158522,921.306310158522,921.306310158522,1109.10345831776,1109.10345831776,1109.10345831776,1,1,0,0,1,230467.781175535,0,0,0,0,0,0,8513.6870685756
FT4096,921.612224424699,921.612224424699,921.612224424699,2881.98247108189,2881.98247108189,2881.98247108189,1,1,0,0,1,1273136.06791655,1397.14619854498,2460.88762808022,0,0,2270.09780761966,4374.07059665585,3088.48228386551
FT4097,921.705406280998,921.705406280998,921.705406280998,3039.42307083599,3039.42307083599,3039.42307083599,1,1,0,0,1,7577276.5508301,0,0,0,0,0,0,2028.36455960652
FT4098,921.742344734541,921.742344734541,921.742344734541,3107.76171372841,3107.76171372841,3107.76171372841,1,1,0,0,1,237560.38074441,0,4111.72008115352,0,0,2239.14927955317,0,1851.47099265199
FT4099,922.293959595836,922.293949452326,922.29442432918,617.431899713035,615.372926161393,619.147233418322,3,0,0,3,1,133978.175786126,33812.7820616119,474457.276850238,466897.23731268,659403.694126211,400799.296063822,871673.262478996,1529771.33258794
FT4100,922.221634915305,922.16891130498,922.221775808002,919.924287115595,876.290475078151,920.095229417555,3,1,0,2,1,244922.691585286,92538.1789277343,243144.608398136,227073.53955543,179459.225721149,117359.456988432,338913.929176303,401195.517399659
FT4101,922.615708174034,922.615708174034,922.615708174034,2881.98247108189,2881.98247108189,2881.98247108189,1,1,0,0,1,239121.745982664,0,0,0,0,0,0,0
FT4102,922.708752012108,922.708752012108,922.708752012108,3039.42307083599,3039.42307083599,3039.42307083599,1,1,0,0,1,4075229.11342048,0,0,0,0,0,0,0
FT4103,923.227637377005,923.227511460879,923.227754652888,1086.4390893042,1085.47135351087,1087.53508824802,6,0,0,6,1,72564.7059305179,155746.696719364,260659.978516844,375869.825360108,390448.107515538,197458.960866701,303946.12074929,219326.119167684
FT4104,923.273480680621,923.273345432822,923.27597015915,1553.62223164508,1552.23511765058,1555.04816943229,4,0,1,3,1,0,382566.779212831,394819.365731028,32433.6653913011,241561.029916817,142652.425425293,183017.021646156,38911.7212064048
FT4105,923.230508202792,923.230508202792,923.230508202792,136.217679056572,136.217679056572,136.217679056572,1,1,0,0,1,205965.629900342,15888.8474109938,74105.5197256909,67101.4879817879,56352.9782828343,83258.5047468732,63013.5287763591,46334.3958639354
FT4106,923.653106215973,923.653106215973,923.653106215973,3041.54233233345,3041.54233233345,3041.54233233345,1,1,0,0,1,236859.816591797,0,0,0,0,0,0,0
FT4107,923.716638502353,923.716638502353,923.716638502353,3039.42307083599,3039.42307083599,3039.42307083599,1,1,0,0,1,3797897.78396288,0,0,0,0,0,0,0
FT4108,924.276806910867,924.276806910867,924.276806910867,1555.04816943229,1555.04816943229,1555.04816943229,1,0,1,0,1,0,206889.65427124,223825.428174276,9079.51375948445,101686.464413086,70600.1303500027,135299.607038057,10027.1557976095
FT4109,924.65654004981,924.65654004981,924.65654004981,3043.61261960379,3043.61261960379,3043.61261960379,1,1,0,0,1,107439.518945313,0,0,0,0,2441.28963230845,0,0
FT4110,924.720378175395,924.720378175395,924.720378175395,3039.42307083599,3039.42307083599,3039.42307083599,1,1,0,0,1,1712456.14657392,0,0,0,1610.18929407135,0,0,0
FT4111,925.242657330309,925.241647326834,925.251909287905,139.41227378863,107.273940904673,187.25658115913,13,1,1,6,1,21119222.6572755,1380307.8020173,3640964.57138403,3416502.71003491,2539220.90419796,8191469.24041953,3794208.05175659,3050843.40872481
FT4112,925.228559991464,925.228559991464,925.228559991464,1063.11917062791,1063.11917062791,1063.11917062791,1,0,1,0,1,0,428207.913326487,378030.271658663,294950.997180874,341629.938555581,204304.009091749,275514.542379897,180208.407748783
FT4113,925.307225088713,925.306670889069,925.307602655204,230.542057488998,228.697778926939,231.677385687255,6,0,0,6,1,1666.19957356117,33231.2801200292,166133.602432063,218185.762601829,400364.026496636,139198.751087695,446851.318208684,584775.122683447
FT4114,925.398169287841,925.398169287841,925.398169287841,2081.27860650551,2081.27860650551,2081.27860650551,1,1,0,0,1,850908.885827432,0,4629.61667184362,0,0,0,0,0
FT4115,925.617068508943,925.617068508943,925.617068508943,2658.75331494237,2658.75331494237,2658.75331494237,1,1,0,0,1,917743.8088058,0,0,0,0,1684.56323019349,0,0
FT4116,925.727921707643,925.727921707643,925.727921707643,3039.42307083599,3039.42307083599,3039.42307083599,1,1,0,0,1,452797.083910433,0,0,0,0,0,0,0
FT4117,926.247113829727,926.245010653735,926.250791860853,139.475620539752,136.217679056572,147.725049205282,5,1,0,4,1,6731007.10015052,215684.548397678,937206.988835938,842170.550181722,467916.337562464,1692416.08842679,657359.406371263,754002.672116283
FT4118,926.401559236111,926.401559236111,926.401559236111,2082.93246263027,2082.93246263027,2082.93246263027,1,1,0,0,1,322579.089766519,0,0,0,0,0,0,0
FT4119,926.620443573483,926.620443573483,926.620443573483,2658.75331494237,2658.75331494237,2658.75331494237,1,1,0,0,1,548836.330700685,0,0,0,1956.53402277651,0,0,0
FT4120,927.244114213938,927.244114213938,927.244114213938,136.217679056572,136.217679056572,136.217679056572,1,1,0,0,1,1446855.9325459,0,4797.00360519763,5688.23545113409,0,63562.1472753857,0,0
FT4121,927.499647797215,927.499647797215,927.499647797215,3014.855948268,3014.855948268,3014.855948268,1,1,0,0,1,636501.002476975,2881.82001355194,81411.9629309287,14306.7395001323,6819.28489743299,15123.8273931175,13267.755844802,42513.1843385961
FT4122,927.483586508554,927.483586508554,927.483586508554,1862.77723304729,1862.77723304729,1862.77723304729,1,1,0,0,1,378917.991787999,0,6258.05659668642,0,0,0,6288.69350022368,0
FT4123,927.446770673368,927.446770673368,927.446770673368,1605.56185365632,1605.56185365632,1605.56185365632,1,1,0,0,1,336427.663281249,0,0,0,6423.40455188758,7722.17918530446,0,0
FT4124,927.473428735982,927.473428735982,927.473428735982,3307.6729236275,3307.6729236275,3307.6729236275,1,1,0,0,1,946031.314493692,0,16491.0510891966,0,0,1492.10216782784,2800.91110417844,7024.77114657158
FT4125,928.254001336234,928.254001336234,928.254001336234,136.217679056572,136.217679056572,136.217679056572,1,1,0,0,1,207797.722800293,4957.45547212654,0,0,0,43210.3827496657,6373.56776736141,0
FT4126,928.502287649297,928.502287649297,928.502287649297,3014.855948268,3014.855948268,3014.855948268,1,1,0,0,1,292267.31921518,2842.56388766746,43040.1422734779,5397.77032158757,1924.57382330956,5194.56551026658,0,17112.3304219198
FT4127,928.486982700632,928.486982700632,928.486982700632,1862.77723304729,1862.77723304729,1862.77723304729,1,1,0,0,1,147343.266444092,0,0,0,0,0,0,0
FT4128,928.450450703503,928.450450703503,928.450450703503,1605.56185365632,1605.56185365632,1605.56185365632,1,1,0,0,1,134247.830099284,0,0,0,0,0,0,0
FT4129,929.383712898388,929.382546252277,929.384879544499,905.677928413503,882.180719485808,929.175137341197,2,1,0,0,1,693138.401461214,23606.3379555805,113587.774525993,89391.3639751928,39335.2869924162,75751.4858111376,109323.315230052,101532.501551541
FT4130,929.462548197199,929.462548197199,929.462548197199,1605.56185365632,1605.56185365632,1605.56185365632,1,1,0,0,1,992677.984241124,0,18377.8425856968,0,0,8262.30817910008,0,11045.8294854498
FT4131,929.788281060252,929.788124330781,929.788597717438,3469.3112048856,3401.25303822888,3539.0195881927,6,1,0,0,1,538195.452083565,683130.598593274,679885.221423548,603427.956008821,736663.39281627,760801.593874937,768659.873466684,700203.081404266
FT4132,929.885420709359,929.884111764923,929.886729653794,905.677928413503,882.180719485808,929.175137341197,2,1,0,0,1,617263.354574705,12949.4114590668,63973.143288299,61669.1070074769,27861.1258804891,31709.4561819573,86362.4997373247,79719.6223260993
FT4133,930.387885356526,930.387885356526,930.387885356526,929.175137341197,929.175137341197,929.175137341197,1,1,0,0,1,202909.313990086,6959.55836054241,62788.5379583591,24059.927227413,6805.11209611244,18902.9311798943,54028.7189654271,51756.3548405599
FT4134,930.465981175431,930.465981175431,930.465981175431,1605.56185365632,1605.56185365632,1605.56185365632,1,1,0,0,1,273590.651827568,0,0,0,0,0,8427.95080725644,0
FT4135,930.791179545663,930.790651375631,930.791578230451,3474.59859660158,3389.36780494945,3593.26685281065,24,0,1,2,1,248476.294621014,1061562.65951117,1342085.58752136,363175.030478626,443091.61136007,451796.265291838,456508.801037746,771195.053500596
FT4136,931.3175509442,931.31731765818,931.317670935725,153.590276324547,153.184355335045,154.675715644278,6,0,0,6,1,83434.7568901597,94797.9073965924,447443.347839274,357144.666934937,742565.470982384,477573.051333235,2254078.45260156,2071948.25297391
FT4137,931.679238727229,931.679238727229,931.679238727229,3039.42307083599,3039.42307083599,3039.42307083599,1,1,0,0,1,369763.542550787,0,0,0,0,0,0,0
FT4138,932.321201570918,932.320882978917,932.321230056835,153.435546693997,153.428898645032,156.044234293197,3,0,0,3,1,13574.1693754686,17207.7155236637,128459.192895916,126935.098503796,243886.315926823,105497.938282665,717733.882069786,699050.112152194
FT4139,932.682677322559,932.682677322559,932.682677322559,3039.42307083599,3039.42307083599,3039.42307083599,1,1,0,0,1,242077.562444154,0,0,0,0,0,0,0
FT4140,933.296730640076,933.296730640076,933.296730640076,116.681947348244,116.681947348244,116.681947348244,1,1,0,0,1,930283.715713623,161788.725423635,51660.7303862717,93432.3066705641,121041.331630998,85202.5738908872,115007.291278959,120773.007430345
FT4141,933.639156084268,933.63891037558,933.639485825894,2881.29508557673,2876.92077944227,2886.1648933698,4,0,1,3,1,275029.513685583,313995.56997669,190798.797382609,289344.347980987,206342.398138785,263125.459403544,309487.510686658,308406.78912964
FT4142,933.545950949428,933.545950949428,933.545950949428,3126.59310297277,3126.59310297277,3126.59310297277,1,1,0,0,1,90184.3103027344,0,3084.78352953133,0,0,0,0,2947.2139350593
FT4143,934.260138930804,934.260138930804,934.260138930804,107.149739077254,107.149739077254,107.149739077254,1,1,0,0,1,274174.058701912,5384.59510952287,0,0,0,0,0,0
FT4144,934.299948823755,934.299948823755,934.299948823755,119.497184338397,119.497184338397,119.497184338397,1,1,0,0,1,301376.001956194,43222.9246974392,0,0,0,18358.7972042299,42191.6030403271,32119.7224060659
FT4145,935.572506487055,935.572506487055,935.572506487055,2658.75331494237,2658.75331494237,2658.75331494237,1,1,0,0,1,287025.464201136,0,0,0,0,0,0,0
FT4146,936.291233706092,936.291233706092,936.291233706092,555.261844789186,555.261844789186,555.261844789186,1,1,0,0,1,939927.893839391,182233.868164303,174928.856328426,194508.014061561,202050.688162512,167926.441953377,224804.108810663,167591.169651804
FT4147,936.335885699408,936.335885699408,936.335885699408,116.681947348244,116.681947348244,116.681947348244,1,1,0,0,1,367629.720359863,0,0,0,0,0,0,7072.3876646
FT4148,936.792941217321,936.792941217321,936.792941217321,555.261844789186,555.261844789186,555.261844789186,1,1,0,0,1,702624.105499512,115942.053655244,121552.470549366,135128.950568402,125470.757594883,152518.644546905,167064.687256708,107619.696645945
FT4149,937.403465086905,937.403465086905,937.403465086905,586.37947899124,586.37947899124,586.37947899124,1,1,0,0,1,599047.437156901,0,7845.89782280573,0,0,0,3065.13969402397,0
FT4150,938.387383430185,938.387164069283,938.40671214997,641.905409803642,584.326047152549,645.155591858038,9,1,1,6,1,1934427.36806776,305681.359464722,988854.669155208,645715.8646875,382264.277394948,590811.734925292,880649.315112392,735009.814358701
FT4151,939.390804749319,939.390678773194,939.391154712123,642.225329832323,641.905409803642,647.106589639839,4,1,0,3,1,709710.227361225,116407.44780169,336247.468221313,215582.940368368,166248.764848617,226693.912273589,332965.279873983,256074.798974035
FT4152,941.513647824277,941.513647824277,941.513647824277,3026.58804292037,3026.58804292037,3026.58804292037,1,1,0,0,1,337217.633014729,0,18367.1421462748,0,0,3052.54099758994,2059.87473747914,2555.82991418088
FT4153,941.59109394831,941.59109394831,941.59109394831,2658.75331494237,2658.75331494237,2658.75331494237,1,1,0,0,1,571390.353900148,0,0,0,0,0,0,0
FT4154,941.604943698101,941.604943698101,941.604943698101,3041.54233233345,3041.54233233345,3041.54233233345,1,1,0,0,1,211299.607089844,0,4552.88319265173,0,0,0,0,0
FT4155,943.253506200433,943.164530833615,943.258252278896,105.546399974029,48.1975897312506,111.25503139793,11,1,1,6,1,229097.736439123,1014737.2972201,305089.381863918,463594.942974813,198494.441386963,2590663.91506001,238673.474131299,270844.355452577
FT4156,943.498945030736,943.498895627743,943.499539123186,50.9796887570581,50.743990155536,51.8652563638484,5,0,0,5,1,4138.77230884781,163367.137007908,98943.3529414444,157876.336835653,284955.511920625,227402.428964844,345821.542795455,296824.668714542
FT4157,943.493768239125,943.493768239125,943.493768239125,2940.60983379805,2940.60983379805,2940.60983379805,1,1,0,0,1,170035.943602973,0,10476.2762640951,0,0,0,0,1764.1786382055
FT4158,943.836502041705,943.836288254724,943.836793933042,50.9796887570581,49.4852966943336,51.8652563638484,7,0,1,6,1,87722.8803354006,690044.426765449,764691.84187713,1131097.49508097,1487267.76125385,1145438.63396254,1465372.40766743,1513937.91033386
FT4159,944.171151212238,944.170881212122,944.261414003455,51.360400207882,49.4479843215045,111.597925043679,9,0,1,6,1,85915.9027019795,757643.439043945,860618.253626143,1264058.17764542,1806480.7208487,1308089.90495141,1525257.74114948,1690802.29738831
FT4160,944.505346607228,944.349143358337,944.505689687035,49.5186411200631,48.1975897312506,116.681947348244,8,1,1,6,1,284352.799900568,428543.345743262,599298.145174504,884241.965624531,1108578.33114354,872477.58408081,957560.838693182,1193640.77900647
FT4161,944.570454954253,944.570454954253,944.570454954253,2892.77672943999,2892.77672943999,2892.77672943999,1,1,0,0,1,822277.049684504,0,9443.03776580672,0,0,0,0,0
FT4162,944.839662165429,944.839475703756,944.840054366037,49.4852966943336,48.1975897312506,50.9796887570581,7,0,1,6,1,16622.9254881267,160810.584600028,298267.210446631,354514.523113338,462555.234604531,391505.502103125,444486.767177557,502414.883906311
FT4163,945.297095650904,945.296954742273,945.297236559534,291.181825788692,290.58859456883,291.775057008554,2,0,1,1,1,757379.023196096,796163.663584138,842054.819348344,572958.316293636,602987.567721291,717348.216626701,1063339.01833539,804702.750529195
FT4164,945.297033563319,945.296304952647,945.297388726697,148.98328986612,139.115394241513,152.302806440184,7,1,1,5,1,4873462.31487305,702189.26396654,660624.460356624,777445.593931899,1012313.08303854,1492638.93370891,1075819.36211928,868016.590184195
FT4165,945.5738254364,945.5738254364,945.5738254364,2892.77672943999,2892.77672943999,2892.77672943999,1,1,0,0,1,352896.671875,0,2171.09894298801,0,0,0,0,0
FT4166,945.582302997519,945.582302997519,945.582302997519,3444.30253701789,3444.30253701789,3444.30253701789,1,1,0,0,1,4129773.09966769,7529.17572368543,136281.745095927,17799.7278824542,6436.74330738666,64597.2765626475,12891.5512544423,30713.9656650801
FT4167,946.299529150176,946.299529150176,946.299529150176,139.115394241513,139.115394241513,139.115394241513,1,1,0,0,1,1619941.58989746,156524.656149476,162568.712800535,152671.820201589,176517.049424919,282969.35323782,199967.956084439,208648.290652766
FT4168,946.585626758463,946.585626758463,946.585626758463,3444.30253701789,3444.30253701789,3444.30253701789,1,1,0,0,1,2085005.28536695,1137.75226828185,73056.3912154789,5423.52099582941,1257.78921732614,24095.1783747926,3865.33859051181,13858.3181842699
FT4169,946.635220979442,946.635220979442,946.635220979442,2735.6152516795,2735.6152516795,2735.6152516795,1,1,0,0,1,709539.332937016,0,1737.11911350258,0,0,0,0,0
FT4170,947.249259466431,947.249259466431,947.249259466431,1095.60348806682,1095.60348806682,1095.60348806682,1,0,1,0,1,0,141578.684723633,57585.3886753991,85242.7977599381,112084.234039055,52949.9745584295,108640.157166931,113643.432665968
FT4171,947.302193248151,947.302193248151,947.302193248151,139.115394241513,139.115394241513,139.115394241513,1,1,0,0,1,205969.958538892,3499.26890932474,0,3475.63136586667,0,0,0,0
FT4172,947.653222053907,947.653222053907,947.653222053907,3039.42307083599,3039.42307083599,3039.42307083599,1,1,0,0,1,247387.294277337,0,0,0,0,0,1969.02293775003,0
FT4173,947.613253493339,947.613253493339,947.613253493339,2932.42531459677,2932.42531459677,2932.42531459677,1,1,0,0,1,128277.899197693,0,0,0,1713.83537601761,0,1947.34644774145,0
FT4174,947.63847557691,947.63847557691,947.63847557691,2737.96498317459,2737.96498317459,2737.96498317459,1,1,0,0,1,302010.532973068,0,0,0,0,0,0,0
FT4175,948.656687131656,948.656687131656,948.656687131656,3039.42307083599,3039.42307083599,3039.42307083599,1,1,0,0,1,147103.176914059,0,0,0,0,0,0,0
FT4176,949.22860372068,949.228496357585,949.229996825994,941.305781627358,938.983154147169,972.666837839585,8,0,1,6,1,238187.162837777,3182316.25022324,3586945.20605238,3492179.98579297,3477553.89666133,2462647.77027821,4908434.85075082,5577728.48655428
FT4177,949.228613317,949.228472990651,949.22968832694,827.316666670063,825.638956109726,828.745364199784,3,0,0,3,1,92791.7901799335,894609.413922865,897014.579411411,747593.962973919,883718.717179815,688430.637968216,1125582.65756228,1464086.81416518
FT4178,949.22835167906,949.228208563182,949.324970222809,1089.18273846319,1087.23253079004,1111.48111350533,4,0,0,4,1,0,457161.669495256,609642.416075396,546323.669065317,743784.574633094,483045.546469881,767398.902914088,839722.862329106
FT4179,950.231960948611,950.231855720583,950.232871033894,941.148397219763,938.983154147169,942.658933181719,7,0,1,6,1,92432.3849781551,1318519.88598959,1556131.48910283,1450629.2302187,1615578.98395224,980154.360033202,2117264.8364375,2369197.43396957
FT4180,950.231817042943,950.231817042943,950.231817042943,1091.77970194718,1091.77970194718,1091.77970194718,1,0,1,0,1,0,123470.918805805,194692.656429865,127874.135653812,243293.919727018,104890.223131446,205091.747290695,226064.617446658
FT4181,951.23562014859,951.235577224436,951.235663072743,941.446312319578,939.436049393115,943.456575246042,2,0,1,1,1,0,154627.225778972,227387.67749425,170996.877732076,185846.965916388,132887.924078746,305870.480575032,344536.819279204
FT4182,951.226330444576,951.186601343264,951.266059545888,1585.1551538683,1581.41482376869,1588.89548396791,2,1,0,1,1,124551.681284179,0,1297.22917774064,0,6026.45025821547,1884065.99302897,0,0
FT4183,951.571240383627,951.571240383627,951.571240383627,3103.8963491488,3103.8963491488,3103.8963491488,1,1,0,0,1,832197.297629393,1234.67690457919,55976.14627152,11974.0573284922,1913.50634245771,4179.1594853764,3375.70484863002,9933.5402109037
FT4184,952.355425061216,952.355425061216,952.355425061216,981.197427866653,981.197427866653,981.197427866653,1,1,0,0,1,117594.556285482,6878.31142546641,0,0,0,0,0,0
FT4185,952.574465902348,952.574465902348,952.574465902348,3103.8963491488,3103.8963491488,3103.8963491488,1,1,0,0,1,421370.895776369,0,26964.1283918061,1751.90138335631,0,0,0,0
FT4186,953.514753312159,953.514753312159,953.514753312159,3060.32478513107,3060.32478513107,3060.32478513107,1,1,0,0,1,137680.581013995,0,15912.6898488811,0,0,1982.13302393327,0,1890.16585290393
FT4187,953.551032552989,953.550964558048,953.551100547929,3234.12424419188,3228.21555919744,3240.03292918632,2,1,0,1,1,18708315.5357202,5351.15191025753,127964.211721599,36022.649602466,8868.16567139138,34116.2884155289,26025.2339734679,55091.1049180187
FT4188,954.554481423772,954.554481423772,954.554481423772,3228.21555919744,3228.21555919744,3228.21555919744,1,1,0,0,1,10390924.0105843,1054.83063546797,104946.60850287,23211.4273624076,5513.52555172179,11873.6369119292,12459.42686328,24823.431879786
FT4189,955.380117240036,955.380117240036,955.380117240036,2182.88883722563,2182.88883722563,2182.88883722563,1,1,0,0,1,880006.035426138,2393.82116726804,11041.9269447129,8960.6448668337,5427.70891111481,12313.7206037473,21057.5560073462,30206.9362073649
FT4190,955.350962619225,955.350962619225,955.350962619225,1663.63872061777,1663.63872061777,1663.63872061777,1,1,0,0,1,743900.925797486,8133.50845510884,4409.14842620804,0,0,1356.79171779819,21333.6465546199,7260.43235802483
FT4191,955.504652870325,955.504652870325,955.504652870325,3483.43025851486,3483.43025851486,3483.43025851486,1,1,0,0,1,1398144.0239325,1122.79573974932,20767.967363109,0,1274.71575129497,0,0,2811.26451559739
FT4192,955.530371937255,955.530371937255,955.530371937255,3065.87743582145,3065.87743582145,3065.87743582145,1,1,0,0,1,482607.231439109,0,29338.2252640858,1852.60404094684,0,3586.58887261056,1905.42201981904,13480.9607583456
FT4193,955.566834085422,955.566834085422,955.566834085422,3293.0321994958,3293.0321994958,3293.0321994958,1,1,0,0,1,6917307.1297827,2436.92224664742,136778.566553976,29035.1432817695,4248.99815808196,24902.3170130018,23446.0875925624,38736.866521562
FT4194,955.55761365409,955.55761365409,955.55761365409,3228.21555919744,3228.21555919744,3228.21555919744,1,1,0,0,1,2500582.41009937,0,19375.6536612527,2839.57984072833,0,3825.85571418239,0,2053.50669249057
FT4195,956.313275721172,956.312304401294,956.313412985761,139.443947164191,138.07844922836,140.031735823504,6,1,1,4,1,3245774.24891602,1159827.63229147,474071.220316234,631706.793058868,380717.88880103,1538446.39533782,807949.876225098,247413.732000667
FT4196,956.533967659558,956.533967659558,956.533967659558,3065.87743582145,3065.87743582145,3065.87743582145,1,1,0,0,1,229278.820794065,1147.40412800813,8335.40023545068,0,0,0,0,4296.24739091054
FT4197,956.570470660329,956.570470660329,956.570470660329,3293.0321994958,3293.0321994958,3293.0321994958,1,1,0,0,1,3667226.95217636,0,72782.2597470477,11306.5618017448,2394.88497106219,9895.87766630779,4265.44599391955,13361.8457075225
FT4198,956.561886504936,956.561886504936,956.561886504936,3230.24747199582,3230.24747199582,3230.24747199582,1,1,0,0,1,323585.073224694,0,0,0,0,0,0,0
FT4199,956.68260749586,956.68260749586,956.68260749586,3037.74755507375,3037.74755507375,3037.74755507375,1,1,0,0,1,397172.285180659,0,0,0,0,0,0,0
FT4200,957.315803747012,957.315803747012,957.315803747012,139.115394241513,139.115394241513,139.115394241513,1,1,0,0,1,1221755.48912319,386814.612698063,159560.35049653,178757.245491383,135960.437574033,498738.658520141,216119.161950697,98665.5560011735
FT4201,957.391707323106,957.391707323106,957.391707323106,2184.92620300537,2184.92620300537,2184.92620300537,1,1,0,0,1,7278824.13541295,0,54487.1393968082,3626.90341118695,7739.05505693678,51955.6154073705,97944.8342167677,117562.497626488
FT4202,957.582522562148,957.582522562148,957.582522562148,3391.29691135907,3391.29691135907,3391.29691135907,1,1,0,0,1,5736026.84813151,5503.45872235075,150087.387082472,37022.9134746652,9586.0361777444,39185.0705646484,22542.2418543039,37579.2445100729
FT4203,957.574271277688,957.574271277688,957.574271277688,3291.01963265695,3291.01963265695,3291.01963265695,1,1,0,0,1,694724.181982169,0,12503.693184953,1424.37838158902,0,1376.67080280234,0,1463.12536285773
FT4204,957.545768062407,957.545768062407,957.545768062407,3056.43582966171,3056.43582966171,3056.43582966171,1,1,0,0,1,529324.406069713,1328.1698989422,7759.55835397565,4380.22693564418,0,0,0,0
FT4205,958.365125842067,958.312616255942,958.36557340225,143.313563737445,139.115394241513,149.571054500826,8,1,1,5,1,2903922.01860142,318707.05204233,550623.068674316,431698.244787598,213091.537297559,346762.886175981,430170.892303413,235442.210022217
FT4206,958.398735791248,958.398735791248,958.398735791248,2184.92620300537,2184.92620300537,2184.92620300537,1,1,0,0,1,3967113.70652056,0,10161.7973011985,0,4269.7454544847,15368.8986938318,54119.120882957,51089.7391102941
FT4207,958.549111406197,958.549111406197,958.549111406197,3056.43582966171,3056.43582966171,3056.43582966171,1,1,0,0,1,267981.848320313,0,1525.71413750251,2498.20002310434,0,1903.95589918318,0,0
FT4208,958.585959132881,958.585959132881,958.585959132881,3392.65183717668,3392.65183717668,3392.65183717668,1,1,0,0,1,3068607.39542383,1003.6447421992,72112.8997949046,9973.17136862381,1276.91972015548,18749.4456643849,5823.51148025081,14215.8937777753
FT4209,959.345315354811,959.322982462047,959.367648247576,137.666536649042,136.217679056572,139.115394241513,2,1,0,0,1,1077066.09914272,0,0,0,0,0,0,0
FT4210,959.402734173756,959.402734173756,959.402734173756,2184.92620300537,2184.92620300537,2184.92620300537,1,1,0,0,1,1009295.11440409,0,0,0,1304.30247737315,9794.83975196382,4282.06136775623,0
FT4211,959.59782003755,959.597650325302,959.597979847606,3557.89117622391,3541.9199545672,3561.85863343114,4,1,0,2,1,86282638.382071,182195.490100961,3126092.31262533,639260.715738444,221329.727956661,1418624.73754664,462860.055836292,863070.956421746
FT4212,960.30722261827,960.30722261827,960.30722261827,136.217679056572,136.217679056572,136.217679056572,1,1,0,0,1,307301.201070638,0,0,0,0,0,0,5638.19794657085
FT4213,960.54456016537,960.54456016537,960.54456016537,2892.77672943999,2892.77672943999,2892.77672943999,1,1,0,0,1,176141.201809303,0,0,0,2465.7122027801,0,0,0
FT4214,960.601184051979,960.601058162372,960.601421566074,3555.73941165781,3539.0195881927,3561.85863343114,3,1,0,1,1,49564950.4980984,98190.1745081334,1698928.64825033,333022.429669915,113735.702123821,760810.866170682,240160.833031556,466636.420187601
FT4215,961.305824432974,961.289288390694,961.322360475254,1190.00685655837,1164.75342398458,1215.26028913217,2,1,0,1,1,94686.6093017587,0,6648.70682852689,6072.77185310745,0,492058.663375289,0,0
FT4216,961.297183661707,961.297183661707,961.297183661707,136.217679056572,136.217679056572,136.217679056572,1,1,0,0,1,3781411.42712654,148048.674138285,109134.003841382,129342.389130952,119416.688799904,374842.654032771,136411.418265084,146430.5266526
FT4217,961.604004971786,961.603968042323,961.604041901249,3548.82968311251,3541.9199545672,3555.73941165781,2,1,0,0,1,12316565.6959751,17623.7254899026,322456.697381943,65784.2777730418,18843.2339425804,127116.697032011,55167.1556439017,64111.3834672
FT4218,961.577363245557,961.577363245557,961.577363245557,3135.24610778132,3135.24610778132,3135.24610778132,1,1,0,0,1,368809.275186035,0,29092.0876685162,0,0,0,1364.72075474957,3047.85168105311
FT4219,962.294561261128,962.294561261128,962.294561261128,136.217679056572,136.217679056572,136.217679056572,1,1,0,0,1,1378626.67859849,50195.7218544674,16875.4457158258,27421.3388994712,17363.4627317875,109271.552397818,32733.1176677256,22123.3685380259
FT4220,962.55270914837,962.498545782012,962.606872514729,3573.59237869232,3552.28790457399,3594.89685281065,2,1,1,0,1,2396345.81093872,1671561.16940042,0,0,0,858.612479128729,0,0
FT4221,962.769581748493,962.732179857529,962.770131763606,3088.36261522018,3037.74755507375,3090.20475102095,8,1,1,5,1,4613293.80776362,171665.871642732,682780.094796138,302916.110460489,197864.477924107,303972.451586247,118386.245930722,198273.630312092
FT4222,963.00023562482,963.00023562482,963.00023562482,3594.89685281065,3594.89685281065,3594.89685281065,1,0,1,0,1,10108.1188530282,1599131.80415689,0,0,1140.58088266704,1198.83919007323,0,1538.75388108831
FT4223,963.297163598469,963.297163598469,963.297163598469,667.509313140001,667.509313140001,667.509313140001,1,1,0,0,1,569676.683062499,65736.7860721684,85136.668328067,121223.19321712,96634.9764891049,126835.093632344,153083.541696752,131231.381139712
FT4224,963.446710608325,963.446710608325,963.446710608325,2737.96498317459,2737.96498317459,2737.96498317459,1,1,0,0,1,559791.663522522,3053.96991559927,16509.2019113122,1473.2567621464,1926.68794425304,4593.70213222849,4127.74844695985,4174.06949705281
FT4225,963.595086195051,963.595086195051,963.595086195051,3018.02763978972,3018.02763978972,3018.02763978972,1,1,0,0,1,992639.703189411,1098.04809919074,46611.1676116613,12214.2390222586,0,0,7882.1785515514,0
FT4226,963.772885664951,963.772849284481,963.773670994781,3087.30054253525,3087.10266939719,3088.64496246957,5,1,0,4,1,2734496.24201657,117121.208627248,397830.699917878,142423.216680908,118368.034613909,187228.666348568,67219.9219089394,120547.633845126
FT4227,963.798831154962,963.798831154962,963.798831154962,667.509313140001,667.509313140001,667.509313140001,1,1,0,0,1,343653.657298828,52740.8652645952,68392.6536423779,81333.3266417337,65125.2525295658,89384.2798801759,124106.494442029,130668.967272372
FT4228,964.598212488919,964.598212488919,964.598212488919,3018.02763978972,3018.02763978972,3018.02763978972,1,1,0,0,1,499884.938642576,1207.63619912141,22644.4562526811,0,2399.51703955003,2141.0239379198,4144.96884506017,1875.55434349628
FT4229,964.63522138549,964.63522138549,964.63522138549,2872.84306545271,2872.84306545271,2872.84306545271,1,1,0,0,1,455978.331524195,0,0,0,0,0,0,0
FT4230,964.777459460867,964.777459460867,964.777459460867,3088.4313819864,3088.4313819864,3088.4313819864,1,1,0,0,1,802029.789680786,30526.9324933312,117838.142074339,51804.0378167465,34152.2957197212,58760.632965807,15125.5337446147,34682.5902564841
FT4231,965.638656347492,965.638656347492,965.638656347492,2872.84306545271,2872.84306545271,2872.84306545271,1,1,0,0,1,240330.417193607,0,0,0,0,0,0,0
FT4232,965.693268842521,965.693268842521,965.693268842521,3043.61261960379,3043.61261960379,3043.61261960379,1,1,0,0,1,192756.378129883,1778.43212706305,18216.3610056969,4788.97491840348,847.522417332149,5600.88608283367,0,7893.92390246399
FT4233,966.303042452135,966.303042452135,966.303042452135,1358.10801276936,1358.10801276936,1358.10801276936,1,1,0,0,1,282929.387877604,0,0,0,0,0,0,0
FT4234,966.458286985129,966.458286985129,966.458286985129,1556.70774553662,1556.70774553662,1556.70774553662,1,1,0,0,1,344798.02248047,0,0,0,0,0,0,0
FT4235,967.530579764216,967.530579764216,967.530579764216,3067.00338120852,3067.00338120852,3067.00338120852,1,1,0,0,1,287259.573741372,2824.38889906462,1889.06642097879,0,0,1966.39273717525,0,0
FT4236,967.568472653149,967.568472653149,967.568472653149,2943.66481228406,2943.66481228406,2943.66481228406,1,1,0,0,1,437759.537099204,0,16458.7154515911,3692.41110411683,1904.76903404734,5931.10071722063,0,1574.77891980522
FT4237,967.567052442426,967.567052442426,967.567052442426,3277.41141046201,3277.41141046201,3277.41141046201,1,1,0,0,1,1783321.92538638,0,19511.7281714387,1226.64036032946,0,0,0,4930.1401125507
FT4238,967.56673968344,967.56673968344,967.56673968344,3060.32478513107,3060.32478513107,3060.32478513107,1,1,0,0,1,107727.139000001,1723.68207199761,2353.10913239406,0,0,0,2401.81589715393,0
FT4239,968.414587809749,968.414587809749,968.414587809749,2226.19254964609,2226.19254964609,2226.19254964609,1,1,0,0,1,723690.858789065,6348.31704220033,8279.03823820519,0,0,4624.66576696327,1868.36230018028,0
FT4240,968.570437950189,968.570437950189,968.570437950189,3280.09940405328,3280.09940405328,3280.09940405328,1,1,0,0,1,885984.161041999,0,6553.72434537267,0,0,0,0,0
FT4241,969.279580580775,969.279275229394,969.279886617277,1554.06898742248,1553.71622745731,1555.23689918032,5,0,1,4,1,0,752183.208708273,863058.588708333,112345.004447376,372517.039265625,286882.617413738,397681.639873047,110806.728573218
FT4242,969.474836705283,969.474836705283,969.474836705283,1341.69110389128,1341.69110389128,1341.69110389128,1,1,0,0,1,208223.407389786,0,0,0,0,0,0,9060.07866401661
FT4243,969.546011537159,969.546011537159,969.546011537159,3062.00283356915,3062.00283356915,3062.00283356915,1,1,0,0,1,2199774.23655578,0,48993.9703106284,4484.40197889628,0,7682.98321272233,0,14477.7179496961
FT4244,969.583179112512,969.583179112512,969.583179112512,3371.43038631732,3371.43038631732,3371.43038631732,1,1,0,0,1,414685.834389651,0,9676.80203190267,0,0,1537.93898266834,0,0
FT4245,970.282917195929,970.282684241228,970.28334649998,1555.04816943229,1552.23511765058,1556.18811767208,5,0,1,4,1,0,434869.02956502,522103.444222005,33914.8105458965,248823.902312011,157579.361718749,166627.87624292,39417.2704493155
FT4246,970.420033328639,970.420033328639,970.420033328639,2226.19254964609,2226.19254964609,2226.19254964609,1,1,0,0,1,368261.623042603,2821.79613650022,19349.2313327105,6585.76206874348,0,0,10126.7993244446,10229.0041188519
FT4247,970.478024985741,970.478024985741,970.478024985741,1343.56515430708,1343.56515430708,1343.56515430708,1,1,0,0,1,108708.867480471,0,0,0,0,0,0,0
FT4248,970.549667031887,970.549667031887,970.549667031887,3064.05732122072,3064.05732122072,3064.05732122072,1,1,0,0,1,1076974.35227458,1158.33344052241,19874.1834116254,0,0,0,1625.68782502534,3249.77310498345
FT4249,971.313138482278,971.312893091682,971.313171560772,379.654279250546,373.764595780752,384.271382673581,3,0,0,3,1,41439.0666238197,101224.421738599,882461.133301354,1501277.50238776,2353032.29745117,1076168.88656649,2237945.31569057,2869223.89019499
FT4250,971.553783658707,971.553693519333,971.553873798082,3341.864560856,3336.06922550329,3347.65989620872,2,1,0,0,1,1742265.07670585,0,39342.4531052244,5564.9610008792,2622.68801410174,6408.49407675329,5250.04552718545,7824.86735106581
FT4251,971.607241644721,971.561312621564,971.653170667878,3066.36770117644,3037.74755507375,3094.98784727913,2,1,0,0,1,355309.127021475,0,0,0,0,0,0,0
FT4252,971.925448545793,971.92494483488,971.92550095079,48.2198705684753,47.4639344076242,49.5519855457926,5,0,0,5,1,9773.03123799358,39306.4838958453,96281.4575011091,167630.610744097,302384.775178281,167951.226213672,268688.591833511,247555.369861003
FT4253,975.307478641073,975.307329226314,975.307546515043,545.695976932066,543.105377368047,546.871191191213,6,0,1,5,1,132250.355161662,518819.022290924,1231104.11386742,717017.357741448,755316.542985351,724939.993943209,1197576.35174104,1445029.10410664
FT4254,975.306966445687,975.306966445687,975.306966445687,136.217679056572,136.217679056572,136.217679056572,1,1,0,0,1,187081.242929548,112294.50117374,88734.3863811753,108102.57526511,164493.21656576,126422.083268684,206233.810092077,134582.790283853
FT4255,975.59276927143,975.588722784815,975.593110430496,3170.54516993433,3130.98967533102,3180.77066681855,3,1,0,1,1,8569568.79387483,11683.3902589422,642195.814372295,94589.4945426326,23917.7695669046,142011.415292942,75893.8273028927,119643.859070502
FT4256,976.177193261412,976.176901718722,976.17757773426,51.8652563638484,50.9428206292685,53.2974331905768,7,0,1,6,1,121727.932335296,836731.223099219,943752.067178568,1048828.82924977,1483110.04666945,1059345.91806914,1032868.7892983,1416240.17789319
FT4257,976.596378084779,976.596171443678,976.596584725881,3175.65791837644,3170.54516993433,3180.77066681855,2,1,0,1,1,4715423.66876125,2168.09449811023,319992.684851074,48061.5112562141,2060.24118930033,78001.0679187541,38214.2840847599,63046.0091989571
FT4258,976.678985573773,976.678686120551,976.679444660731,51.8652563638484,50.9428206292685,53.2974331905768,7,0,1,6,1,92482.6275007594,569593.931869531,667735.186414906,755905.324487402,1027318.59925797,761728.224280185,778572.149342623,987996.296613098
FT4259,977.180313601272,977.180126111948,977.180982622656,51.6186068856377,50.9428206292685,53.2974331905768,6,0,1,5,1,20088.0137274143,181594.933207324,239616.405603223,211510.231064974,448748.826789067,249356.617615278,261537.403909801,330626.786915932
FT4260,977.323458605025,977.323458605025,977.323458605025,113.051257659069,113.051257659069,113.051257659069,1,0,1,0,1,0,324592.831505978,71103.6092262385,39063.268391959,106411.544887955,91593.6793318525,106805.873072789,126580.432754395
FT4261,977.608870070569,977.599874504505,977.608880001691,3205.8615559955,3170.54516993433,3224.50678517839,3,1,0,1,1,1000094.02042074,7087.03024193418,86992.6299406032,15977.3206914054,5881.57104737996,412585.742322829,14528.3981032969,34660.480393174
FT4262,978.612391745654,978.61236412767,978.612419363638,3216.3129437575,3205.8615559955,3226.7643315195,2,1,0,1,1,254109.973363561,1289.89993716031,40533.2892503481,1680.81523766331,1719.02001737158,163205.608155382,8015.62746424073,15482.8026758636
FT4263,979.377320452809,979.377320452809,979.377320452809,2184.92620300537,2184.92620300537,2184.92620300537,1,1,0,0,1,451498.560059608,0,6467.45773575582,0,6254.55255436738,4127.23790936995,3980.02688791038,1615.48545387087
FT4264,979.56736407279,979.56736407279,979.56736407279,3276.36138725571,3276.36138725571,3276.36138725571,1,1,0,0,1,1024075.01234103,0,4910.55464500737,0,0,0,0,1402.91813297682
FT4265,980.318162310784,980.31807966165,980.320102600215,839.783924583819,837.46190702557,841.720644227351,5,0,0,5,1,101264.372550561,332199.714943776,863376.129670271,1273415.43565538,721946.081644584,1034425.33716074,452176.782524352,349912.676315499
FT4266,980.819636740601,980.819567130448,980.819995211463,839.509024733046,838.43282774716,841.07850156555,3,0,0,3,1,64524.4239264622,255324.822304553,635207.338448769,1009137.57205058,552550.950489676,620502.655583659,345160.885391695,355496.996031596
FT4267,981.198107635549,981.198107635549,981.198107635549,1588.89548396791,1588.89548396791,1588.89548396791,1,1,0,0,1,2676152.03499868,1220.7421989175,7229.66347427799,0,8803.57731470909,0,0,0
FT4268,981.307470926594,981.307391423449,981.307863126351,605.903988055732,605.850243451645,606.746468218224,3,0,0,3,1,263333.756008388,444744.715407596,792036.133040041,807200.906322512,864019.113624024,686133.68616882,1124063.85307172,1736150.46876498
FT4269,981.582456390173,981.582232444406,981.583474953379,3353.20343061765,3347.65989620872,3355.46567345897,7,1,0,6,1,150575323.391394,343669.506291754,3881905.72792965,927791.915559895,184699.878009314,1171338.93511663,450128.74262207,976512.198618162
FT4270,982.201828655278,982.201828655278,982.201828655278,1588.89548396791,1588.89548396791,1588.89548396791,1,1,0,0,1,1124294.32704947,0,0,0,2290.39814137884,20632.3679435542,0,0
FT4271,982.585910720665,982.557553958831,982.58624154111,3352.40370107257,3347.65989620872,3355.46567345897,6,1,0,4,1,90083111.1173792,175403.226117402,2199533.08271482,470955.902210937,151051.944110666,609310.617770566,277557.21097067,495619.423929598
FT4272,983.279610254874,983.279610254874,983.279610254874,119.497184338397,119.497184338397,119.497184338397,1,1,0,0,1,1633420.85963505,6475.06998911516,8929.36516150493,14391.395452959,48350.5585810946,39747.6353267756,73839.3312579084,20735.7616157024
FT4273,983.204661038205,983.204661038205,983.204661038205,1588.89548396791,1588.89548396791,1588.89548396791,1,1,0,0,1,234394.707132902,0,8110.1557778237,0,0,0,0,0
FT4274,983.598233932779,983.59811557662,983.598639106132,3453.29638081623,3438.14372016229,3457.15642486376,4,1,0,2,1,15348157.0307904,136256.29160927,425789.391313477,187941.539940637,79967.8308067626,671871.502431634,46730.7863667967,88850.8367959565
FT4275,983.58898435157,983.588641348778,983.589327354362,3351.56278483384,3347.65989620872,3355.46567345897,2,1,0,1,1,25829616.7247936,35970.2979329366,544167.876635737,131701.322130752,36140.1998146473,120392.852180845,64884.1737322636,122072.61236179
FT4276,984.283017171318,984.283017171318,984.283017171318,119.497184338397,119.497184338397,119.497184338397,1,1,0,0,1,564182.22945173,0,0,6557.51992078166,0,22057.1805078748,16127.5678296074,15288.1582986224
FT4277,984.601738903678,984.601571601848,984.602018553257,3452.880212681,3435.97022530556,3457.15642486376,3,1,0,1,1,8849719.51520676,76548.2361704385,247382.89163612,99328.1756282607,48275.8906991602,341116.198822021,26213.0783945457,45515.2663728462
FT4278,984.591210518315,984.591210518315,984.591210518315,3347.65989620872,3347.65989620872,3347.65989620872,1,1,0,0,1,6039532.85919506,1134.77474396156,0,0,1718.15146461978,4861.64252833405,2587.9573078328,0
FT4279,985.5334595729,985.5334595729,985.5334595729,3120.07010221638,3120.07010221638,3120.07010221638,1,1,0,0,1,208019.797399268,0,0,0,0,0,0,0
FT4280,985.605035759547,985.604949847207,985.605121671887,3444.42521899328,3435.97022530556,3452.880212681,2,1,0,0,1,2173836.0042183,2416.11603926587,40089.7934105573,15792.9476626144,2680.0248451881,53980.5233703968,1148.30860568571,2573.69601800703
FT4281,985.595505316023,985.595505316023,985.595505316023,3347.65989620872,3347.65989620872,3347.65989620872,1,1,0,0,1,428024.234589842,0,0,0,0,0,0,0
FT4282,985.614293066719,985.614293066719,985.614293066719,3590.82812251078,3590.82812251078,3590.82812251078,1,1,0,0,1,2568026.50507811,39441.1217255164,89886.2646987647,29610.4402945441,9085.4574186088,775238.628208439,8065.56845898749,30995.6384981779
FT4283,986.617898461606,986.617898461606,986.617898461606,3594.86812251078,3594.86812251078,3594.86812251078,1,1,0,0,1,1592332.53174717,18651.5442550448,45761.8192830294,13331.416780862,7157.63879730484,439705.447029406,4009.36378100168,15324.0600418407
FT4284,987.54842756968,987.54842756968,987.54842756968,3107.76171372841,3107.76171372841,3107.76171372841,1,1,0,0,1,860587.009960941,0,21509.0060212312,2057.44738869612,1634.59717576051,0,0,0
FT4285,988.596951360755,988.596951360755,988.596951360755,2883.99998980459,2883.99998980459,2883.99998980459,1,1,0,0,1,126893.47824463,0,0,2037.31165996964,0,0,0,0
FT4286,988.7848733008,988.7848733008,988.7848733008,3101.20761869709,3101.20761869709,3101.20761869709,1,1,0,0,1,1062460.745766,1298.31388958499,0,1420.25442389059,0,0,0,0
FT4287,989.323394794758,989.322399015265,989.324092986747,156.051491701007,121.840954764414,230.954440231414,13,1,1,6,1,6836570.49016602,3260006.64203211,2435914.65672363,2040009.55400879,934236.858549538,8199354.48247501,1997096.32208276,1977380.48832223
FT4288,989.323486713838,989.323089188357,989.324104122804,624.601487772231,615.654204390133,643.12606225257,9,1,1,3,1,1684506.21532861,473165.905014388,3033122.53705664,1730449.89207825,1185358.15098135,3172126.53963866,753986.273142146,676839.844745561
FT4289,989.693110707071,989.693110707071,989.693110707071,3039.42307083599,3039.42307083599,3039.42307083599,1,1,0,0,1,132407.559907227,0,0,0,0,0,0,0
FT4290,989.788164524975,989.788164524975,989.788164524975,3101.20761869709,3101.20761869709,3101.20761869709,1,1,0,0,1,677234.765479567,2690.03920505823,4473.99490501808,0,1950.3654717374,0,0,0
FT4291,990.326676018066,990.326503140801,990.327619424781,623.903443459764,620.269893915812,638.33033011237,5,0,0,3,1,1147368.33172196,318658.348125981,1041980.95633209,596986.383376873,370363.238893795,1209858.89644775,242492.395144497,276381.973175309
FT4292,990.326612210356,990.325754936246,990.326876246674,155.504021363919,154.923384779972,156.352480691913,4,1,1,2,1,2568533.67192839,1112971.06410169,863684.216450195,527301.955050148,230978.376431354,2986536.4446375,653669.327951194,204097.365065672
FT4293,990.662058642927,990.662058642927,990.662058642927,2727.8948081992,2727.8948081992,2727.8948081992,1,1,0,0,1,409127.884649967,0,0,0,0,0,0,0
FT4294,991.239454121165,991.239232298206,991.241575682688,1107.45689369514,1105.87440651318,1109.01121457925,7,0,1,6,1,22185.1119820202,645894.117994384,1352411.27869851,1313711.53141781,1826414.50835823,833257.081029111,2226534.13399052,2739090.16029871
FT4295,991.239835032634,991.239476749172,991.23988172043,1005.37958870521,1002.2830739979,1027.50776382089,3,0,1,2,1,103423.826669613,947881.817108835,527227.034664391,545052.135234108,560698.718943328,390442.296450851,962016.485053085,1315454.60728052
FT4296,991.327988303487,991.30274268277,991.328466644285,154.675715644278,113.051257659069,154.923384779972,3,1,1,1,1,491722.318790096,319809.111805618,48404.9962199403,26728.2394295861,6541.74861894552,580966.499354148,26503.9729941009,11086.1221006182
FT4297,991.588590106834,991.588590106834,991.588590106834,3118.38425288632,3118.38425288632,3118.38425288632,1,1,0,0,1,1595065.15658171,3356.68728658496,115870.218028774,19670.0027343537,5925.31000830114,20131.1030299809,19030.1767315246,35450.6798540363
FT4298,991.665623598114,991.665623598114,991.665623598114,2727.8948081992,2727.8948081992,2727.8948081992,1,1,0,0,1,101009.198934935,0,0,0,0,0,0,0
FT4299,991.681689801696,991.681437430746,991.683004673181,2925.1607483918,2924.74610966641,2928.1560437807,7,0,1,6,1,231760.13150718,392908.477451102,302751.678703803,350364.322248388,340812.540111154,254537.869435092,334828.471763305,295241.076606443
FT4300,992.242731851924,992.242707206509,992.243021240076,1108.67737997513,1105.87440651318,1109.01121457925,5,0,0,5,1,6765.37561405578,257652.696655581,568002.95540453,573757.387182451,842016.185664062,322798.605286518,966079.732312825,1258090.153125
FT4301,992.242719165643,992.242658036215,992.243352820228,1005.10756641502,1004.03087613641,1029.56425207809,3,0,1,2,1,53614.9194055706,197733.718344727,285658.224046251,263091.366957232,212985.555092326,196275.949229595,491137.88590515,587217.335122874
FT4302,992.592216751893,992.592216751893,992.592216751893,3118.38425288632,3118.38425288632,3118.38425288632,1,1,0,0,1,789497.213130538,1171.20923516683,52413.7730543127,6110.35795665166,1553.98307540801,3871.75476564395,4726.07567886843,16377.6472191118
FT4303,992.743379280783,992.743379280783,992.743379280783,3002.99643045688,3002.99643045688,3002.99643045688,1,1,0,0,1,367753.668405197,1350.81884078586,5290.36101543081,0,0,0,0,0
FT4304,993.297691557697,993.297422007355,993.311495520717,149.571054500826,139.115394241513,152.302806440184,3,1,0,2,1,214846.727528546,63061.3325384221,183787.879819533,201679.586206979,499465.571537597,224674.106369628,247509.809451005,313397.854752869
FT4305,993.599723438586,993.599723438586,993.599723438586,3120.07010221638,3120.07010221638,3120.07010221638,1,1,0,0,1,223063.010652796,0,0,0,0,0,0,0
FT4306,993.661103135578,993.660805531006,993.746854464949,2968.17847805338,2967.59096877723,3002.99643045688,3,1,1,1,1,262579.415996093,206756.240400016,114321.874160156,218268.787603733,193474.861680236,231897.705273588,239553.191274701,180428.528203463
FT4307,995.561901073761,995.561857942667,995.561944204855,3123.04982653162,3120.07010221638,3126.02955084685,2,1,0,1,1,5566015.98544927,11489.396759735,150250.955885415,42034.5376640938,9853.70464942675,34481.0794398218,14474.7192125848,53373.2621723865
FT4308,996.565448946083,996.565448946083,996.565448946083,3120.07010221638,3120.07010221638,3120.07010221638,1,1,0,0,1,3108395.74192386,2265.50386644607,85639.7355261868,16163.7874154743,0,12453.7794301997,12700.1533728402,25321.0114851221
FT4309,997.577160526907,997.57511896237,997.577731336482,3109.88332407348,3109.80469628721,3160.42176763429,3,1,0,1,1,9597176.6411018,53751.8649997284,1022226.42205123,170937.008337499,49839.9900572547,156333.225518037,75769.7242669073,176777.710937967
FT4310,997.700180621025,997.700180621025,997.700180621025,2977.55151165471,2977.55151165471,2977.55151165471,1,1,0,0,1,2855703.14952133,0,5635.69316220864,0,0,2517.11475410419,0,0
FT4311,998.332131601341,998.332131601341,998.332131601341,115.678358360739,115.678358360739,115.678358360739,1,1,0,0,1,777689.645753954,0,0,0,0,0,0,0
FT4312,998.580554445766,998.580518536381,998.580890134987,3109.88332407348,3109.80469628721,3160.42176763429,3,1,0,1,1,5266479.40622406,27440.4488293288,536374.31794319,99551.2037646394,17140.7306963297,68578.5798479085,37868.0811881507,89816.4481796915
FT4313,998.573414932702,998.573414932702,998.573414932702,3347.65989620872,3347.65989620872,3347.65989620872,1,1,0,0,1,649070.47108823,1341.5276541957,10888.9646308583,3167.59436898868,0,1418.34063026203,1160.88930248248,1250.78314968878
FT4314,998.703536349089,998.703536349089,998.703536349089,2977.55151165471,2977.55151165471,2977.55151165471,1,1,0,0,1,1766848.3220419,0,4589.51058979671,0,0,0,0,1948.91549752123
FT4315,999.31296232528,999.31296232528,999.31296232528,1014.76758116175,1014.76758116175,1014.76758116175,1,0,1,0,1,90808.7487950779,427741.959573363,0,9721.42694182375,0,0,0,0
FT4316,999.586423852258,999.58401930165,999.588828402866,3123.1324061166,3103.8963491488,3142.36846308441,2,1,0,0,1,2377605.08980457,0,0,1445.33562942,2265.77206040762,6779.56558440831,0,2630.16514362474
FT4317,999.70712606706,999.70712606706,999.70712606706,2977.55151165471,2977.55151165471,2977.55151165471,1,1,0,0,1,417022.746943361,0,0,0,0,0,0,0
FT4318,1000.3166355984,1000.3166355984,1000.3166355984,1014.76758116175,1014.76758116175,1014.76758116175,1,0,1,0,1,25040.5221595816,125638.879794923,0,0,0,0,0,0
FT4319,1000.59166496116,1000.58671743716,1000.59661248516,3120.39718580912,3109.80469628721,3130.98967533102,2,1,0,0,1,709617.746806194,0,0,0,1409.70486493279,0,1730.01229648822,0
FT4320,1001.84281299494,1001.84247105231,1001.84330674925,50.9612546931633,49.5519855457926,51.6741532759873,4,0,0,4,1,3970.42663343186,97150.6428673216,120851.211072824,161663.32168457,299189.6723725,237690.712453387,237740.74045334,258623.325406499
FT4321,1002.17723512244,1002.17670642728,1002.17768351995,49.5519855457926,47.4639344076242,50.9428206292685,5,0,0,5,1,4630.32826864296,68713.8928812292,102546.13628114,159736.488741943,304556.475774687,232701.140895935,247910.275558805,270182.887118978
FT4322,1002.51444989931,1002.51424516128,1002.51488053125,50.743990155536,49.4479843215045,51.6741532759873,7,0,1,6,1,55004.902933505,409340.945419499,651689.837119846,961254.267701705,1295375.59749628,963443.830314453,1037871.31056191,1243114.35484339
FT4323,1002.7639624396,1002.7639624396,1002.7639624396,3045.18729264354,3045.18729264354,3045.18729264354,1,1,0,0,1,303482.972355465,0,0,0,0,1926.60400562627,0,0
FT4324,1002.84887800153,1002.84868267074,1002.84923410277,50.9428206292685,49.4852966943336,51.6741532759873,7,0,1,6,1,71126.791378388,537372.59093776,798710.307955913,1068068.16219955,1583095.13406035,1105462.30540097,1381071.40177708,1581726.09914231
FT4325,1003.1830422665,1003.18287799352,1003.18352753149,49.4852966943336,48.1975897312506,50.9796887570581,7,0,1,6,1,34653.1358128616,376685.472365934,536872.334050352,801714.494105361,1081638.18855094,864059.580488652,944311.632147727,1018757.95815254
FT4326,1003.5438193904,1003.5438193904,1003.5438193904,3062.00283356915,3062.00283356915,3062.00283356915,1,1,0,0,1,268667.443521901,1363.95474021874,7298.47319941281,0,1464.13225237123,1370.03666615339,0,0
FT4327,1003.51719631753,1003.51695222201,1003.51764753627,49.4999849336486,48.1975897312506,50.9796887570581,6,0,0,6,1,17352.9830155358,185074.301330402,270856.744753125,362565.544270283,572077.655882919,386597.044808223,480098.885163607,599211.338972745
FT4328,1005.31885586815,1005.31859384951,1005.31918046838,174.027806550401,116.16647887391,175.553083283166,7,0,0,6,1,55952.2973315496,364615.779050749,1065532.82639923,1452389.98439575,1991683.1847022,1038916.39328503,2199553.666802,2437519.7440409
FT4329,1005.5675896517,1005.5675896517,1005.5675896517,3062.00283356915,3062.00283356915,3062.00283356915,1,1,0,0,1,239263.322486238,0,46788.2700206007,2287.51866476749,0,10408.4679113176,8034.14041635793,8602.75959968711
FT4330,1005.58331693453,1005.58331693453,1005.58331693453,3336.06922550329,3336.06922550329,3336.06922550329,1,1,0,0,1,1122207.02630179,1185.32725322498,15913.0186332738,0,0,4254.25377157483,0,1169.05735577687
FT4331,1006.32216458028,1006.3220634918,1006.32261798535,175.329747098548,172.741881302441,177.499903748768,5,0,0,5,1,3749.11703393518,134563.001187042,409315.259551045,531821.73480954,897809.443505344,376562.60076945,798857.327314366,1030839.58182118
FT4332,1006.75913962522,1006.75913962522,1006.75913962522,3000.5576561714,3000.5576561714,3000.5576561714,1,1,0,0,1,175140.146990112,0,0,0,0,0,0,0
FT4333,1007.24986284248,1007.24986284248,1007.24986284248,1534.39823530094,1534.39823530094,1534.39823530094,1,1,0,0,1,1398133.77100661,4749.58119436981,0,20322.8543090604,0,0,0,17419.3795037522
FT4334,1007.59859846849,1007.59859846849,1007.59859846849,3432.17548662975,3432.17548662975,3432.17548662975,1,1,0,0,1,8164759.96900513,3666.80204649873,115376.94227864,35123.7339505553,6988.92018326678,45927.1402444062,5727.29240176442,9381.52081544929
FT4335,1007.78026133722,1007.78026133722,1007.78026133722,3088.11071649875,3088.11071649875,3088.11071649875,1,0,1,0,1,0,377656.844784778,1990.72981620829,12206.190715837,0,0,2470.21233773948,0
FT4336,1008.25333227988,1008.25333227988,1008.25333227988,1534.39823530094,1534.39823530094,1534.39823530094,1,1,0,0,1,690528.451104594,0,0,0,11160.2194562548,0,6486.97544967105,0
FT4337,1008.34454201272,1008.34398820509,1008.34509582036,139.929543744433,139.115394241513,140.743693247354,2,1,0,1,1,1134157.67577843,138205.115413552,165910.769484893,138272.119907671,61541.3197277435,127478.519533203,152229.173141291,129452.602004496
FT4338,1008.60214752813,1008.60197404288,1008.60232101338,3424.94230715847,3416.33694510504,3433.54766921189,2,1,0,0,1,2606907.6767552,2290.93749262081,38572.2556301188,10445.4297970781,3811.36950282122,19581.426871832,0,2836.99365190017
FT4339,1008.78359101279,1008.78359101279,1008.78359101279,3088.11071649875,3088.11071649875,3088.11071649875,1,0,1,0,1,3089.33446692672,218856.34162128,0,6717.93181968659,0,0,0,0
FT4340,1009.34733609263,1009.34733609263,1009.34733609263,139.115394241513,139.115394241513,139.115394241513,1,1,0,0,1,437545.522582398,41628.6770926487,62902.0484711191,58062.546758583,23165.9996492271,68697.1379206685,41689.2855332536,29797.9597672607
FT4341,1009.61419837799,1009.61419837799,1009.61419837799,3524.06593016436,3524.06593016436,3524.06593016436,1,1,0,0,1,3831141.14115845,2656.21803995773,61367.4257095437,10272.6189095024,5966.5860547485,22739.087007374,2154.02242842166,6983.40883958699
FT4342,1009.60548061474,1009.60548061474,1009.60548061474,3433.54766921189,3433.54766921189,3433.54766921189,1,1,0,0,1,1154686.42403994,0,14980.4740516416,2841.90151455548,0,0,914.909350975324,0
FT4343,1009.59842174475,1009.59842174475,1009.59842174475,3016.71300317518,3016.71300317518,3016.71300317518,1,1,0,0,1,3216577.77841699,6104.29511738305,218018.494968482,46196.7230467303,4532.75838567251,44038.1710341355,44765.3825886702,80462.3948838163
FT4344,1010.60181792608,1010.60181792608,1010.60181792608,3016.71300317518,3016.71300317518,3016.71300317518,1,1,0,0,1,1766492.47410369,1180.14713964806,102541.98406635,7113.15190722893,1968.63013121287,14168.2005783749,4600.94873481849,20270.4221266964
FT4345,1010.78289358604,1010.78289358604,1010.78289358604,3088.11071649875,3088.11071649875,3088.11071649875,1,0,1,0,1,0,179325.904903,0,0,0,0,0,0
FT4346,1011.20951911958,1011.20951911958,1011.20951911958,1588.89548396791,1588.89548396791,1588.89548396791,1,1,0,0,1,9816250.4094316,1006.46389604636,0,6604.34414080427,0,9107.64772727493,0,0
FT4347,1011.55710267699,1011.55710267699,1011.55710267699,3065.87743582145,3065.87743582145,3065.87743582145,1,1,0,0,1,1684189.78512833,1377.63709473153,47552.1150241851,3227.54467239147,0,3781.55091484972,2076.11775556146,5524.54940367459
FT4348,1011.55839539062,1011.55839539062,1011.55839539062,2955.07146009181,2955.07146009181,2955.07146009181,1,1,0,0,1,1281805.58310267,5250.97308076504,77535.2920974692,11231.0991092859,3509.9296962443,9119.01360024053,3891.16675330963,13128.5730300542
FT4349,1012.2124507957,1012.2124507957,1012.2124507957,1588.89548396791,1588.89548396791,1588.89548396791,1,1,0,0,1,4657556.40526828,13202.6426950038,0,6995.48131061134,0,0,0,11206.0551984408
FT4350,1012.5605965069,1012.5605965069,1012.5605965069,3065.87743582145,3065.87743582145,3065.87743582145,1,1,0,0,1,951557.746849877,0,18046.8680113824,3951.60151733642,0,0,0,4791.02362351506
FT4351,1013.21450263023,1013.21450263023,1013.21450263023,1588.89548396791,1588.89548396791,1588.89548396791,1,1,0,0,1,888474.789654539,0,0,9018.83735273289,10910.9622854621,13223.7253531685,0,12360.0900936707
FT4352,1013.19596161452,1013.19596161452,1013.19596161452,296.128082894641,296.128082894641,296.128082894641,1,1,0,0,1,266884.768235987,0,1406.87260991156,0,0,5107.0740364464,2833.96503494391,10438.638338867
FT4353,1013.56857578434,1013.56857578434,1013.56857578434,3060.32478513107,3060.32478513107,3060.32478513107,1,1,0,0,1,3813219.08834818,1854.70607483746,0,0,0,0,0,0
FT4354,1013.57274631767,1013.57274631767,1013.57274631767,2942.16322525444,2942.16322525444,2942.16322525444,1,1,0,0,1,2854087.10059643,9286.57639209119,117196.196121124,29739.6538974746,6277.28122612529,9904.39246309054,6690.02879936985,14416.3250952958
FT4355,1014.21623371356,1014.21623371356,1014.21623371356,1588.89548396791,1588.89548396791,1588.89548396791,1,1,0,0,1,128805.030416992,0,0,0,0,0,0,0
FT4356,1014.57577067383,1014.57577067383,1014.57577067383,3060.32478513107,3060.32478513107,3060.32478513107,1,1,0,0,1,2135160.59227462,1168.48507392645,85343.6939677708,13329.1283626106,1865.98086556644,10605.7245027727,4004.46043051346,13637.0832444132
FT4357,1014.57612113856,1014.57612113856,1014.57612113856,2942.16322525444,2942.16322525444,2942.16322525444,1,1,0,0,1,1619579.12617864,8948.4727528131,55978.1137549717,4346.3494301698,1203.90561930083,9798.94501204514,0,9288.34900389113
FT4358,1015.58411934121,1015.58411934121,1015.58411934121,3062.00283356915,3062.00283356915,3062.00283356915,1,1,0,0,1,1562597.83069561,0,0,0,1844.77402391699,0,0,0
FT4359,1015.93381924792,1015.93376984659,1015.93432315571,49.4999849336486,47.4639344076242,50.743990155536,4,0,0,4,1,7487.52540125686,49862.2503699584,85609.7880988874,227520.844196748,263263.728761746,184443.813231562,281195.277553977,324410.012848047
FT4360,1016.18476781691,1016.18446364572,1016.18502476459,48.2198705684753,48.1975897312506,51.8652563638484,3,0,0,3,1,3836.63671274125,31752.7328346231,83203.8884032295,204417.381938728,286461.899770996,164054.605132087,250181.825398385,220286.031258916
FT4361,1016.59189855049,1016.59189855049,1016.59189855049,3062.00283356915,3062.00283356915,3062.00283356915,1,1,0,0,1,579107.66536673,0,64945.5461392393,8781.10967267416,2061.84945617078,9137.44621929189,3939.82891274232,11829.9315375378
FT4362,1016.74329733973,1016.74329733973,1016.74329733973,2987.04085898408,2987.04085898408,2987.04085898408,1,1,0,0,1,231113.864017225,0,0,0,0,0,0,0
FT4363,1017.3187930372,1017.31860767826,1017.31905684159,380.779708405101,376.293146710783,384.271382673581,6,0,0,6,1,273196.110320712,432681.032818458,6367634.87400541,10063224.8427097,17004345.8274986,8245544.77506348,15396413.0764059,20611329.4380924
FT4364,1017.72887935829,1017.72887935829,1017.72887935829,3088.4313819864,3088.4313819864,3088.4313819864,1,1,0,0,1,6917580.62491328,1680.73986783367,68790.2775077282,14961.846705225,3825.10904886743,9209.06605739231,10107.467076172,23746.8416650563
FT4365,1018.32219793646,1018.32193647156,1018.3225476235,381.031699985498,376.293146710783,381.997738569819,6,0,0,6,1,122598.598950723,167863.558115432,2539203.37000781,4182660.98344652,7041941.8654064,3303694.36392748,7031774.64133228,8703837.40913315
FT4366,1018.55024760303,1018.55024760303,1018.55024760303,2027.43544008616,2027.43544008616,2027.43544008616,1,1,0,0,1,810637.830837792,1361.41296265039,0,0,0,0,0,0
FT4367,1018.73120495897,1018.73120495897,1018.73120495897,3088.4313819864,3088.4313819864,3088.4313819864,1,1,0,0,1,4432562.03081906,1105.10544169716,40714.0871538532,3048.20040113911,2103.30524885817,3225.17027974937,3061.62270804216,10207.6270927696
FT4368,1018.86932951979,1018.86932951979,1018.86932951979,3199.81061902733,3199.81061902733,3199.81061902733,1,0,1,0,1,3248.33070160613,889727.094580072,0,70212.993830762,14904.6361977809,0,15927.3110464044,2413.55619823976
FT4369,1019.32540156472,1019.32465152335,1019.32601145525,381.031699985498,377.864759694193,383.760154073216,4,0,0,4,1,5352.96634203573,7939.95268089074,165151.878118306,420829.475939683,681330.330919042,421198.93378125,1141275.95585046,950832.726304322
FT4370,1019.29761502466,1019.29704420681,1019.2981858425,139.527536953758,139.115394241513,139.939679666003,2,1,0,1,1,7910785.11330636,178875.307518081,111042.94990148,154735.990360391,89475.5595730353,3388620.98365171,178974.984871551,145241.58830281
FT4371,1019.55344063923,1019.55344063923,1019.55344063923,2027.43544008616,2027.43544008616,2027.43544008616,1,1,0,0,1,398249.397181263,0,0,0,0,0,0,0
FT4372,1019.7355921254,1019.7355921254,1019.7355921254,3088.4313819864,3088.4313819864,3088.4313819864,1,1,0,0,1,1290174.15401535,890.486698380907,8967.6444723061,2542.92980593889,0,0,2005.25921510606,0
FT4373,1019.87281798792,1019.87281798792,1019.87281798792,3199.81061902733,3199.81061902733,3199.81061902733,1,0,1,0,1,3226.9332997637,599225.392403843,1680.79017185552,47387.4248025312,8145.79935963923,0,4216.40155617184,0
FT4374,1020.30106580062,1020.30046520173,1020.30166639951,139.527536953758,139.115394241513,139.939679666003,2,1,0,1,1,3177318.07570313,72773.1667687972,9766.7850724053,63638.2794169907,5560.34678457029,1278871.6115321,85260.2680343151,51084.245777053
FT4375,1021.30251895713,1021.30251895713,1021.30251895713,139.115394241513,139.115394241513,139.115394241513,1,1,0,0,1,559255.481662898,5067.04510425023,0,0,14512.1939280677,33512.36744975,0,0
FT4376,1021.44926853722,1021.44926853722,1021.44926853722,1706.55773565606,1706.55773565606,1706.55773565606,1,1,0,0,1,104595.621524048,0,0,0,0,0,0,0
FT4377,1021.53942898869,1021.53942898869,1021.53942898869,3228.21555919744,3228.21555919744,3228.21555919744,1,1,0,0,1,2097884.42439412,0,25569.7870882668,3385.97865708373,0,0,0,1130.8511442828
FT4378,1021.70076771888,1021.70076771888,1021.70076771888,2971.72352501174,2971.72352501174,2971.72352501174,1,1,0,0,1,307219.408710945,0,0,0,0,0,0,0
FT4379,1022.54295556269,1022.54295556269,1022.54295556269,3230.24747199582,3230.24747199582,3230.24747199582,1,1,0,0,1,1038754.56524062,0,5996.02434270618,0,0,1988.26279257222,0,2763.28802319408
FT4380,1022.70408302809,1022.70408302809,1022.70408302809,2971.72352501174,2971.72352501174,2971.72352501174,1,1,0,0,1,217743.362500005,0,0,0,0,0,0,0
FT4381,1023.22522781253,1023.21926949027,1023.28367406032,138.131800196781,136.217679056572,154.923384779972,3,1,0,1,1,1949266.80156822,5989.54934872538,139883.977805566,117423.89120142,44125.5526505592,162530.872453052,70607.049011583,54363.5177362033
FT4382,1023.27924961588,1023.27924961588,1023.27924961588,1207.95356297745,1207.95356297745,1207.95356297745,1,1,0,0,1,173411.846721541,0,0,0,0,0,6099.58619405269,0
FT4383,1023.55570110831,1023.55570110831,1023.55570110831,3287.84172022218,3287.84172022218,3287.84172022218,1,1,0,0,1,505924.355924807,0,9606.55207361599,1315.28533465635,1079.05799922152,1757.40161177533,1314.74046269753,2547.1141958091
FT4384,1023.59366426013,1023.59366426013,1023.59366426013,3135.24610778132,3135.24610778132,3135.24610778132,1,1,0,0,1,1070288.52640824,0,34549.0540447705,0,0,4282.01593674391,1491.70675042219,2095.32618700508
FT4385,1023.67171790275,1023.67167792216,1023.67175788333,2911.06776329823,2910.913020295,2911.22250630147,2,0,1,1,1,95086.6061388972,176290.20670388,191119.408749634,140496.332375524,179106.277865805,174602.637366311,187513.674924016,169136.499756828
FT4386,1024.22727267708,1024.22727267708,1024.22727267708,136.217679056572,136.217679056572,136.217679056572,1,1,0,0,1,510221.970380441,0,31362.9345405148,20770.9505647356,4958.29480512602,48092.412237699,0,7581.82727414807
FT4387,1024.59678215843,1024.59678215843,1024.59678215843,3135.24610778132,3135.24610778132,3135.24610778132,1,1,0,0,1,500046.470357516,0,10301.7313639417,0,0,0,0,0
FT4388,1025.29990154946,1025.29422408695,1025.34559755127,153.766843103009,107.321617575366,156.352480691913,11,1,1,5,1,16719162.458155,1800248.84173177,3479794.86181439,2226102.78801693,499041.592217143,7973395.42486231,1903992.10656186,1047769.36247607
FT4389,1025.57094681189,1025.57094681189,1025.57094681189,3397.52559120982,3397.52559120982,3397.52559120982,1,1,0,0,1,312424.125421697,0,12288.5885825606,0,0,3595.37454795559,0,0
FT4390,1025.60926267442,1025.60926267442,1025.60926267442,3160.42176763429,3160.42176763429,3160.42176763429,1,1,0,0,1,556869.587556424,1295.11327906634,18578.1787824364,1536.38828579888,0,2641.21351195667,1385.18716574201,0
FT4391,1026.30761363981,1026.30373805982,1026.31298599296,154.939967903402,127.169817652873,156.352480691913,6,1,1,3,1,7227846.69803638,652862.504032471,1284234.03135899,771105.643848714,205448.651748645,3320124.87222029,630863.819080742,280390.786805048
FT4392,1026.40533927584,1026.39596799442,1026.41471055727,1984.56331519524,1976.38635965014,1992.74027074033,2,1,0,0,1,120998.564190849,0,1087.47871071258,0,0,0,0,0
FT4393,1026.63662866876,1026.63236141896,1026.64089591855,1645.96437800858,1633.34214681215,1658.58660920501,2,1,0,0,1,96673.7952387146,0,0,0,0,0,7865.47443529156,0
FT4394,1026.76378723288,1026.76378723288,1026.76378723288,3039.42307083599,3039.42307083599,3039.42307083599,1,1,0,0,1,204534.310356445,0,0,0,0,0,0,0
FT4395,1026.69413083327,1026.69413083327,1026.69413083327,1225.48676015036,1225.48676015036,1225.48676015036,1,1,0,0,1,114176.72046875,0,0,6581.8603872069,0,0,0,50014.4602373905
FT4396,1026.85218851483,1026.85218851483,1026.85218851483,1349.47209737363,1349.47209737363,1349.47209737363,1,1,0,0,1,141017.766447754,0,6752.92206446613,6599.84731638028,0,9477.95731400047,9455.12251164528,0
FT4397,1026.8133446807,1026.8133446807,1026.8133446807,1517.08949886014,1517.08949886014,1517.08949886014,1,1,0,0,1,165112.189869791,6046.33190693537,13720.1664580951,0,0,0,12979.1351654494,7756.32400900751
FT4398,1027.30176760194,1027.29768812827,1027.35668874053,154.923384779972,74.9436838202063,156.352480691913,7,1,1,3,1,6445024.65902132,503984.528976379,1203826.07514902,581030.541557454,306853.237857834,2914920.39415296,369088.318900694,271136.05426527
FT4399,1027.58592934419,1027.58579662616,1027.58599509933,3550.75488651509,3528.65786986322,3561.0667128584,3,1,0,0,1,5136455.70610057,1528.67154150556,102315.068053586,16460.4876996443,4923.06356368371,36018.0047256016,13548.4106801188,23758.2673223896
FT4400,1028.30265129329,1028.3008855506,1028.30319076794,154.923384779972,154.675715644278,156.051491701007,3,1,0,2,1,2352481.38755851,98686.0536918966,336057.889445648,153212.548256091,39139.8126493711,874636.663108399,151354.081270074,16066.4425790232
FT4401,1028.58941078241,1028.58941078241,1028.58941078241,3546.89583377113,3546.89583377113,3546.89583377113,1,1,0,0,1,4882579.64502858,6786.76449528191,212398.508472991,37863.6402350362,6761.30527604692,89125.0370627159,24279.8111343624,60556.4881049015
FT4402,1031.58358769822,1031.58358769822,1031.58358769822,2942.16322525444,2942.16322525444,2942.16322525444,1,1,0,0,1,2403440.93174139,7644.33581363943,194841.810072319,30423.025737769,7018.46508979297,18625.6216770939,21356.1254372752,41657.1643297305
FT4403,1032.84856101471,1032.84856101471,1032.84856101471,3193.96526645308,3193.96526645308,3193.96526645308,1,1,0,0,1,306533.740527689,0,9124.61304227225,0,1091.48717844318,1872.89607736065,0,0
FT4404,1033.19059296503,1033.19059296503,1033.19059296503,1588.89548396791,1588.89548396791,1588.89548396791,1,1,0,0,1,245530.121117623,0,0,0,9134.93648586735,0,0,0
FT4405,1033.55500621201,1033.55500621201,1033.55500621201,3343.82349366863,3343.82349366863,3343.82349366863,1,1,0,0,1,784470.628949503,0,23224.4274458676,4006.29606423756,2665.97407752256,2005.46525456797,1064.14657267995,3516.96891173974
FT4406,1033.55512762707,1033.55512762707,1033.55512762707,3123.0155856685,3123.0155856685,3123.0155856685,1,1,0,0,1,467007.52735737,0,10613.5505154111,0,0,0,0,0
FT4407,1033.85176172219,1033.85176172219,1033.85176172219,3191.75079251561,3191.75079251561,3191.75079251561,1,1,0,0,1,128353.683075086,0,0,0,0,0,1840.44875422671,0
FT4408,1034.55833656416,1034.55833656416,1034.55833656416,3123.0155856685,3123.0155856685,3123.0155856685,1,1,0,0,1,179275.145826295,0,7572.18259601336,0,0,0,0,0
FT4409,1035.26628460221,1035.26628460221,1035.26628460221,1033.37324410336,1033.37324410336,1033.37324410336,1,0,1,0,1,8065.34038017622,248838.929637452,179289.006334871,166904.89379546,255584.835734149,172198.167337566,222181.306607992,197809.589047613
FT4410,1035.32934136628,1035.3178877451,1035.33028740408,155.675461789705,125.34332004618,199.07445818839,14,1,1,6,1,20877227.4249948,8050682.76833387,6362318.10243286,4558222.47254004,7015248.49446497,23750135.991225,7009863.04360714,7520498.03655892
FT4411,1036.33273354819,1036.33155845628,1036.33303100446,156.20198619646,154.60168176728,198.021715446805,10,1,1,5,1,8489728.85955729,3208961.93555548,2428026.45056091,1715130.09107959,2351462.54402467,9413430.31447501,2858609.18243378,503106.975133269
FT4412,1037.33478137621,1037.33360237755,1037.33515321233,154.923384779972,154.675715644278,154.956551026831,3,1,1,1,1,1670151.98842684,570676.964432896,170399.058690385,132143.162152065,51374.8104038802,1594325.75595121,32236.6670614994,77529.8725933864
FT4413,1038.3235122247,1038.32296568476,1038.32405876464,154.799550212125,154.675715644278,154.923384779972,2,1,0,1,1,963015.233553205,2854.07277106925,4003.47158331669,4784.07412800537,0,666517.808900635,5840.04705103509,0
FT4414,1038.81257114264,1038.81199449432,1038.81314779096,154.799550212125,154.675715644278,154.923384779972,2,1,0,1,1,389907.431878732,15428.8916237556,6173.30870762789,0,0,149407.587296448,5518.84580691173,4953.72755992924
FT4415,1039.23992415323,1039.20668009281,1039.25069397766,1205.36406834772,1204.24005922949,1208.56478080046,6,1,1,2,1,130643928.019113,454432.227650926,520215.467357732,647172.538593748,42266.4682459478,864466.000292405,0,0
FT4416,1039.74212452861,1039.74212452861,1039.74212452861,1204.24005922949,1204.24005922949,1204.24005922949,1,1,0,0,1,2554391.00362396,0,0,0,0,0,0,0
FT4417,1040.24310825652,1040.20884404575,1040.25473422823,1205.36406834772,1204.24005922949,1208.56478080046,6,1,1,2,1,71434797.4194093,242407.283261716,219038.743899276,285909.818377969,33951.3685533171,388391.74179695,7886.56945901373,0
FT4418,1040.33451326945,1040.33386735959,1040.33515917932,137.174739626676,136.217679056572,138.131800196781,2,1,0,1,1,1133631.20974386,63214.9553785291,59190.6121500102,49071.6861431414,54078.7775825448,187830.59477073,127876.445052265,42314.9267002942
FT4419,1040.74528524431,1040.74528524431,1040.74528524431,1204.24005922949,1204.24005922949,1204.24005922949,1,1,0,0,1,482147.377656249,6017.76916391044,0,0,0,0,0,0
FT4420,1040.83847685882,1040.83847685882,1040.83847685882,3074.64851542181,3074.64851542181,3074.64851542181,1,1,0,0,1,797972.55605565,0,12927.4910754241,0,0,0,0,2036.15727686213
FT4421,1041.23940057822,1041.23940057822,1041.23940057822,1204.24005922949,1204.24005922949,1204.24005922949,1,1,0,0,1,16592179.1379355,28893.8702691073,21173.0696583852,73143.1138413377,13815.2306740498,76590.068505659,0,0
FT4422,1041.33718858156,1041.33718858156,1041.33718858156,136.217679056572,136.217679056572,136.217679056572,1,1,0,0,1,419194.614784757,17254.7003146017,16890.167270253,16532.7635319572,0,67147.6031237009,39531.1855926454,0
FT4423,1041.72759891029,1041.72759891029,1041.72759891029,3106.28233350258,3106.28233350258,3106.28233350258,1,1,0,0,1,1112072.15693389,0,8724.00759481973,0,0,0,0,0
FT4424,1041.84193369158,1041.84193369158,1041.84193369158,3074.64851542181,3074.64851542181,3074.64851542181,1,1,0,0,1,450497.862640381,0,5249.57734224857,0,0,0,0,0
FT4425,1042.24951894677,1042.24951894677,1042.24951894677,1204.24005922949,1204.24005922949,1204.24005922949,1,1,0,0,1,2820458.19296178,0,0,0,0,9446.24339119247,15253.6008917446,0
FT4426,1042.73117098371,1042.73117098371,1042.73117098371,3103.8963491488,3103.8963491488,3103.8963491488,1,1,0,0,1,729444.097730521,0,0,0,0,0,0,0
FT4427,1043.25187670192,1043.25187670192,1043.25187670192,1204.24005922949,1204.24005922949,1204.24005922949,1,1,0,0,1,498991.475746632,0,0,0,0,0,0,0
FT4428,1043.31149682769,1043.3113932302,1043.31160042517,114.793200687037,111.597925043679,117.988476330395,2,0,1,1,1,119021.620144704,204150.892764151,99485.3743512139,153650.494935006,95644.3204220136,456811.912587706,91727.3373912524,113896.61050117
FT4429,1043.58124169069,1043.58124169069,1043.58124169069,3170.54516993433,3170.54516993433,3170.54516993433,1,1,0,0,1,635991.938320925,0,75066.7387847319,3735.56545876624,0,14130.7946743301,4391.69891527176,5287.22345670373
FT4430,1043.73926780399,1043.73926780399,1043.73926780399,3101.20761869709,3101.20761869709,3101.20761869709,1,1,0,0,1,5887401.25436787,0,0,0,1497.57719781464,1474.53947784395,0,0
FT4431,1043.85484295342,1043.85484295342,1043.85484295342,727.503347046773,727.503347046773,727.503347046773,1,0,1,0,1,0,198212.004635242,60184.7058406717,59547.7221701766,90099.9284164268,91258.1877226203,17403.8227419761,27346.187558566
FT4432,1044.58456696712,1044.58456696712,1044.58456696712,3170.54516993433,3170.54516993433,3170.54516993433,1,1,0,0,1,342421.694125074,0,39405.4911973267,0,0,0,0,3476.36460413939
FT4433,1044.74662529275,1044.74662529275,1044.74662529275,3101.20761869709,3101.20761869709,3101.20761869709,1,1,0,0,1,3788686.3620978,0,16430.9212543162,4544.8959711526,0,0,0,2233.15869906882
FT4434,1045.34995537218,1045.34995537218,1045.34995537218,984.086676352125,984.086676352125,984.086676352125,1,1,0,0,1,571518.449745118,0,0,0,0,0,0,0
FT4435,1045.75650898363,1045.75265198388,1045.76036598338,3122.73744166381,3101.20761869709,3144.26726463053,2,1,0,0,1,1185616.81592331,0,0,0,0,0,0,0
FT4436,1046.3532053377,1046.3532053377,1046.3532053377,984.086676352125,984.086676352125,984.086676352125,1,1,0,0,1,249875.268580119,0,4406.18413446758,0,0,0,0,6303.03607783585
FT4437,1046.63080853569,1046.63070349112,1046.63091358026,3062.89860554886,3061.73988987701,3064.05732122072,2,1,0,1,1,1133454.54420856,86530.1510229246,288653.753144534,170004.668064601,113592.532451358,209734.031330203,89355.7162244033,141751.953209541
FT4438,1047.32981954475,1047.3293506638,1047.36570782508,377.987524148666,355.52183834245,385.805955231829,6,0,0,5,1,59143.0651629578,64890.5786901004,831402.896886758,1226442.9495647,2051066.4550538,978214.509556085,2051413.55008541,2794712.83724101
FT4439,1047.63439954102,1047.63439954102,1047.63439954102,3064.05732122072,3064.05732122072,3064.05732122072,1,1,0,0,1,566878.298843095,51432.4791634975,139369.991031222,67804.9324683627,58658.3681828901,114520.113743117,35412.9036828388,70025.3957388852
FT4440,1048.33352145011,1048.33301766049,1048.33355644353,376.549524445232,373.764595780752,378.114841055879,3,0,0,3,1,15523.3063375178,29116.1010849333,299782.330333084,480750.567176914,775082.447061707,366922.404729553,702162.090529657,920830.037784817
FT4441,1048.33656068222,1048.33620367116,1048.33691769329,153.879323082829,153.08293052138,154.675715644278,2,1,0,1,1,295028.004315085,31147.1390377847,8811.53980806412,5280.51425925893,0,179973.939817383,0,22666.0046219417
FT4442,1048.83833857454,1048.83804182633,1048.83863532275,154.799550212125,154.675715644278,154.923384779972,2,1,0,1,1,226696.578249443,12161.1132926516,4199.44565966077,0,0,153804.070095566,6230.89401434093,6364.40924372244
FT4443,1049.16440894458,1049.16440894458,1049.16440894458,1588.89548396791,1588.89548396791,1588.89548396791,1,1,0,0,1,217677.692411025,0,0,0,0,0,0,6251.10670700256
FT4444,1049.57039363449,1049.57036716909,1049.57042009989,3351.56278483384,3347.65989620872,3355.46567345897,2,1,0,1,1,12777952.2980819,29619.4649393633,525282.886620006,126754.892640102,41777.0065978096,122999.362185145,67785.9300614865,123690.714003007
FT4445,1049.72402713984,1049.72398721559,1049.72416738349,2966.58268836496,2965.90205668511,2969.34571361896,3,0,1,2,1,139586.922590479,207420.939463703,219776.626051953,280520.169027372,248276.945513553,290358.088518885,210515.405419923,249203.61469595
FT4446,1050.23173563817,1050.23173563817,1050.23173563817,1204.24005922949,1204.24005922949,1204.24005922949,1,1,0,0,1,798998.692187509,6425.77152155382,0,0,0,0,0,0
FT4447,1050.57381225695,1050.57379183292,1050.57383268098,3351.56278483384,3347.65989620872,3355.46567345897,2,1,0,1,1,7371797.91288505,13146.2484933478,213293.172817992,65673.6876347788,18458.7425081445,86482.1333339615,33870.4515598029,74184.2655977523
FT4448,1050.73342669994,1050.73342669994,1050.73342669994,1204.24005922949,1204.24005922949,1204.24005922949,1,1,0,0,1,824661.965396404,6533.4690079869,0,0,0,0,0,0
FT4449,1051.23509057168,1051.23509057168,1051.23509057168,1204.24005922949,1204.24005922949,1204.24005922949,1,1,0,0,1,386177.301054687,0,0,0,0,0,0,0
FT4450,1051.39144158755,1051.39144158755,1051.39144158755,1987.59131455626,1987.59131455626,1987.59131455626,1,1,0,0,1,128638.78440625,0,0,0,0,0,0,0
FT4451,1051.57700331198,1051.57700331198,1051.57700331198,3347.65989620872,3347.65989620872,3347.65989620872,1,1,0,0,1,2052195.02278189,0,73472.2322747775,10753.4745343906,1138.28995359251,12391.5049923956,5054.21168927081,9675.34493317966
FT4452,1053.27677475627,1053.27660819237,1053.27694132018,992.13420115938,991.571256272013,992.697146046748,2,0,1,1,1,93552.5798930536,1168060.34186021,721738.116962401,687337.541953093,707785.101065393,606563.445073237,681829.96456679,671379.433174318
FT4453,1055.23541743571,1055.23541743571,1055.23541743571,1205.90464804101,1205.90464804101,1205.90464804101,1,1,0,0,1,199651.225722658,6119.24643154711,0,0,0,0,1072.96877048274,0
FT4454,1057.25320613411,1057.25320613411,1057.25320613411,139.115394241513,139.115394241513,139.115394241513,1,1,0,0,1,340244.57477171,0,0,11699.3627123295,3432.50236603988,128588.741673935,0,0
FT4455,1057.32340567626,1057.32340567626,1057.32340567626,1209.65432949276,1209.65432949276,1209.65432949276,1,1,0,0,1,491353.870926339,0,0,0,18083.6333967929,0,0,0
FT4456,1057.72250704059,1057.72241323041,1057.72260085076,3025.93943110128,3002.99643045688,3048.88243174569,2,1,0,0,1,382877.060087314,0,0,0,0,0,0,0
FT4457,1057.79701006827,1057.79701006827,1057.79701006827,3327.05109690794,3327.05109690794,3327.05109690794,1,1,0,0,1,1284584.88268123,0,0,2590.79409746085,0,1127.57546860157,0,1119.65031901886
FT4458,1058.21855518614,1058.21855518614,1058.21855518614,1204.24005922949,1204.24005922949,1204.24005922949,1,1,0,0,1,383217.80504883,0,0,0,0,0,0,0
FT4459,1058.32693769305,1058.32693769305,1058.32693769305,1211.6893071022,1211.6893071022,1211.6893071022,1,1,0,0,1,257510.734617921,6901.99567230722,11572.6539838839,0,7871.76244514019,0,0,0
FT4460,1058.4456693651,1058.4456693651,1058.4456693651,2664.31586389735,2664.31586389735,2664.31586389735,1,1,0,0,1,375926.985851613,21365.0483480364,29394.3031984318,27064.9014245671,17382.8029585208,34435.860713694,31922.6627727154,35002.3724995808
FT4461,1058.72011444229,1058.72011444229,1058.72011444229,1204.24005922949,1204.24005922949,1204.24005922949,1,1,0,0,1,463791.255937499,0,0,0,0,0,0,0
FT4462,1058.80075189995,1058.80075189995,1058.80075189995,3327.05109690794,3327.05109690794,3327.05109690794,1,1,0,0,1,753652.346076466,0,1112.79705211723,1285.62897394152,0,0,0,0
FT4463,1058.86456352128,1058.86456352128,1058.86456352128,3205.8615559955,3205.8615559955,3205.8615559955,1,1,0,0,1,533012.099651137,0,1494.02579780527,0,0,0,0,0
FT4464,1059.22210000384,1059.22210000384,1059.22210000384,1204.24005922949,1204.24005922949,1204.24005922949,1,1,0,0,1,199999.085,0,0,0,0,6849.36713776771,0,0
FT4465,1059.32924330829,1059.32917676123,1059.32950803855,664.876052791332,640.68679024448,717.756098886508,4,1,0,1,1,818328.069679024,28999.672309585,184023.151935648,235247.029123223,268357.751133047,223488.101046056,501588.953102223,423123.778400356
FT4466,1059.36217415027,1059.36217415027,1059.36217415027,1153.85406293706,1153.85406293706,1153.85406293706,1,1,0,0,1,3652662.58129883,0,0,14034.5963399853,15291.5075409785,7845.93907032807,0,44069.6486820867
FT4467,1059.77569239826,1059.77569239826,1059.77569239826,3135.24610778132,3135.24610778132,3135.24610778132,1,1,0,0,1,517211.766337143,0,0,2150.91606601487,0,0,0,1679.50133559943
FT4468,1059.86810582236,1059.86810582236,1059.86810582236,3205.8615559955,3205.8615559955,3205.8615559955,1,1,0,0,1,356858.609322266,0,0,0,1557.70283083573,0,1399.72673544331,1919.21356661439
FT4469,1059.94246214552,1059.94218113117,1059.94265191962,48.1975897312506,46.909710284462,49.4479843215045,3,0,0,3,1,6853.81239480562,8244.7812038154,60539.7980881266,187576.404707522,270533.747822647,157019.562203057,272655.130649664,291646.551171186
FT4470,1060.33265298767,1060.33265298767,1060.33265298767,717.756098886508,717.756098886508,717.756098886508,1,1,0,0,1,329067.61708081,13189.9238428653,7900.29653180315,49802.326439627,39844.9673369077,60557.6203787184,35826.6372796999,52625.6678885875
FT4471,1060.36912018837,1060.36912018837,1060.36912018837,1153.85406293706,1153.85406293706,1153.85406293706,1,1,0,0,1,1487019.10717773,0,0,0,8704.48777242,0,0,0
FT4472,1060.52044751164,1060.44393847827,1060.52122696054,48.8747876385216,47.4639344076242,50.9796887570581,6,0,0,4,1,1157.28177800117,65868.0138032892,98030.3597554405,148964.290248678,151375.036192969,165936.173949902,214251.794642871,225135.809817578
FT4473,1060.56499760098,1060.56499760098,1060.56499760098,2052.83644299037,2052.83644299037,2052.83644299037,1,1,0,0,1,332959.691232418,0,0,0,0,0,0,0
FT4474,1060.77903290383,1060.77903290383,1060.77903290383,3135.24610778132,3135.24610778132,3135.24610778132,1,1,0,0,1,337606.083943093,0,1439.51519962695,0,0,0,0,0
FT4475,1060.85484721364,1060.85481836082,1060.8553824132,50.743990155536,49.5519855457926,51.6741532759873,3,0,0,3,1,9455.67054468268,59380.8855589565,99067.203258142,197401.832545418,293242.856677856,245810.991854648,250067.657743663,228958.177299842
FT4476,1061.19221601445,1061.19207286635,1061.19281435249,49.4852966943336,48.1975897312506,50.9796887570581,7,0,1,6,1,36689.010277855,296267.591014535,424853.252307568,789553.919983206,1145770.37317477,780577.960417324,1003241.95861109,1072043.79952915
FT4477,1061.22272400892,1061.22272400892,1061.22272400892,1204.24005922949,1204.24005922949,1204.24005922949,1,1,0,0,1,2306841.51741072,23203.9350433132,9694.64446257313,0,0,17104.2928275982,0,0
FT4478,1061.34515877043,1061.34501497464,1061.3452774358,852.064293611673,850.996678323632,853.682046922809,4,0,0,4,1,12479.2696219021,262010.876129885,645771.960493605,1102869.14314507,714785.404164246,439927.937806247,495279.337791991,475704.702477877
FT4479,1061.3731890718,1061.3731890718,1061.3731890718,1153.85406293706,1153.85406293706,1153.85406293706,1,1,0,0,1,132890.528769531,0,0,0,0,0,0,0
FT4480,1061.52673274939,1061.52647909766,1061.52723314033,49.4852966943336,47.4639344076242,51.360400207882,7,0,1,6,1,45084.4381912525,377167.600730257,660478.013208862,1042430.50816252,1499263.83254187,1026130.99524739,1359700.68340484,1328950.57834592
FT4481,1061.56836449782,1061.56836449782,1061.56836449782,2052.83644299037,2052.83644299037,2052.83644299037,1,1,0,0,1,227770.501492513,0,4809.26102553404,0,0,0,0,0
FT4482,1061.75534824109,1061.75534824109,1061.75534824109,3092.11201910467,3092.11201910467,3092.11201910467,1,1,0,0,1,371932.226125489,0,0,0,1875.65090264866,0,0,1081.22985680956
FT4483,1061.86084793786,1061.86068292937,1061.86145574261,49.4479843215045,47.4639344076242,50.743990155536,7,0,1,6,1,29224.8447164091,273152.512583426,460286.628661655,769401.359278447,1045711.99246172,776948.938188105,944344.613961621,1043801.96357599
FT4484,1061.84682408843,1061.84679020711,1061.84688168303,853.130386794469,852.559949658403,855.534273318365,4,0,0,4,1,13516.9054138208,176194.559996138,488671.595084021,982051.188351261,543301.351566462,384233.772831483,451838.655805067,379690.827474439
FT4485,1062.19511748873,1062.19482935054,1062.19572121012,49.4479843215045,47.4639344076242,50.743990155536,7,0,1,6,1,21504.5412560281,133311.1254262,205524.129841531,401223.566349023,595063.117679297,394720.800790088,506565.681753853,566906.890908887
FT4486,1062.22597531319,1062.22597531319,1062.22597531319,1204.24005922949,1204.24005922949,1204.24005922949,1,1,0,0,1,1082974.47265324,14175.2590359994,0,0,0,11770.7073789316,0,0
FT4487,1062.52915850455,1062.52872888475,1062.52978289339,48.2087301498629,47.4639344076242,49.5519855457926,4,0,0,4,1,3771.35223520563,43539.5123377291,72720.3629866627,65684.624677138,224456.807346533,116763.490491937,128292.91608375,224770.229920703
FT4488,1063.55050930674,1063.55050930674,1063.55050930674,3120.07010221638,3120.07010221638,3120.07010221638,1,1,0,0,1,269715.212208533,0,17046.7224937312,1662.526735747,0,0,0,6250.75449933684
FT4489,1064.19404795638,1064.19381342117,1064.19465790857,51.6741532759873,50.9428206292685,53.2974331905768,7,0,1,6,1,72272.2299215795,610121.176546875,689740.352958594,815357.494833106,1134309.14885454,838537.018804599,924792.914417614,1183674.77041205
FT4490,1064.69588093235,1064.69558683373,1064.69647070664,51.371957407427,50.9428206292685,53.2974331905768,7,0,1,6,1,54969.0064629144,457359.678234375,545649.864962412,682722.301609219,876475.816665312,657776.813168013,715099.231379261,881978.563325805
FT4491,1065.19721971406,1065.19698382468,1065.19780529553,51.5172767419347,50.743990155536,52.3566508440076,6,0,0,6,1,9239.20409638928,211048.782392173,238433.999641862,206096.641731852,318780.967945781,255953.044920508,296404.643331699,385289.130402583
FT4492,1065.34008993964,1065.33901673023,1065.34024717041,156.352480691913,154.956551026831,157.048849640656,3,1,1,1,1,371267.302017105,460466.66665765,340926.855561434,262947.609701979,66798.0101657252,1145035.8192439,168796.933777059,71106.68465374
FT4493,1065.56602063957,1065.56602063957,1065.56602063957,3110.68414394332,3110.68414394332,3110.68414394332,1,1,0,0,1,289189.296655277,3176.72506719152,72010.8176280656,12558.2848858151,2592.68907589687,14144.1949130774,4160.73545146977,8461.2803199898
FT4494,1066.7028087499,1066.7028087499,1066.7028087499,1201.26427381531,1201.26427381531,1201.26427381531,1,1,0,0,1,107124.65730957,0,0,0,0,0,0,0
FT4495,1069.29060694095,1069.28705122669,1069.29110618662,377.332182750555,373.764595780752,381.769329570038,4,0,0,4,1,21640.8136497316,1712.88468139259,262496.91740677,503460.045808771,676101.48655476,432279.454696042,759465.832316407,1452525.13526001
FT4496,1069.38227172768,1069.38227172768,1069.38227172768,1768.45108704544,1768.45108704544,1768.45108704544,1,1,0,0,1,182120.000080078,31537.0627526189,0,0,5755.13775532464,0,0,0
FT4497,1071.23003690096,1071.23003690096,1071.23003690096,1110.72147975254,1110.72147975254,1110.72147975254,1,1,0,0,1,545830.38885298,0,0,9129.70133239064,0,8337.40885436724,0,0
FT4498,1071.39721154312,1071.39721154312,1071.39721154312,1205.90464804101,1205.90464804101,1205.90464804101,1,1,0,0,1,385877.334178062,0,0,0,0,0,0,0
FT4499,1072.23328375325,1072.23328375325,1072.23328375325,1110.72147975254,1110.72147975254,1110.72147975254,1,1,0,0,1,284472.591117621,0,0,0,0,0,0,0
FT4500,1072.40016826791,1072.40016826791,1072.40016826791,1209.65432949276,1209.65432949276,1209.65432949276,1,1,0,0,1,135544.121146648,0,0,0,7250.19741482994,0,0,0
FT4501,1073.3814707948,1073.3814707948,1073.3814707948,1390.63788001598,1390.63788001598,1390.63788001598,1,1,0,0,1,5706963.04643749,0,0,0,0,0,0,69186.1561667115
FT4502,1074.38486885914,1074.38486885914,1074.38486885914,1390.63788001598,1390.63788001598,1390.63788001598,1,1,0,0,1,2486278.02789583,5336.53592440638,0,0,0,0,0,8242.84069204803
FT4503,1075.38758062914,1075.38758062914,1075.38758062914,1390.63788001598,1390.63788001598,1390.63788001598,1,1,0,0,1,368332.95307617,0,0,0,0,0,0,6057.74461048812
FT4504,1075.30138538678,1075.30138538678,1075.30138538678,111.597925043679,111.597925043679,111.597925043679,1,0,1,0,1,24342.3406733497,243283.073107832,128833.282367493,141084.231804405,140473.8868068,123333.014441934,121389.282321153,122483.283886732
FT4505,1077.19356634855,1077.19356634855,1077.19356634855,1204.24005922949,1204.24005922949,1204.24005922949,1,1,0,0,1,1283287.30860954,0,0,0,8767.75127793812,0,0,7505.18543783986
FT4506,1077.34028920407,1077.33993549118,1077.3406024943,610.375430147724,567.007875033657,616.319960196717,5,0,1,2,1,335438.103219381,451080.111119141,598547.322285305,555873.521547979,804732.998814224,729800.595521871,672667.193097717,668450.780954159
FT4507,1077.74907213325,1077.74907213325,1077.74907213325,3000.5576561714,3000.5576561714,3000.5576561714,1,1,0,0,1,323974.846446813,0,0,2732.37381645944,0,0,0,0
FT4508,1078.20017358217,1078.20017358217,1078.20017358217,1204.24005922949,1204.24005922949,1204.24005922949,1,1,0,0,1,610651.7713131,6323.87847822792,0,0,8901.59706438394,0,0,0
FT4509,1078.75234065291,1078.75234065291,1078.75234065291,3000.5576561714,3000.5576561714,3000.5576561714,1,1,0,0,1,135967.808800781,1944.31574355113,0,0,0,0,0,0
FT4510,1079.3194098576,1079.31933153308,1079.31948818212,155.654515859372,154.956551026831,156.352480691913,2,0,1,1,1,137877.138855397,320576.017012207,103357.920169488,63506.400691239,8779.00992158479,370895.665106376,31737.3675893382,7610.51158056603
FT4511,1079.4440724271,1079.4440724271,1079.4440724271,1794.0791929812,1794.0791929812,1794.0791929812,1,1,0,0,1,116458.330184851,0,0,0,0,0,6343.38161007096,0
FT4512,1079.70649210907,1079.70649210907,1079.70649210907,3039.42307083599,3039.42307083599,3039.42307083599,1,1,0,0,1,129793.96605957,1425.24317522264,0,0,0,0,0,0
FT4513,1081.56078960051,1081.56078960051,1081.56078960051,3062.00283356915,3062.00283356915,3062.00283356915,1,1,0,0,1,147843.759960936,0,17358.4912247494,0,0,0,0,2449.06694588419
FT4514,1081.63708079165,1081.56027123462,1081.71389034867,2955.7544694367,2942.16322525444,2969.34571361896,2,1,0,1,1,200464.51779384,1185.03197518888,0,204551.213226471,0,0,1855.34184310459,0
FT4515,1081.72203461872,1081.72203461872,1081.72203461872,3037.74755507375,3037.74755507375,3037.74755507375,1,1,0,0,1,288929.355913628,0,0,0,3914.09780637661,0,0,0
FT4516,1082.33159857858,1082.33159857858,1082.33159857858,510.99512864085,510.99512864085,510.99512864085,1,1,0,0,1,2493567.47215449,261544.235054948,224569.847662984,195437.716188518,101598.497411299,103966.181804067,260147.896275575,128157.153010506
FT4517,1082.75741721708,1082.72537521204,1082.78945922212,3056.19803524778,3037.74755507375,3074.64851542181,2,1,0,0,1,237783.199645182,0,0,0,0,0,0,0
FT4518,1082.83342120741,1082.83342120741,1082.83342120741,512.685228345709,512.685228345709,512.685228345709,1,1,0,0,1,2339349.17228621,257442.74172409,220397.712853884,186737.876914924,123848.965536291,131325.504529271,287945.346127407,173148.103667705
FT4519,1083.25109849421,1083.25092933232,1083.25189034297,815.484137941694,811.078807883524,818.340986392152,5,0,0,5,1,0,459020.70332954,708263.616415871,646541.822215768,465415.008181463,507090.630858333,1128642.62438129,1190398.85063074
FT4520,1083.33000432636,1083.3299697132,1083.33026036493,382.024663162254,380.226694819518,384.271382673581,5,0,0,5,1,2885.86539420203,30971.2963950699,234812.083027955,481594.283551482,1428800.4884765,374003.844210937,929124.320501955,1130210.20132753
FT4521,1083.33485544476,1083.33485544476,1083.33485544476,510.99512864085,510.99512864085,510.99512864085,1,1,0,0,1,1039382.76820929,102774.839634533,68570.7668782174,79689.1941444372,33318.3814342862,33625.9336184693,118433.822354015,41264.2114312261
FT4522,1083.79305582438,1083.79305582438,1083.79305582438,3074.64851542181,3074.64851542181,3074.64851542181,1,1,0,0,1,153836.647355685,0,0,1714.05827542714,0,0,0,0
FT4523,1083.83607202312,1083.83607202312,1083.83607202312,510.99512864085,510.99512864085,510.99512864085,1,1,0,0,1,394690.792347388,25230.4902309099,26132.4037522297,31016.9660056441,16224.9242735333,12852.0653069533,24242.4616625443,3480.18880337461
FT4524,1084.25450671219,1084.25431679027,1084.25509083705,815.826060234233,812.705522297738,824.062409009738,4,0,0,3,1,0,205514.020139012,332471.73293735,290424.682862061,294968.156379691,243581.515981975,319252.686987505,544204.338478541
FT4525,1085.28412715003,1085.28412715003,1085.28412715003,154.923384779972,154.923384779972,154.923384779972,1,1,0,0,1,216121.012541992,11157.8373389602,15994.0483812037,45028.9196032216,26829.7164289755,70529.0211578356,13710.5213066771,11624.3821223652
FT4526,1085.79190657961,1085.79190657961,1085.79190657961,3145.78428098626,3145.78428098626,3145.78428098626,1,1,0,0,1,495819.317566611,0,0,0,0,0,0,0
FT4527,1086.7953033682,1086.7953033682,1086.7953033682,3145.78428098626,3145.78428098626,3145.78428098626,1,1,0,0,1,329173.222363976,0,0,0,0,0,0,0
FT4528,1087.29505530816,1087.29505530816,1087.29505530816,154.923384779972,154.923384779972,154.923384779972,1,1,0,0,1,17783128.367473,5669.40491199059,0,3592.50004081246,0,0,4225.97895809108,6135.62335664669
FT4529,1087.36106443452,1087.36106443452,1087.36106443452,1107.50785706088,1107.50785706088,1107.50785706088,1,1,0,0,1,187522.399622396,0,0,5671.49704548788,0,7748.72497477596,0,0
FT4530,1087.29636108515,1087.29593537383,1087.29841134555,155.299431878404,125.34332004618,195.264333140706,7,1,1,4,1,2316691.94434445,2315435.8133028,3005381.06049103,1823591.414967,0,9710787.10172168,1511712.96298071,0
FT4531,1087.77023160035,1087.77023160035,1087.77023160035,3098.08687320768,3098.08687320768,3098.08687320768,1,1,0,0,1,241933.913941649,0,0,0,0,0,0,0
FT4532,1088.29967029412,1088.29855267656,1088.30463480365,154.939967903402,125.34332004618,156.352480691913,6,1,1,3,1,6932934.78831104,822582.951184213,1001308.1144193,573020.158895019,0,3625445.83097983,0,0
FT4533,1088.7735765922,1088.7735765922,1088.7735765922,3098.08687320768,3098.08687320768,3098.08687320768,1,1,0,0,1,141252.694504395,0,2503.28573170795,0,0,0,0,0
FT4534,1089.30534097413,1089.30534097413,1089.30534097413,154.923384779972,154.923384779972,154.923384779972,1,1,0,0,1,1057587.81032068,48229.3169420916,45874.7160737897,65966.0890517443,6446.22719841584,145643.842784993,9409.17045061915,17984.1858010648
FT4535,1089.58751207087,1089.58751207087,1089.58751207087,1991.23782194589,1991.23782194589,1991.23782194589,1,1,0,0,1,3507279.63017636,0,7550.97984974985,4496.88705344304,0,5946.6521535651,0,50224.044451761
FT4536,1090.59097228168,1090.59097228168,1090.59097228168,1991.23782194589,1991.23782194589,1991.23782194589,1,1,0,0,1,1844004.80819672,0,0,4630.12816189024,0,4440.36944243899,0,38233.8402438146
FT4537,1091.27174950888,1091.27174950888,1091.27174950888,1379.63622040963,1379.63622040963,1379.63622040963,1,1,0,0,1,297369.533654784,0,0,0,0,0,0,0
FT4538,1092.27501990591,1092.27501990591,1092.27501990591,1377.33303044388,1377.33303044388,1377.33303044388,1,1,0,0,1,164552.58571411,0,0,6580.97726063575,6719.97467764154,0,0,0
FT4539,1093.15967266453,1093.15967266453,1093.15967266453,1207.95356297745,1207.95356297745,1207.95356297745,1,1,0,0,1,110897.854945312,0,0,0,0,0,0,0
FT4540,1093.37152687514,1093.37030067356,1093.37171947563,156.38009197043,154.923384779972,157.811450052416,6,1,1,4,1,601659.689322754,846966.428232948,1173665.94611049,461410.341325346,181227.899870806,3924680.38932993,2149934.19689396,512633.776817544
FT4541,1094.37485255899,1094.37372293511,1094.37506915118,156.38009197043,154.923384779972,157.811450052416,6,1,1,4,1,237803.001416016,341172.381212403,502381.554188101,122364.669084822,92011.7924550688,1749623.60937981,813510.440536207,222944.492800691
FT4542,1095.36345878951,1095.35001116612,1095.3769064129,146.285079874242,136.217679056572,156.352480691913,2,1,0,1,1,413001.402149833,0,0,0,0,265958.420130704,0,0
FT4543,1097.79130676187,1097.79130676187,1097.79130676187,3136.3788758745,3136.3788758745,3136.3788758745,1,1,0,0,1,151189.701969327,1357.32084430603,0,0,0,0,0,0
FT4544,1098.34612778188,1098.34497307409,1098.34622993766,130.636271114667,129.106363029655,133.437248715964,5,0,1,4,1,24429.9964317217,514101.449386627,353290.779607625,312731.843313379,327407.488512713,217661.100900275,174401.448814209,218856.874955143
FT4545,1098.84763659165,1098.84677025574,1098.84835809262,131.693225701263,129.800660817629,133.437248715964,7,0,1,6,1,6554.24409715178,448090.399346505,405253.115668262,243171.965182617,297980.971904053,215782.050393132,265939.836990685,126736.446002903
FT4546,1101.37127649005,1101.36572974589,1101.37682323422,1415.65966455633,1411.98787229962,1419.33145681303,2,1,0,1,1,34345653.2572646,10516.2540614571,0,0,0,0,13849.8298119855,388073.263971228
FT4547,1101.34029316261,1101.34029316261,1101.34029316261,946.941089225141,946.941089225141,946.941089225141,1,1,0,0,1,304870.020006836,0,0,0,0,0,6879.47743260503,0
FT4548,1102.37956119649,1102.37956119649,1102.37956119649,1411.98787229962,1411.98787229962,1411.98787229962,1,1,0,0,1,16394666.0764648,0,0,0,0,6269.612511124,7946.85664079981,126665.884403481
FT4549,1102.75171521449,1102.7514196493,1102.75201077969,2979.0661825657,2975.40167374927,2982.73069138213,2,1,0,0,1,407805.456841932,0,4252.91420356315,0,0,0,0,0
FT4550,1103.38194491111,1103.38194491111,1103.38194491111,1413.82273270309,1413.82273270309,1413.82273270309,1,1,0,0,1,3034805.98033668,8725.39592154853,5237.23058455934,5549.43294026132,0,0,0,11347.4266025069
FT4551,1105.31197262692,1105.31193416145,1105.31201109238,114.063433671968,111.597925043679,116.528942300257,2,0,1,1,1,228167.963535964,212590.39866709,122731.683935093,133987.947425606,68838.7726358877,563014.079288407,102931.713054858,69092.8826901767
FT4552,1105.36603831362,1105.36603831362,1105.36603831362,1209.65432949276,1209.65432949276,1209.65432949276,1,1,0,0,1,492225.138750004,0,0,0,0,7627.24777584365,0,0
FT4553,1106.36950133696,1106.36950133696,1106.36950133696,1211.6893071022,1211.6893071022,1211.6893071022,1,1,0,0,1,202804.249258702,6480.47664370912,0,0,0,0,0,0
FT4554,1107.35078282401,1107.34972940043,1107.3508917112,154.799550212125,153.766843103009,156.051491701007,4,1,1,2,1,2993000.11490137,1025728.09221596,455312.66128678,268749.057981089,208995.358904564,2512363.54077689,362304.712071773,200721.639353238
FT4555,1107.35086092994,1107.35057239728,1107.3511665724,657.448627323449,655.073732950182,658.489871077929,4,0,1,3,1,171242.732831731,430033.493919109,692438.293323098,692398.633839845,467972.243388553,722212.970635694,696236.056588318,780922.025873939
FT4556,1108.35424046858,1108.35310507436,1108.35469882187,154.221279373644,153.184355335045,154.923384779972,4,1,1,2,1,1322721.51631034,415824.850817609,138170.294697211,146058.128127612,50005.7945659894,1023251.65364882,136925.527272573,75993.9364631404
FT4557,1109.91927792336,1109.91925161833,1109.91930422839,3083.4040924369,3079.50764233854,3087.30054253525,2,1,0,1,1,338799.448313801,17333.9162935355,121479.529755512,64018.9471675787,44214.1106041507,85941.4093256005,49060.0306961789,57473.5975549177
FT4558,1109.87630192738,1109.87630192738,1109.87630192738,738.703606249765,738.703606249765,738.703606249765,1,0,1,0,1,0,108864.764258355,51261.3841122482,46184.9584227508,66778.6121616656,60217.1748012262,38968.9732784635,30387.8655959903
FT4559,1110.92262661799,1110.92262661799,1110.92262661799,3079.50764233854,3079.50764233854,3079.50764233854,1,1,0,0,1,238203.337933485,0,18018.0669316199,16909.0366767049,2907.01745943221,9430.51568352413,5634.21457889482,9005.50329003922
FT4560,1114.3284291054,1114.3284291054,1114.3284291054,963.091463745023,963.091463745023,963.091463745023,1,1,0,0,1,232311.39975728,0,0,0,0,0,6582.68620961869,0
FT4561,1115.35623543245,1115.35623543245,1115.35623543245,1243.14206148653,1243.14206148653,1243.14206148653,1,1,0,0,1,230365.287984863,0,7606.17446769619,0,0,0,6861.78117586171,0
FT4562,1115.60479949148,1115.60479949148,1115.60479949148,3187.80431282713,3187.80431282713,3187.80431282713,1,1,0,0,1,511063.00882948,0,5365.68561852821,0,0,0,0,2073.82750348284
FT4563,1116.60809247363,1116.60809247363,1116.60809247363,3187.80431282713,3187.80431282713,3187.80431282713,1,1,0,0,1,277872.633338928,0,0,1615.53244090963,0,0,0,0
FT4564,1117.27455951365,1117.27455951365,1117.27455951365,139.115394241513,139.115394241513,139.115394241513,1,1,0,0,1,338863.813861145,0,5091.11937637035,5152.37923040909,0,41127.8248120582,0,6999.43567631904
FT4565,1117.55905310645,1117.55905310645,1117.55905310645,3350.72915947043,3350.72915947043,3350.72915947043,1,1,0,0,1,811900.532185645,1274.49405226867,67130.3086948624,8492.1216728963,1243.53239256607,5477.48684381825,1233.30977060373,11849.5745492506
FT4566,1117.8175273265,1117.8175273265,1117.8175273265,3094.98784727913,3094.98784727913,3094.98784727913,1,1,0,0,1,131603.647386475,0,0,0,0,0,0,0
FT4567,1118.36670313035,1118.36573396886,1118.36694293756,152.781006999939,152.396418683095,153.08293052138,3,1,1,1,1,1729784.72236816,553868.988388707,168269.282193806,139157.165730145,28021.7703862064,1120449.57706377,160868.783286169,54017.6852598002
FT4568,1119.36957478436,1119.33715988272,1119.37012965423,152.931968760659,152.396418683095,153.08293052138,4,1,1,1,1,711068.726543317,210357.963638822,48636.7973216585,51476.457668278,5526.08185658789,416099.532621094,23879.9833383342,7581.52636998337
FT4569,1119.53254441348,1119.53223323367,1119.53275792808,46.909710284462,45.8675344076242,48.1975897312506,3,0,0,3,1,5674.16789422412,37595.985695803,63378.6193072935,107424.580865526,121189.686329687,125047.775402945,155813.100656771,132139.330120964
FT4570,1119.86972990752,1119.86947583934,1119.87067673047,48.5712005168387,47.4639344076242,49.5519855457926,7,0,1,6,1,19677.0754432879,156724.533116536,186135.147791367,499196.758063886,780827.784154687,465771.761079307,661133.304196509,670095.351555522
FT4571,1120.20422612047,1120.20409282384,1120.20510805513,49.4479843215045,47.4639344076242,50.743990155536,7,0,1,6,1,35118.2899292419,173177.414970006,338418.684215552,679438.665242021,978500.050792031,611991.252967773,922931.04864561,920934.047112402
FT4572,1120.41893885332,1120.38247601903,1120.41918644325,154.799550212125,154.60168176728,156.051491701007,6,1,1,3,1,2457702.34975935,739446.130341012,600269.908287877,225914.805931397,34462.6178912956,1183657.96759688,186407.710327144,34888.946941139
FT4573,1120.53864935251,1120.53845136139,1120.53921280874,48.395535542657,47.4639344076242,49.5519855457926,6,0,0,6,1,22834.5190289862,125932.224565069,299486.446658534,543900.55024579,847148.695456875,511378.959196875,737808.561771509,759106.666607272
FT4574,1120.87287872089,1120.87264361699,1120.87365493796,48.2198705684753,47.4639344076242,49.5519855457926,5,0,0,5,1,7424.08729895429,62366.4732919784,123606.607710641,261638.397073546,419733.974413114,304012.599407695,364263.978031885,458764.859980379
FT4575,1121.37688983474,1121.37688983474,1121.37688983474,154.923384779972,154.923384779972,154.923384779972,1,1,0,0,1,221356.079141263,16680.3963147236,0,0,0,58302.4513904991,9535.00983020714,5982.68892784884
FT4576,1121.42246482902,1121.42128959152,1121.42263494054,154.939967903402,154.675715644278,156.051491701007,4,1,1,2,1,1093067.58396955,302361.898282227,221055.122353516,97553.0529441053,5801.82542246584,474347.832143555,82993.2498072033,8013.63248024962
FT4577,1122.42565716051,1122.42565716051,1122.42565716051,153.08293052138,153.08293052138,153.08293052138,1,1,0,0,1,137159.797985433,39067.6806486093,5455.7224784313,6745.36436258747,0,13012.4362188383,7494.37012531697,8805.7067935918
FT4578,1123.33176256578,1123.31869561128,1123.34482952027,132.185233608011,107.321617575366,157.048849640656,2,1,0,1,1,1437261.71335704,8877.81130279648,16417.8632126472,28001.7351075141,7732.49600764383,847662.947497108,5543.32456413411,6122.19717426195
FT4579,1124.33744077999,1124.32664114287,1124.34824041711,132.185233608011,107.321617575366,157.048849640656,2,1,0,1,1,576356.382532861,4110.99862200944,0,5793.32270293813,7135.10559801293,236764.553480149,9380.2983467851,0
FT4580,1128.33920647682,1128.33920647682,1128.33920647682,1201.26427381531,1201.26427381531,1201.26427381531,1,1,0,0,1,275099.764023435,19785.3703526259,21237.1745583662,25493.7482478629,7914.15520966316,8110.99956280223,7968.47066798815,23398.766330605
FT4581,1133.3665028175,1133.36635724654,1133.36669605747,545.396008939134,543.105377368047,546.680088582968,6,0,0,6,1,85332.0741693572,71585.3951693124,814578.027568703,1413950.43064378,2150949.76249213,914591.889065189,2525102.49456217,3074400.3352679
FT4582,1134.36989844797,1134.3697832206,1134.36993260892,544.817894977792,543.105377368047,546.680088582968,3,0,0,3,1,27048.1119399772,18542.7433660809,335863.599172976,562345.655673197,843679.523684143,370204.637630095,1066746.76711268,1324288.03149202
FT4583,1137.21823341892,1137.21823341892,1137.21823341892,1205.90464804101,1205.90464804101,1205.90464804101,1,1,0,0,1,303775.564745208,0,0,0,0,0,0,0
FT4584,1142.37227878518,1142.37190149964,1142.37231322693,866.074466452898,861.285815829213,867.509863480779,3,0,0,3,1,0,111367.553230271,153908.845165283,518121.751021078,286249.944672505,135949.940766983,113225.288450195,189022.248496808
FT4585,1143.63684867157,1143.63684867157,1143.63684867157,3271.8968378703,3271.8968378703,3271.8968378703,1,1,0,0,1,1167876.94979538,1444.87130606807,30771.9239311106,11931.7602740923,3152.9508600689,25756.603966365,0,1348.7310163699
FT4586,1144.64032782022,1144.64032782022,1144.64032782022,3271.8968378703,3271.8968378703,3271.8968378703,1,1,0,0,1,626076.595191656,0,17382.9311226353,3767.79576153878,0,10328.475936673,0,1573.87033430645
FT4587,1145.33295593673,1145.33295593673,1145.33295593673,136.217679056572,136.217679056572,136.217679056572,1,1,0,0,1,571668.346764927,0,5816.08496534149,7058.96448430483,32124.9685929366,8170.11070699561,12456.5939594863,12780.8204479263
FT4588,1146.33622923469,1146.33622923469,1146.33622923469,136.217679056572,136.217679056572,136.217679056572,1,1,0,0,1,231082.984051742,4437.50898223996,17670.9421835887,5233.49586598376,11651.7248850479,3649.54959486609,0,8532.80745916664
FT4589,1151.37750450402,1151.37678301101,1151.37872798526,150.988934695555,147.182541587828,152.781006999939,3,1,0,2,1,2276911.50397034,408059.754594557,356131.102214136,392696.801470979,193804.963132081,1471643.59966963,1268572.139625,507638.306339609
FT4590,1151.37741276703,1151.37728493687,1151.3774190278,696.849623317951,696.328941835302,698.167940838467,3,0,0,3,1,269241.56847111,338180.768329323,1070956.8304248,1000166.85660773,484075.836452641,1994952.24655502,385287.220623341,323701.856608417
FT4591,1151.37828817614,1151.3777195818,1151.37830062313,292.066548026165,282.899092892482,297.604206494347,3,0,0,3,1,220811.492112079,110941.964553719,930429.646673343,1559498.61402052,3151925.62354232,1317559.21378429,3636121.29143123,4642951.69012695
FT4592,1152.21108966136,1152.21072598392,1152.21204534871,50.9796887570581,49.5519855457926,51.6741532759873,7,0,1,6,1,6973.52128979132,129088.144435488,193030.393763818,299039.230959543,421031.934772827,341630.398417969,372295.530316797,393568.068219199
FT4593,1152.38070050035,1152.38062871794,1152.38091926398,698.167940838467,696.849623317951,700.046619530975,3,0,0,3,1,53823.1187517883,127675.683827402,457639.524740337,422359.329558839,177133.21454428,863578.020138867,153493.03728853,110096.748624825
FT4594,1152.38025697123,1152.38025697123,1152.38025697123,150.988934695555,150.988934695555,150.988934695555,1,1,0,0,1,970467.240328124,184255.133393367,147527.005425083,145700.076843029,68139.175271648,562346.031301094,414408.85348686,226679.243313854
FT4595,1152.71288904972,1152.71259477653,1152.71364977028,51.1700444824701,49.5519855457926,53.2974331905768,6,0,0,6,1,20790.7441865237,130644.989569128,191057.436251465,208386.061917318,346715.435902566,280490.847832813,333758.059636632,362197.674255256
FT4596,1155.3515330846,1155.35133177529,1155.35163042109,156.352480691913,156.051491701007,157.544688053395,3,0,1,2,1,55227.5150948448,452483.58272168,119068.952904419,90905.2918058465,25837.767010496,656518.310654175,109203.101793451,16030.1707292013
FT4597,1156.35475736893,1156.35465601559,1156.35485872226,156.948584372654,156.352480691913,157.544688053395,2,0,1,1,1,23006.7770523393,194780.331525879,83658.7218569846,24866.744138044,6359.95086581624,331286.22026217,14128.5327982143,9399.20524809889
FT4598,1167.37298994035,1167.37262101053,1167.37326519814,254.705179879302,253.186783424361,259.288844747129,4,0,0,4,1,10769.5029069394,45341.5432946624,257117.592717051,420134.358789637,663447.055319189,322033.575068979,759878.148517844,941406.157652004
FT4599,1170.3978819023,1170.39757567992,1170.39818812467,153.879323082829,153.08293052138,154.675715644278,2,1,0,1,1,278796.317675424,66514.6751427396,44685.2459742422,25640.0011017598,0,144993.361568945,7619.34621799749,0
FT4600,1172.37738157368,1172.37693900131,1172.37782414604,153.879323082829,153.08293052138,154.675715644278,2,1,0,1,1,239224.205170679,34683.8225287067,28040.2321014201,0,0,355810.677654216,14227.4999935727,0
FT4601,1178.88240560705,1178.88179329761,1178.88290595801,48.1975897312506,46.909710284462,50.743990155536,5,0,0,5,1,2724.83263056815,37117.1965222148,87918.9896583265,229840.685467212,349718.226240784,229640.234503516,293630.04543125,310644.558392904
FT4602,1179.21693370174,1179.21644975697,1179.21722972469,48.2198705684753,47.4639344076242,49.5519855457926,5,0,0,5,1,3942.02593309083,47766.4798109714,98844.6085496291,169353.956034044,258716.814273515,171475.853024414,272991.755686719,231468.963135091
FT4603,1179.37243971074,1179.3723541549,1179.37259631746,546.627073734653,545.149429593365,548.698321617334,6,0,0,6,1,12842.3292747065,71678.5766299785,1193506.02995862,2141535.84369582,4279362.20757531,1706840.14149135,5052576.43171849,7429174.69339258
FT4604,1179.55119354487,1179.55034408698,1179.55162792387,47.4639344076242,46.909710284462,48.1975897312506,3,0,0,3,1,3106.12861454926,34353.9496161033,50608.5216402291,98334.0574133674,151482.283132487,100215.383695802,117239.134318359,140112.707642125
FT4605,1180.37590467431,1180.37577285152,1180.37606898866,546.627073734653,545.149429593365,547.597054211197,6,0,0,6,1,2209.88615493918,26336.1036457346,486990.170075683,964224.120064282,1910815.49601416,613119.79341211,2362295.323036,3300313.58112044
FT4606,1181.37972264964,1181.3794661872,1181.37999995592,546.406419777743,545.149429593365,546.680088582968,3,0,0,3,1,0,0,73105.4771233298,102960.858993444,188301.861965047,75058.5566286379,283828.481729553,490310.818904784
FT4607,1181.35132883239,1181.35086454122,1181.35179312357,152.931968760659,152.781006999939,153.08293052138,2,1,0,1,1,903367.199419503,8477.81309706297,3917.45100611761,0,8382.91620118095,610385.649594629,0,0
FT4608,1182.35464946238,1182.35414515017,1182.35515377459,152.931968760659,152.781006999939,153.08293052138,2,1,0,1,1,404067.08780692,0,0,0,0,249286.392506385,4967.53274758037,0
FT4609,1183.53457132237,1183.53457132237,1183.53457132237,3133.58875890455,3133.58875890455,3133.58875890455,1,1,0,0,1,796052.4454668,0,0,0,0,0,0,0
FT4610,1184.53786965536,1184.53786965536,1184.53786965536,3133.58875890455,3133.58875890455,3133.58875890455,1,1,0,0,1,541670.280104417,0,0,0,0,0,0,0
FT4611,1184.6617324806,1184.6617324806,1184.6617324806,2410.41575312313,2410.41575312313,2410.41575312313,1,1,0,0,1,373908.708245191,0,0,0,0,0,0,6048.58969437753
FT4612,1186.39238016251,1186.39238016251,1186.39238016251,158.622884705438,158.622884705438,158.622884705438,1,1,0,0,1,288341.725542259,0,0,0,0,38848.2433831204,0,15075.0903079036
FT4613,1187.35345996772,1187.35345996772,1187.35345996772,150.988934695555,150.988934695555,150.988934695555,1,1,0,0,1,1154610.68309735,28450.0471467237,92821.5048984684,111110.124836517,27612.324078488,196468.547852193,176673.5736413,95696.9829475471
FT4614,1188.35677647888,1188.35677647888,1188.35677647888,150.988934695555,150.988934695555,150.988934695555,1,1,0,0,1,505214.418632813,0,14104.1939609347,7188.3634634783,3921.6426697332,64092.4237226995,59901.4705849537,21895.4099946835
FT4615,1189.3506821507,1189.3506821507,1189.3506821507,150.988934695555,150.988934695555,150.988934695555,1,1,0,0,1,315519.963630301,4735.11029423808,14218.4697312516,16230.4467861429,0,40511.322812929,38300.3946170227,6582.90243557129
FT4616,1197.38247911016,1197.38202079618,1197.38293742414,152.931968760659,152.781006999939,153.08293052138,2,1,0,1,1,563437.480474574,84405.5384367397,53166.2968860374,83895.9871187455,41456.9313059114,269489.272307757,148127.374171598,92950.3106182776
FT4617,1198.38535592635,1198.38535592635,1198.38535592635,153.08293052138,153.08293052138,153.08293052138,1,1,0,0,1,245862.748837143,11590.2602636927,10179.5275036291,16682.5313515535,6871.2066219363,131205.930170024,47987.2095402718,32486.6930932351
